1,0.494716920436
2,0.588833474893
3,0.6653221987
4,0.73162098169
5,0.78922653601
6,0.843381173533
7,0.891834956584
8,0.937210135456
9,0.979325091072
10,1.02231346778
11,1.07130372412
12,1.11945071013
13,1.16931795325
14,1.21275028159
15,1.25094047132
16,1.29061105414
17,1.33056330568
18,1.37111424757
19,1.41169571338
20,1.45047727957
21,1.48335091396
22,1.51494334519
23,1.55191438111
24,1.59002894235
25,1.62265404077
26,1.64395923424
27,1.67183629449
28,1.69965611321
29,1.72983898271
30,1.75634512705
31,1.78119148389
32,1.80376752708
33,1.83340649759
34,1.85734559111
35,1.8827800599
36,1.9091728924
37,1.93368297119
38,1.96400909001
39,1.98980543922
40,2.02219225243
41,2.05275167203
42,2.0662120933
43,2.08589538284
44,2.10121355011
45,2.12183860118
46,2.15473132738
47,2.17651014454
48,2.19323965218
49,2.21551747884
50,2.23112237602
51,2.24708328533
52,2.25971835246
53,2.28264935608
54,2.31529434153
55,2.34105596838
56,2.35601284273
57,2.37301264827
58,2.38974994084
59,2.40998937338
60,2.43036161741
61,2.45764140853
62,2.48716912997
63,2.51301045262
64,2.53397627593
65,2.55010629638
66,2.56999811566
67,2.59457347071
68,2.61940454881
69,2.64088975993
70,2.64723671656
71,2.66086668514
72,2.68092869158
73,2.70174478776
74,2.73134585334
75,2.75280011626
76,2.76502275522
77,2.78188152856
78,2.8050902075
79,2.83112121273
80,2.85001265828
81,2.8635538634
82,2.89017009658
83,2.90685360208
84,2.9271644134
85,2.94865648449
86,2.95683758104
87,2.97437722566
88,2.99207107575
89,3.00969745303
90,3.02335320084
91,3.02006634256
92,3.03914645558
93,3.0528285529
94,3.04720972132
95,3.0507228623
96,3.05935864462
97,3.07713236262
98,3.11140407641
99,3.1335989885
100,3.13717458683
101,3.15079872
102,3.15022971748
103,3.16115765462
104,3.17376061033
105,3.18581780861
106,3.20381983136
107,3.21959187255
108,3.23800264479
109,3.26292720714
110,3.27671926061
111,3.29122117573
112,3.30627839126
113,3.32547551434
114,3.35028286628
115,3.36555375701
116,3.38662402278
117,3.40121701842
118,3.41034867543
119,3.43331690655
120,3.44805827576
121,3.46394408028
122,3.47283838791
123,3.48893086669
124,3.50169716745
125,3.53263599905
126,3.55240449263
127,3.5677252211
128,3.52286963564
129,3.52184536422
130,3.5385237746
131,3.5582962147
132,3.57834044097
133,3.59150484251
134,3.60419814275
135,3.59655989477
136,3.60964468005
137,3.62138123553
138,3.63124059156
139,3.64029493395
140,3.65230182676
141,3.66045753816
142,3.66870619013
143,3.6593717755
144,3.67052464153
145,3.67813522117
146,3.69076665469
147,3.70815049366
148,3.72358253934
149,3.74308029868
150,3.75623525395
151,3.77518129823
152,3.79545292306
153,3.81011973201
154,3.82539501396
155,3.83571623855
156,3.88707305822
157,3.90669803667
158,3.92154643699
159,3.9363156559
160,3.95038260112
161,3.97821380357
162,4.00168682055
163,4.01564131078
164,4.03206095345
165,4.04486746875
166,4.03588421193
167,4.00071341467
168,4.011139146
169,4.02024136821
170,4.02721724507
171,4.03693220924
172,4.02516254368
173,4.02188879145
174,4.0297946002
175,4.03793466233
176,4.04613686596
177,4.05772861174
178,4.06963530375
179,4.07876653566
180,4.08567804825
181,4.09641149242
182,4.10444421009
183,4.1240038602
184,4.14390313358
185,4.18842434535
186,4.20543789528
187,4.21508483117
188,4.22495310702
189,4.23597375888
190,4.2491760421
191,4.25674832998
192,4.22026419271
193,4.21652276758
194,4.22766797527
195,4.23973248531
196,4.25150680044
197,4.26084340721
198,4.27443838047
199,4.28531168866
200,4.30138304273
201,4.31383245978
202,4.32803919824
203,4.34339177717
204,4.35913323601
205,4.36808380126
206,4.38102063389
207,4.38772810836
208,4.45139651742
209,4.48524637137
210,4.4905234508
211,4.50068233521
212,4.51114375538
213,4.52778716748
214,4.53638058104
215,4.54552228164
216,4.56004744162
217,4.58883251873
218,4.60751385614
219,4.61796533348
220,4.62992082493
221,4.64240041115
222,4.65157885886
223,4.66311059754
224,4.6768214657
225,4.69032932463
226,4.69747358139
227,4.66930978243
228,4.66863651882
229,4.6794509062
230,4.69164436185
231,4.69786631965
232,4.70613641261
233,4.71463516577
234,4.72288561786
235,4.73327980739
236,4.75284793356
237,4.75955707718
238,4.75465054648
239,4.76646551597
240,4.77832998638
241,4.78815294311
242,4.8006106829
243,4.80783175814
244,4.81564842612
245,4.82760799632
246,4.83316571791
247,4.84079035968
248,4.85290760558
249,4.87569034436
250,4.95782446646
251,4.97303364358
252,4.97943732587
253,4.98762825528
254,4.99206621043
255,5.00246792387
256,5.01427544002
257,5.02860013391
258,5.0383116758
259,5.05366832623
260,5.06854296958
261,5.08006558425
262,5.08722904232
263,5.12025517622
264,5.13186359047
265,5.14132826645
266,5.15060893059
267,5.16044386208
268,5.17210220813
269,5.18470962112
270,5.1936203628
271,5.20459834171
272,5.21386426377
273,5.22527733674
274,5.23325753748
275,5.24768937195
276,5.25620669056
277,5.26472021725
278,5.26842151587
279,5.27506632447
280,5.27971102062
281,5.29007223327
282,5.30404445108
283,5.31942201654
284,5.3274018879
285,5.33252458713
286,5.33980666483
287,5.35249313393
288,5.36551825402
289,5.37761658299
290,5.38949535274
291,5.4056167732
292,5.41117528921
293,5.41544304671
294,5.41387868803
295,5.42425410189
296,5.43529974226
297,5.44920045226
298,5.46179520932
299,5.47590944902
300,5.48630489848
301,5.49141999401
302,5.5056742173
303,5.51855988276
304,5.52104705085
305,5.52491220494
306,5.53211041462
307,5.5482902527
308,5.56263711101
309,5.57091152068
310,5.57585310624
311,5.59285458297
312,5.60174999619
313,5.61614451826
314,5.62718355422
315,5.63248838927
316,5.64025990311
317,5.64337627733
318,5.65598102288
319,5.66417255588
320,5.6714110012
321,5.68563992819
322,5.69443811051
323,5.70744256596
324,5.71504320347
325,5.72032679146
326,5.72697095767
327,5.73696177926
328,5.74966615488
329,5.75545269268
330,5.76356410936
331,5.7733619468
332,5.78541629087
333,5.83513915967
334,5.85774887667
335,5.8724236493
336,5.88152673483
337,5.8855974631
338,5.89061605148
339,5.89737331132
340,5.90668217973
341,5.91329828999
342,5.92327058439
343,5.93093379454
344,5.94159322636
345,5.95590635375
346,5.96970687377
347,5.97544605683
348,5.98063237329
349,5.98772413117
350,5.99106698316
351,5.99859074647
352,6.00539913609
353,6.01328025144
354,6.01798476994
355,6.02659617632
356,6.0291691273
357,5.91145031838
358,5.90925663943
359,5.92413222592
360,5.94335504272
361,5.95240248295
362,5.95429758207
363,5.95469554253
364,5.96189470451
365,5.9698296788
366,5.97562808695
367,5.97973896316
368,5.98544271753
369,5.99585171218
370,6.00279380179
371,6.0084903307
372,6.01568820559
373,6.01950203222
374,6.02426230842
375,6.03943408375
376,6.04651047749
377,6.04939712573
378,6.05710073652
379,6.06025811266
380,6.06567686931
381,6.07560890414
382,6.08102440368
383,6.08554323811
384,6.07955919181
385,6.07293741318
386,6.07718529161
387,6.08155048849
388,6.09124309517
389,6.10604441284
390,6.12040515004
391,6.13468827914
392,6.14330479192
393,6.15342788739
394,6.15805277752
395,6.16189690475
396,6.17973183654
397,6.19105650964
398,6.19194322698
399,6.19933302773
400,6.20933677555
401,6.21164964226
402,6.22023467829
403,6.22933640718
404,6.2379746559
405,6.24757255129
406,6.25377957264
407,6.27205810012
408,6.27613634182
409,6.27874678784
410,6.284885172
411,6.29726093389
412,6.30970814556
413,6.31982657163
414,6.33970149831
415,6.35249233125
416,6.38402250481
417,6.42208518533
418,6.43391034537
419,6.44352775498
420,6.44882054778
421,6.45314470276
422,6.45846621861
423,6.46190599116
424,6.46517367825
425,6.47464578405
426,6.47730211685
427,6.4827000774
428,6.49271109623
429,6.49833295185
430,6.51660447013
431,6.52685730181
432,6.53832623828
433,6.55088266134
434,6.55368917297
435,6.55531644959
436,6.56207856886
437,6.57353371603
438,6.58052301052
439,6.58777848027
440,6.59239023488
441,6.60622062371
442,6.60878292628
443,6.6119039044
444,6.61817545522
445,6.63296355158
446,6.63755775618
447,6.64528462441
448,6.65067229576
449,6.65498863579
450,6.66089665389
451,6.66848076861
452,6.67721489699
453,6.68715106228
454,6.65192036036
455,6.62149582607
456,6.63180645668
457,6.64357668312
458,6.65394093464
459,6.65786419706
460,6.66044851121
461,6.66471910834
462,6.67183020675
463,6.67997499906
464,6.69577087452
465,6.70228766927
466,6.70857786211
467,6.71362221904
468,6.72168701341
469,6.73302365868
470,6.74252340679
471,6.74649277231
472,6.75557566473
473,6.76253178051
474,6.76416428536
475,6.76855112427
476,6.77459849271
477,6.7813242361
478,6.78484797363
479,6.78898899512
480,6.8002010446
481,6.80875452815
482,6.82085365352
483,6.82632102565
484,6.82739182434
485,6.83232746567
486,6.83549592512
487,6.84021293458
488,6.8428692352
489,6.85160550331
490,6.86091961426
491,6.87369240014
492,6.87701015822
493,6.88540018089
494,6.89064663068
495,6.89215430445
496,6.89788622685
497,6.90787117321
498,6.91596723215
499,6.9184907989
500,6.8754499855
501,6.89143834616
502,6.89800882787
503,6.91004370657
504,6.91357330455
505,6.92089931187
506,6.9263769618
507,6.93157423366
508,6.93945361012
509,6.94322985361
510,6.94781539153
511,6.95111332816
512,6.95339100691
513,6.96034008543
514,6.96597704106
515,6.97551042707
516,6.98587390769
517,6.99294241411
518,7.00459742576
519,7.01142496037
520,7.0198948776
521,7.02290177099
522,7.03020516718
523,7.04300306887
524,7.05022732609
525,7.05592533179
526,7.05796033383
527,7.0624870828
528,7.07041249072
529,7.07389158244
530,7.07880765593
531,7.08959402776
532,7.09477250941
533,7.09897818028
534,7.10329544375
535,7.11149650195
536,7.11796893898
537,7.12650803363
538,7.13102573814
539,7.13224673937
540,7.13533315912
541,7.13889441268
542,7.14811081356
543,7.15421479189
544,7.15505140384
545,7.16536208081
546,7.17467004098
547,7.1786478795
548,7.18771470611
549,7.18937662444
550,7.19550477371
551,7.20793458548
552,7.21567073701
553,7.22818260436
554,7.23454998616
555,7.09494861988
556,6.9544863392
557,6.96694233496
558,6.97250642439
559,6.97716475889
560,6.98439722177
561,6.99529569044
562,7.00277821504
563,7.0130458944
564,7.02254410228
565,7.02809965784
566,7.03354954389
567,7.03967260243
568,7.04731042458
569,7.05003624609
570,7.05447553674
571,7.05779803568
572,7.06190903817
573,7.06262588405
574,7.06524963367
575,7.06619285193
576,7.06696838695
577,7.07015539251
578,7.07651587088
579,7.08591278268
580,7.09862826314
581,7.10645558761
582,7.12375476535
583,7.13237024678
584,7.13727321857
585,7.13727321857
586,7.1384679617
587,7.13957736604
588,7.15027885093
589,7.15502281267
590,7.1599365071
591,7.16998941715
592,7.18395009103
593,7.18649264651
594,7.18803662225
595,7.19060531998
596,7.19450271689
597,7.20293246809
598,7.20954285606
599,7.21615971591
600,7.22802180841
601,7.23083798865
602,7.23263077267
603,7.23687529007
604,7.24406081661
605,7.24776193429
606,7.25107090423
607,7.26774317649
608,7.28456872391
609,7.29060217672
610,7.29378686539
611,7.29490539686
612,7.29583910368
613,7.29813522086
614,7.30918125944
615,7.31723319932
616,7.32262569245
617,7.32403207123
618,7.32514147556
619,7.32808566399
620,7.33011310688
621,7.33698158687
622,7.34217173722
623,7.34420535614
624,7.33522991466
625,7.24400878091
626,7.2472305873
627,7.24937059836
628,7.25468277498
629,7.26427025951
630,7.26813217912
631,7.28145658442
632,7.29076692542
633,7.29458412892
634,7.30104900186
635,7.31175261066
636,7.3208111314
637,7.33909969321
638,7.34584180438
639,7.34922282794
640,7.35563965476
641,7.3584476838
642,7.36356775058
643,7.36809125398
644,7.37302453694
645,7.38063663087
646,7.39021813321
647,7.39689120603
648,7.40873270612
649,7.41724412429
650,7.42538610248
651,7.43048995844
652,7.43452583288
653,7.437027603
654,7.44111068065
655,7.44701501548
656,7.44888347587
657,7.44925716794
658,7.44963086002
659,7.46308377482
660,7.46622278827
661,7.4684361952
662,7.47491544091
663,7.48414062032
664,7.48871745853
665,7.49451951973
666,7.49766614823
667,7.50046267906
668,7.50253235826
669,7.50287730479
670,7.50337556089
671,7.51306324491
672,7.53137522251
673,7.53456166355
674,7.53940040975
675,7.54450090218
676,7.55117911362
677,7.55982460628
678,7.56285685057
679,7.57553035046
680,7.58843436224
681,7.59764210766
682,7.60305258276
683,7.60563859475
684,7.61671589562
685,7.61821066393
686,7.62269496887
687,7.62677480708
688,7.63229395161
689,7.63768158315
690,7.64414174769
691,7.65294502712
692,7.65855768801
693,7.66188794388
694,7.66316289332
695,7.66899009171
696,7.67848187048
697,7.68159597113
698,7.68296617541
699,7.68876406462
700,7.69915929895
701,7.70454720818
702,7.70880486278
703,7.72161732363
704,7.72936438474
705,7.73315113113
706,7.73602568557
707,7.74191852218
708,7.7439364594
709,7.74701141135
710,7.74893325632
711,7.74934092041
712,7.75223986501
713,7.75223986501
714,7.3374025218
715,7.24590836153
716,7.24590836153
717,7.24790436951
718,7.25193267654
719,7.25848303393
720,7.26969450455
721,7.27431383731
722,7.2763098453
723,7.27876208368
724,7.28707640741
725,7.30288569792
726,7.30421636991
727,7.30601277709
728,7.30960559147
729,7.31429621023
730,7.32199509817
731,7.32655740213
732,7.32947174152
733,7.3334226632
734,7.3349725047
735,7.34036172625
736,7.34185873224
737,7.34425394182
738,7.349921039
739,7.35922498014
740,7.3640652995
741,7.36685971068
742,7.37288100143
743,7.38257978568
744,7.38507479566
745,7.39053357507
746,7.3916223067
747,7.39581392346
748,7.39701152825
749,7.4036648882
750,7.41096695074
751,7.41556070441
752,7.42325120576
753,7.42591254974
754,7.4306031685
755,7.43609219046
756,7.44342600767
757,7.45919317464
758,7.46442340682
759,7.47351950034
760,7.47737844911
761,7.47804378511
762,7.48209450719
763,7.48638894861
764,7.49455443582
765,7.49564316745
766,7.49564316745
767,7.49697383944
768,7.5014981242
769,7.50781881615
770,7.50881682014
771,7.52053623845
772,7.52585109892
773,7.53330286206
774,7.54272039064
775,7.54825477642
776,7.55931145095
777,7.5653660085
778,7.56814616248
779,7.57134236747
780,7.57543202365
781,7.58644031011
782,7.58798267992
783,7.5897790871
784,7.592033402
785,7.59309011211
786,7.59417884374
787,7.60054273932
788,7.61191350429
789,7.61760212704
790,7.61760212704
791,7.61814649286
792,7.62144293028
793,7.62260726827
794,7.62581513825
795,7.62581513825
796,7.62651961166
797,7.62806945315
798,7.63804949307
799,7.64852378259
800,7.65280094255
801,7.65443403999
802,7.65763974978
803,7.65830508578
804,7.65830508578
805,7.66200357116
806,7.66884585807
807,7.67131969827
808,7.67594680768
809,7.68036524354
810,7.68753082071
811,7.69724290914
812,7.70176537681
813,7.7069064316
814,7.71343882136
815,7.71523522855
816,7.72262045809
817,7.72877956844
818,7.73722695937
819,7.74546049231
820,7.75092267718
821,7.75770910433
822,7.76180092069
823,7.76951099075
824,7.77712433549
825,7.78219989865
826,7.78701170361
827,7.79165717457
828,7.79707491053
829,7.79907091851
830,7.8005679245
831,7.8026330583
832,7.8055536241
833,8.21832668099
834,8.33075297513
835,8.33275297513
836,8.33913392751
837,8.33960451575
838,8.34054569222
839,8.34321235888
840,8.34387902555
841,8.34614569222
842,8.34881235888
843,8.35295521603
844,8.35856473984
845,8.36903936847
846,8.3793035396
847,8.38858711485
848,8.39737499363
849,8.40173863
850,8.40173863
851,8.40596720143
852,8.42496402682
853,8.42736402682
854,8.44370688397
855,8.45079483915
856,8.46585705797
857,8.47730328495
858,8.48430328495
859,8.49034530176
860,8.49482933537
861,8.49989600204
862,8.50269600204
863,8.5069626687
864,8.5069626687
865,8.51787175961
866,8.53105357779
867,8.53681548256
868,8.55091072065
869,8.55309253883
870,8.55309253883
871,8.55537825312
872,8.56378806553
873,8.57891533826
874,8.58398592649
875,8.5941695272
876,8.60689679993
877,8.6095634666
878,8.61699353196
879,8.64044189797
880,8.65201089891
881,8.6551742976
882,8.66006318649
883,8.66345712588
884,8.67322790935
885,8.68477076649
886,8.69046773619
887,8.69477076649
888,8.70789197861
889,8.71409982175
890,8.71457040998
891,8.7238849843
892,8.73715511417
893,8.7439932094
894,8.74721449792
895,8.75095475766
896,8.75282488753
897,8.75808895679
898,8.75942229013
899,8.76261801205
900,8.77055526696
901,8.77473304473
902,8.77753304473
903,8.78316479076
904,8.79337431457
905,8.80137431457
906,8.80137431457
907,8.80364490281
908,8.81331941261
909,8.81967496817
910,8.82376385706
911,8.82509719039
912,8.82589719039
913,8.82669719039
914,8.84025909515
915,8.85155657414
916,8.85422324081
917,8.86607778627
918,8.86607778627
919,8.86753233172
920,8.86898687718
921,8.87212413208
922,8.87744626093
923,8.8780176895
924,8.88785318734
925,8.89309128257
926,8.89630744419
927,8.89943471692
928,8.90857757406
929,8.91517497666
930,8.91517497666
931,8.91677497666
932,8.91810830999
933,8.91883558272
934,8.91956285545
935,8.92029012817
936,8.9220174009
937,8.92888753077
938,8.93773133011
939,8.94778847296
940,8.94950275868
941,8.95407418725
942,8.95620752058
943,8.96234085392
944,8.96460752058
945,8.96820752058
946,8.97234085392
947,8.97874085392
948,8.98219539937
949,8.98619539937
950,8.99545254223
951,9.00286841524
952,9.00807625838
953,9.01054684662
954,9.02159446567
955,9.02513732281
956,9.02902303709
957,9.03080081487
958,9.03435637043
959,9.03702303709
960,9.04007758255
961,9.04956647144
962,9.05945536033
963,9.06501091588
964,9.07167758255
965,9.07647758255
966,9.08093818861
967,9.08307722604
968,9.08467722604
969,9.09294389271
970,9.0962327816
971,9.09792167049
972,9.10992167049
973,9.11765500382
974,9.12565500382
975,9.12885500382
976,9.13685500382
977,9.13785500382
978,9.14565500382
979,9.15050695187
980,9.1552342246
981,9.1560342246
982,9.1598459893
983,9.1658459893
984,9.16740154486
985,9.1710379085
986,9.17449245395
987,9.17942578728
988,9.18653083779
989,9.19470659537
990,9.19973516679
991,9.20316373822
992,9.21461828368
993,9.21621828368
994,9.21621828368
995,9.21621828368
996,9.21888495034
997,9.22148495034
998,9.22946272812
999,9.24739835328
1000,9.33282934386
1001,9.33782934386
1002,9.35312245353
1003,9.35971516637
1004,9.36224041889
1005,9.36484737077
1006,9.36558266488
1007,9.36558266488
1008,9.36836044266
1009,9.36836044266
1010,9.37252710933
1011,9.37252710933
1012,9.379193776
1013,9.38066436423
1014,9.39983715835
1015,9.40139965835
1016,9.40452465835
1017,9.40591354724
1018,9.40869132501
1019,9.40982768865
1020,9.41096405229
1021,9.42524976657
1022,9.43055279688
1023,9.43418916051
1024,9.43771188779
1025,9.44048966556
1026,9.44048966556
1027,9.44465633223
1028,9.4469290595
1029,9.45431542314
1030,9.45556542314
1031,9.45973208981
1032,9.46200481708
1033,9.47257029327
1034,9.47257029327
1035,9.47890199262
1036,9.48392300102
1037,9.49344681054
1038,9.49766308038
1039,9.50155196927
1040,9.50833768356
1041,9.51502535863
1042,9.51649594686
1043,9.51649594686
1044,9.52413483575
1045,9.52666008828
1046,9.53092145191
1047,9.53508811858
1048,9.53717145191
1049,9.54133811858
1050,9.54133811858
1051,9.54499973474
1052,9.54499973474
1053,9.54886878236
1054,9.55150767125
1055,9.55727156014
1056,9.56345842883
1057,9.56459479246
1058,9.5657311561
1059,9.56811751974
1060,9.57026037688
1061,9.5743278372
1062,9.57798945336
1063,9.57798945336
1064,9.58007278669
1065,9.58007278669
1066,9.58764854427
1067,9.58764854427
1068,9.59014854427
1069,9.59014854427
1070,9.59014854427
1071,9.59491044903
1072,9.59580330617
1073,9.60393822681
1074,9.60706322681
1075,9.60988185426
1076,9.61135244249
1077,9.61457213946
1078,9.6194585031
1079,9.62487516976
1080,9.6269585031
1081,9.63062011926
1082,9.64137498939
1083,9.64759872889
1084,9.6566661892
1085,9.6566661892
1086,9.6566661892
1087,9.66083285587
1088,9.67333285587
1089,9.67333285587
1090,9.67897011077
1091,9.68790597678
1092,9.69552239835
1093,9.70232795391
1094,9.70232795391
1095,9.70918401451
1096,9.70918401451
1097,9.7105729034
1098,9.71473957007
1099,9.72045926704
1100,9.72367896401
1101,9.72576229734
1102,9.73270674179
1103,9.7456928529
1104,9.75185446906
1105,9.75810446906
1106,9.75810446906
1107,9.76864368475
1108,9.77281035141
1109,9.77370320856
1110,9.77638177998
1111,9.78193733554
1112,9.78471511332
1113,9.78721511332
1114,9.79004249427
1115,9.80608416094
1116,9.81126273237
1117,9.82465558951
1118,9.82465558951
1119,9.82465558951
1120,9.82812781173
1121,9.83725479586
1122,9.84640252313
1123,9.8499441898
1124,9.85411085646
1125,9.85549974535
1126,9.85674974535
1127,9.86174974535
1128,9.86174974535
1129,9.86500604787
1130,9.87824134199
1131,9.87824134199
1132,9.87824134199
1133,9.87937770563
1134,9.8841599026
1135,9.8913474026
1136,9.89745851371
1137,9.90598124098
1138,9.91242063492
1139,9.91355699856
1140,9.91828813344
1141,9.92488084628
1142,9.93827370342
1143,9.94992403022
1144,9.955201808
1145,9.95593710211
1146,9.96574102368
1147,9.96574102368
1148,9.96574102368
1149,9.96782435702
1150,9.97615769035
1151,9.98865769035
1152,9.98979405399
1153,9.99093041762
1154,9.9968331954
1155,9.99978458429
1156,10.0044720843
1157,10.0044720843
1158,10.0162776398
1159,10.0225276398
1160,10.0256526398
1161,10.0270415287
1162,10.0284304176
1163,10.0309304176
1164,10.0334304176
1165,10.0334304176
1166,10.0369720843
1167,10.038013751
1168,10.038013751
1169,10.038013751
1170,10.0421804176
1171,10.050513751
1172,10.0613470843
1173,10.062388751
1174,10.0657031449
1175,10.0657031449
1176,10.0657031449
1177,10.0657031449
1178,10.0695225893
1179,10.0772309227
1180,10.0813975893
1181,10.0813975893
1182,10.0813975893
1183,10.0813975893
1184,10.0813975893
1185,10.0838975893
1186,10.0863975893
1187,10.0895225893
1188,10.0967284717
1189,10.0992284717
1190,10.1048657266
1191,10.1069899096
1192,10.1083787985
1193,10.1095151621
1194,10.1137765258
1195,10.1169015258
1196,10.1169015258
1197,10.1294015258
1198,10.1314848591
1199,10.1339848591
1200,10.137873748
1201,10.140373748
1202,10.140373748
1203,10.1462179038
1204,10.1474679038
1205,10.1564559991
1206,10.1564559991
1207,10.1726993146
1208,10.1734346087
1209,10.1773895998
1210,10.1811329153
1211,10.1822692789
1212,10.1822692789
1213,10.1822692789
1214,10.1876264218
1215,10.1876264218
1216,10.1887627854
1217,10.1919824824
1218,10.1982324824
1219,10.2003158157
1220,10.2023991491
1221,10.2076570856
1222,10.2076570856
1223,10.2104348633
1224,10.2118237522
1225,10.2188526812
1226,10.2272834967
1227,10.2313419383
1228,10.2324783019
1229,10.2366449686
1230,10.2408116353
1231,10.2430843625
1232,10.2442207262
1233,10.2452623928
1234,10.2463040595
1235,10.2593248928
1236,10.2668397738
1237,10.2686254881
1238,10.2686254881
1239,10.2686254881
1240,10.2811254881
1241,10.2836254881
1242,10.2877921547
1243,10.3030699325
1244,10.3030699325
1245,10.3030699325
1246,10.3058477103
1247,10.3058477103
1248,10.3134775804
1249,10.3463125937
1250,10.434200266
1251,10.4397558215
1252,10.4443854512
1253,10.446237303
1254,10.4517928586
1255,10.4517928586
1256,10.4517928586
1257,10.4517928586
1258,10.4517928586
1259,10.4545706363
1260,10.458737303
1261,10.4687120505
1262,10.4728787171
1263,10.4728787171
1264,10.4728787171
1265,10.4756564949
1266,10.4789898283
1267,10.4808416801
1268,10.4845453838
1269,10.4985004103
1270,10.5015307133
1271,10.5039116657
1272,10.5039116657
1273,10.5039116657
1274,10.5039116657
1275,10.5039116657
1276,10.5133343236
1277,10.518325411
1278,10.5220835809
1279,10.5220835809
1280,10.5220835809
1281,10.5276391365
1282,10.5276391365
1283,10.5294909883
1284,10.5313428402
1285,10.5350465439
1286,10.5350465439
1287,10.5350465439
1288,10.5350465439
1289,10.5401936027
1290,10.5477099426
1291,10.5477099426
1292,10.5493766092
1293,10.5528951277
1294,10.5603951277
1295,10.5622469796
1296,10.5640988315
1297,10.5640988315
1298,10.5704624678
1299,10.5732402456
1300,10.5865735789
1301,10.5865735789
1302,10.5893513567
1303,10.5893513567
1304,10.5922925332
1305,10.6006258665
1306,10.6061814221
1307,10.6117369776
1308,10.6159036443
1309,10.620665549
1310,10.6272131681
1311,10.6357099001
1312,10.637098789
1313,10.637098789
1314,10.637098789
1315,10.6408024927
1316,10.6486728631
1317,10.6516140396
1318,10.6516140396
1319,10.6516140396
1320,10.6658764112
1321,10.671486433
1322,10.6761160626
1323,10.6779679144
1324,10.6848108536
1325,10.6937037037
1326,10.7134006734
1327,10.7161784512
1328,10.718956229
1329,10.7226599327
1330,10.7296969697
1331,10.7355595167
1332,10.7427054862
1333,10.7464636562
1334,10.7557476728
1335,10.7629446425
1336,10.764459794
1337,10.771959794
1338,10.7768082789
1339,10.7818419489
1340,10.7995740316
1341,10.8068034689
1342,10.8084701355
1343,10.8140256911
1344,10.8140256911
1345,10.81541458
1346,10.8198337719
1347,10.825944883
1348,10.8274600345
1349,10.8345307416
1350,10.8400862971
1351,10.8400862971
1352,10.8434196305
1353,10.844934782
1354,10.847965085
1355,10.847965085
1356,10.8512984184
1357,10.8562058258
1358,10.8644465665
1359,10.8644465665
1360,10.8644465665
1361,10.8715894236
1362,10.8828223411
1363,10.886449792
1364,10.8879649436
1365,10.8950356506
1366,10.9117023173
1367,10.9117023173
1368,10.9117023173
1369,10.9147326203
1370,10.9147326203
1371,10.9176366607
1372,10.9205407011
1373,10.9205407011
1374,10.9205407011
1375,10.9252629234
1376,10.9422073678
1377,10.9488740345
1378,10.9570513963
1379,10.9590121806
1380,10.9662344029
1381,10.9695677362
1382,10.9862344029
1383,10.9862344029
1384,10.9905481283
1385,11.0025929463
1386,11.0059262796
1387,11.0059262796
1388,11.0059262796
1389,11.0092596129
1390,11.0172171293
1391,11.0195864103
1392,11.0229197437
1393,11.0247715955
1394,11.0321790029
1395,11.0423641881
1396,11.0479197437
1397,11.0479197437
1398,11.0479197437
1399,11.0509500467
1400,11.0606722689
1401,11.0606722689
1402,11.0751167134
1403,11.0766318649
1404,11.0814803497
1405,11.0870359053
1406,11.0870359053
1407,11.0870359053
1408,11.0870359053
1409,11.0870359053
1410,11.0870359053
1411,11.0870359053
1412,11.1037025719
1413,11.1130099312
1414,11.1169060351
1415,11.1224615907
1416,11.1243134425
1417,11.1294986277
1418,11.1324398042
1419,11.1357731375
1420,11.1524398042
1421,11.1566064709
1422,11.1589874233
1423,11.1613683756
1424,11.1613683756
1425,11.1710905979
1426,11.1710905979
1427,11.1766461534
1428,11.1766461534
1429,11.1766461534
1430,11.185232012
1431,11.1867471635
1432,11.1969323487
1433,11.2006360524
1434,11.2024879043
1435,11.2024879043
1436,11.2024879043
1437,11.2024879043
1438,11.206191608
1439,11.2080434598
1440,11.2080434598
1441,11.2098953117
1442,11.2168397561
1443,11.2210064228
1444,11.2293397561
1445,11.2293397561
1446,11.2351478369
1447,11.245248847
1448,11.2480266248
1449,11.2480266248
1450,11.2535821803
1451,11.2535821803
1452,11.2535821803
1453,11.2549710692
1454,11.2611218629
1455,11.2690583708
1456,11.2704472597
1457,11.2747609852
1458,11.2850551028
1459,11.2907195909
1460,11.3005888719
1461,11.3042925756
1462,11.3090544804
1463,11.3114354328
1464,11.3169909883
1465,11.3185061398
1466,11.3230768469
1467,11.3365899188
1468,11.3390854625
1469,11.3433783918
1470,11.3470820955
1471,11.3470820955
1472,11.3494630478
1473,11.3494630478
1474,11.3494630478
1475,11.3555236539
1476,11.3588569872
1477,11.3588569872
1478,11.3588569872
1479,11.3644125428
1480,11.3710955493
1481,11.3734648304
1482,11.3734648304
1483,11.3734648304
1484,11.3734648304
1485,11.3734648304
1486,11.3734648304
1487,11.3734648304
1488,11.3762426082
1489,11.37809446
1490,11.3799463119
1491,11.3827240896
1492,11.3855018674
1493,11.391057423
1494,11.391057423
1495,11.3938352007
1496,11.3993907563
1497,11.404255581
1498,11.4110811901
1499,11.4110811901
1500,11.4110811901
1501,11.4166367456
1502,11.4166367456
1503,11.4166367456
1504,11.4184885975
1505,11.4184885975
1506,11.4264515604
1507,11.4292293382
1508,11.4404493818
1509,11.4414297739
1510,11.4505711881
1511,11.4576418951
1512,11.4576418951
1513,11.4576418951
1514,11.4576418951
1515,11.4576418951
1516,11.4586222873
1517,11.4605830716
1518,11.4639164049
1519,11.4639164049
1520,11.4657682568
1521,11.4731756642
1522,11.4781667515
1523,11.4819249215
1524,11.4819249215
1525,11.4819249215
1526,11.4829053136
1527,11.484866098
1528,11.4990075121
1529,11.5087297343
1530,11.5101186232
1531,11.5115075121
1532,11.5130226636
1533,11.5145378151
1534,11.5145378151
1535,11.5145378151
1536,11.5200933707
1537,11.5200933707
1538,11.526457007
1539,11.526457007
1540,11.526457007
1541,11.526457007
1542,11.526457007
1543,11.526457007
1544,11.526457007
1545,11.5292347848
1546,11.5310866367
1547,11.5357162663
1548,11.5468273774
1549,11.5468273774
1550,11.5496596214
1551,11.5571759613
1552,11.5571759613
1553,11.5586911128
1554,11.5629840421
1555,11.5666877458
1556,11.5703914495
1557,11.5703914495
1558,11.5703914495
1559,11.5736321902
1560,11.5750210791
1561,11.576409968
1562,11.5777988569
1563,11.5855910647
1564,11.5910023201
1565,11.5955477747
1566,11.5970629262
1567,11.6000041027
1568,11.6055596582
1569,11.6255759981
1570,11.6332393968
1571,11.6342197889
1572,11.6342197889
1573,11.6397753445
1574,11.6397753445
1575,11.6416271963
1576,11.6453309
1577,11.6495637043
1578,11.6495637043
1579,11.6578970376
1580,11.6612303709
1581,11.6612303709
1582,11.6612303709
1583,11.6612303709
1584,11.6691007413
1585,11.6728589112
1586,11.6748196956
1587,11.6767804799
1588,11.6871290637
1589,11.6881094559
1590,11.6881094559
1591,11.6936650115
1592,11.699220567
1593,11.699220567
1594,11.7008872337
1595,11.7097761226
1596,11.7169983448
1597,11.7169983448
1598,11.7179787369
1599,11.7260669722
1600,11.7284362533
1601,11.7298251422
1602,11.7298251422
1603,11.73260292
1604,11.7377616501
1605,11.7377616501
1606,11.7466902215
1607,11.7504600628
1608,11.7528410152
1609,11.776650539
1610,11.776650539
1611,11.776650539
1612,11.776650539
1613,11.7781656905
1614,11.7848996973
1615,11.8030815154
1616,11.8030815154
1617,11.808637071
1618,11.8114148488
1619,11.8141926265
1620,11.8157077781
1621,11.8172229296
1622,11.8172229296
1623,11.8172229296
1624,11.8219848343
1625,11.8243657867
1626,11.8373287497
1627,11.8491613615
1628,11.8554384178
1629,11.8554384178
1630,11.8569535693
1631,11.8584687208
1632,11.8614990239
1633,11.8642768016
1634,11.8670545794
1635,11.8712212461
1636,11.872610135
1637,11.872610135
1638,11.8742768016
1639,11.8759434683
1640,11.8759434683
1641,11.8773323572
1642,11.8903879127
1643,11.8937212461
1644,11.8981656905
1645,11.8998323572
1646,11.9035360609
1647,11.9053879127
1648,11.9053879127
1649,11.9073486971
1650,11.9146927256
1651,11.9197263956
1652,11.925891973
1653,11.9278527573
1654,11.9292416462
1655,11.930630535
1656,11.930630535
1657,11.9316109272
1658,11.9335717115
1659,11.9384538664
1660,11.943083496
1661,11.943083496
1662,11.9597501627
1663,11.9597501627
1664,11.9642956172
1665,11.9714925869
1666,12.4911163777
1667,12.9241362033
1668,12.9241362033
1669,12.9241362033
1670,12.9241362033
1671,12.9241362033
1672,12.9310806477
1673,12.9333954626
1674,12.9426547218
1675,12.9482102774
1676,12.9482102774
1677,12.9482102774
1678,12.9521785313
1679,12.9521785313
1680,12.9521785313
1681,12.9521785313
1682,12.9561467853
1683,12.9561467853
1684,12.9561467853
1685,12.9561467853
1686,12.9584616001
1687,12.96582692
1688,12.9750861793
1689,12.9790544332
1690,12.9790544332
1691,12.9790544332
1692,12.9846099888
1693,12.9846099888
1694,12.9846099888
1695,12.9846099888
1696,12.9846099888
1697,12.9846099888
1698,12.9846099888
1699,12.9846099888
1700,12.993869248
1701,12.993869248
1702,13.0058641975
1703,13.0107042649
1704,13.0241422158
1705,13.0269199936
1706,13.0296977714
1707,13.0352533269
1708,13.0352533269
1709,13.0352533269
1710,13.0352533269
1711,13.0445125862
1712,13.0470378387
1713,13.0495630912
1714,13.0495630912
1715,13.0582050665
1716,13.0582050665
1717,13.0730198814
1718,13.077649511
1719,13.077649511
1720,13.0869087702
1721,13.0869087702
1722,13.0869087702
1723,13.0892235851
1724,13.0961680295
1725,13.0961680295
1726,13.0961680295
1727,13.1048100048
1728,13.1103655604
1729,13.1103655604
1730,13.1159211159
1731,13.1251803752
1732,13.1251803752
1733,13.1251803752
1734,13.1298100048
1735,13.1353655604
1736,13.1353655604
1737,13.1353655604
1738,13.1353655604
1739,13.1353655604
1740,13.1423100048
1741,13.1423100048
1742,13.1423100048
1743,13.1484828443
1744,13.1484828443
1745,13.1484828443
1746,13.1535754369
1747,13.1586680295
1748,13.164840869
1749,13.1698913741
1750,13.1698913741
1751,13.1698913741
1752,13.1698913741
1753,13.1800324675
1754,13.1800324675
1755,13.1873977874
1756,13.201497114
1757,13.2148248357
1758,13.2179112554
1759,13.2229617605
1760,13.2280122655
1761,13.2280122655
1762,13.230537518
1763,13.2330627706
1764,13.2330627706
1765,13.2384640051
1766,13.2554393138
1767,13.2609948693
1768,13.2649631233
1769,13.2649631233
1770,13.2649631233
1771,13.2649631233
1772,13.2766915184
1773,13.2884199134
1774,13.2884199134
1775,13.293049543
1776,13.293049543
1777,13.293049543
1778,13.293049543
1779,13.293049543
1780,13.2986050986
1781,13.3013828764
1782,13.3087902838
1783,13.3236050986
1784,13.3236050986
1785,13.3236050986
1786,13.3297779381
1787,13.3297779381
1788,13.3344075677
1789,13.3367223826
1790,13.3477352894
1791,13.3502605419
1792,13.3502605419
1793,13.3502605419
1794,13.3572049864
1795,13.3595198012
1796,13.3595198012
1797,13.3595198012
1798,13.3595198012
1799,13.3595198012
1800,13.3595198012
1801,13.3595198012
1802,13.3595198012
1803,13.3626062209
1804,13.3626062209
1805,13.3626062209
1806,13.3626062209
1807,13.3681617765
1808,13.3774210358
1809,13.3774210358
1810,13.3852914061
1811,13.3932178932
1812,13.4142616643
1813,13.4165764791
1814,13.4188912939
1815,13.4188912939
1816,13.4235209235
1817,13.4235209235
1818,13.4235209235
1819,13.4235209235
1820,13.4235209235
1821,13.4262987013
1822,13.4337061087
1823,13.4398789482
1824,13.4398789482
1825,13.4398789482
1826,13.4398789482
1827,13.442656726
1828,13.4454345038
1829,13.4454345038
1830,13.4509900593
1831,13.4509900593
1832,13.4509900593
1833,13.4509900593
1834,13.460670194
1835,13.4683862434
1836,13.4745590829
1837,13.4842813051
1838,13.5009479718
1839,13.5009479718
1840,13.5009479718
1841,13.5009479718
1842,13.5032627866
1843,13.5055776014
1844,13.5055776014
1845,13.5173059965
1846,13.5173059965
1847,13.5173059965
1848,13.5173059965
1849,13.5173059965
1850,13.5219356261
1851,13.5219356261
1852,13.5219356261
1853,13.5219356261
1854,13.5219356261
1855,13.5250220459
1856,13.5281084656
1857,13.5281084656
1858,13.5281084656
1859,13.5281084656
1860,13.535824515
1861,13.5435405644
1862,13.5435405644
1863,13.5435405644
1864,13.5504850088
1865,13.5504850088
1866,13.5504850088
1867,13.5504850088
1868,13.5555355139
1869,13.5555355139
1870,13.5555355139
1871,13.5601651435
1872,13.5601651435
1873,13.562690396
1874,13.5702661536
1875,13.577210598
1876,13.5802970178
1877,13.5895562771
1878,13.5966109508
1879,13.5966109508
1880,13.5966109508
1881,13.5966109508
1882,13.5966109508
1883,13.5966109508
1884,13.6027837903
1885,13.6120430495
1886,13.6259319384
1887,13.6259319384
1888,13.6259319384
1889,13.6259319384
1890,13.6259319384
1891,13.6377164502
1892,13.6402417027
1893,13.6464145422
1894,13.6464145422
1895,13.6464145422
1896,13.6464145422
1897,13.6607243066
1898,13.6607243066
1899,13.6607243066
1900,13.6607243066
1901,13.6632495591
1902,13.6657748116
1903,13.6657748116
1904,13.6719476511
1905,13.6719476511
1906,13.6812069104
1907,13.6812069104
1908,13.68583654
1909,13.6950957993
1910,13.6950957993
1911,13.7089846882
1912,13.7145402437
1913,13.7145402437
1914,13.7176266635
1915,13.7268859227
1916,13.7417007375
1917,13.7472562931
1918,13.7472562931
1919,13.7472562931
1920,13.7472562931
1921,13.7472562931
1922,13.7528118486
1923,13.7629529421
1924,13.7629529421
1925,13.7660393619
1926,13.7700076158
1927,13.7977853936
1928,13.7977853936
1929,13.8039582331
1930,13.8039582331
1931,13.8039582331
1932,13.8039582331
1933,13.8090087382
1934,13.8090087382
1935,13.8090087382
1936,13.8090087382
1937,13.8182679974
1938,13.8182679974
1939,13.8182679974
1940,13.8182679974
1941,13.8182679974
1942,13.8182679974
1943,13.8233185025
1944,13.8233185025
1945,13.8325777617
1946,13.8325777617
1947,13.8325777617
1948,13.8325777617
1949,13.8376282668
1950,13.8468875261
1951,13.8468875261
1952,13.8468875261
1953,13.8468875261
1954,13.8468875261
1955,13.8468875261
1956,13.8519380311
1957,13.8519380311
1958,13.8519380311
1959,13.8519380311
1960,13.8519380311
1961,13.8519380311
1962,13.8519380311
1963,13.8542528459
1964,13.8565676607
1965,13.8616181658
1966,13.8616181658
1967,13.8616181658
1968,13.8677910053
1969,13.8677910053
1970,13.8703162578
1971,13.8728415103
1972,13.8805575597
1973,13.8836439795
1974,13.8836439795
1975,13.8836439795
1976,13.8836439795
1977,13.8905884239
1978,13.8952180536
1979,13.9063291647
1980,13.9132736091
1981,13.9188291647
1982,13.9257736091
1983,13.9257736091
1984,13.9304032387
1985,13.9304032387
1986,13.9304032387
1987,13.9304032387
1988,13.9304032387
1989,13.9381192881
1990,13.9467612634
1991,13.9591069424
1992,13.9614217573
1993,13.9668229918
1994,13.9699094116
1995,13.9699094116
1996,13.9699094116
1997,13.9699094116
1998,13.9884279301
1999,13.9938291647
2000,13.9992303992
2001,13.9992303992
2002,14.0078723745
2003,14.0109587943
2004,14.0155884239
2005,14.0155884239
2006,14.0155884239
2007,14.0273729357
2008,14.0298981882
2009,14.0354537438
2010,14.0354537438
2011,14.0354537438
2012,14.0410092993
2013,14.0502685586
2014,14.0502685586
2015,14.0502685586
2016,14.0610710277
2017,14.0610710277
2018,14.0657006574
2019,14.070330287
2020,14.0749599166
2021,14.0800104217
2022,14.0800104217
2023,14.0800104217
2024,14.1077881995
2025,14.1077881995
2026,14.1077881995
2027,14.1077881995
2028,14.1077881995
2029,14.1239919032
2030,14.1270783229
2031,14.1672017797
2032,14.1743566619
2033,14.1861411736
2034,14.1861411736
2035,14.1954004329
2036,14.1981782107
2037,14.2094436428
2038,14.2395362354
2039,14.2487954946
2040,14.2534251243
2041,14.256511544
2042,14.2734868527
2043,14.2734868527
2044,14.2734868527
2045,14.2734868527
2046,14.2790424082
2047,14.2790424082
2048,14.2790424082
2049,14.2790424082
2050,14.2790424082
2051,14.2790424082
2052,14.2790424082
2053,14.2790424082
2054,14.2790424082
2055,14.2836720378
2056,14.2883016675
2057,14.293857223
2058,14.2984868527
2059,14.2984868527
2060,14.3035373577
2061,14.3075056117
2062,14.3075056117
2063,14.3100308642
2064,14.3125561167
2065,14.3195005612
2066,14.3195005612
2067,14.3256734007
2068,14.3256734007
2069,14.3303030303
2070,14.3303030303
2071,14.3358585859
2072,14.3559203143
2073,14.3582351291
2074,14.3582351291
2075,14.3607603816
2076,14.3663720539
2077,14.3663720539
2078,14.3663720539
2079,14.3663720539
2080,14.3663720539
2081,14.3663720539
2082,14.3663720539
2083,14.3663720539
2084,14.3781004489
2085,14.3781004489
2086,14.383150954
2087,14.3940636524
2088,14.3940636524
2089,14.399619208
2090,14.4051747635
2091,14.4051747635
2092,14.4051747635
2093,14.4051747635
2094,14.4144340228
2095,14.4144340228
2096,14.4144340228
2097,14.4144340228
2098,14.4144340228
2099,14.4144340228
2100,14.4215889049
2101,14.4241141574
2102,14.4241141574
2103,14.4333734167
2104,14.4420715087
2105,14.4492263909
2106,14.4492263909
2107,14.4553992304
2108,14.4646584897
2109,14.4646584897
2110,14.4924362674
2111,14.4924362674
2112,14.5016955267
2113,14.5016955267
2114,14.5016955267
2115,14.5016955267
2116,14.5016955267
2117,14.5016955267
2118,14.5016955267
2119,14.5078683662
2120,14.510183181
2121,14.5124979958
2122,14.5124979958
2123,14.5180535514
2124,14.5249979958
2125,14.5300485009
2126,14.5300485009
2127,14.5300485009
2128,14.5300485009
2129,14.5300485009
2130,14.5300485009
2131,14.5331349206
2132,14.5454805996
2133,14.5485670194
2134,14.5485670194
2135,14.553196649
2136,14.5879188713
2137,14.5879188713
2138,14.5904441238
2139,14.5999138207
2140,14.6054693763
2141,14.6054693763
2142,14.6054693763
2143,14.6100990059
2144,14.6100990059
2145,14.6140672599
2146,14.6171536797
2147,14.6171536797
2148,14.6171536797
2149,14.6171536797
2150,14.6245610871
2151,14.6323893699
2152,14.6393338143
2153,14.6448893699
2154,14.6518338143
2155,14.6518338143
2156,14.6518338143
2157,14.6587782588
2158,14.6587782588
2159,14.6618646785
2160,14.6618646785
2161,14.6618646785
2162,14.6618646785
2163,14.6618646785
2164,14.6618646785
2165,14.6618646785
2166,14.6618646785
2167,14.6618646785
2168,14.6711239378
2169,14.6711239378
2170,14.6812650313
2171,14.6837902838
2172,14.6994328203
2173,14.7137425846
2174,14.7160573994
2175,14.7160573994
2176,14.7160573994
2177,14.7160573994
2178,14.7160573994
2179,14.7160573994
2180,14.7160573994
2181,14.7211079044
2182,14.739626423
2183,14.7451819785
2184,14.7451819785
2185,14.7451819785
2186,14.7451819785
2187,14.7451819785
2188,14.7451819785
2189,14.7451819785
2190,14.7451819785
2191,14.7451819785
2192,14.7451819785
2193,14.7451819785
2194,14.7451819785
2195,14.7451819785
2196,14.7451819785
2197,14.7451819785
2198,14.7451819785
2199,14.747707231
2200,14.7502324836
2201,14.7502324836
2202,14.7527577361
2203,14.7552829886
2204,14.7552829886
2205,14.7678391053
2206,14.7703643579
2207,14.7703643579
2208,14.7703643579
2209,14.7765371974
2210,14.781166827
2211,14.7842532468
2212,14.7952100369
2213,14.7975248517
2214,14.7975248517
2215,14.8021544813
2216,14.8021544813
2217,14.8164642456
2218,14.8187790604
2219,14.8187790604
2220,14.849643258
2221,14.8542728876
2222,14.8612173321
2223,14.8643037518
2224,14.8643037518
2225,14.8698593074
2226,14.8698593074
2227,14.8698593074
2228,14.8698593074
2229,14.8814333814
2230,14.8837481962
2231,14.8893037518
2232,14.8893037518
2233,14.8893037518
2234,14.8893037518
2235,14.8893037518
2236,14.8893037518
2237,14.8893037518
2238,14.8893037518
2239,14.8923901716
2240,14.9024210358
2241,14.9024210358
2242,14.9024210358
2243,14.9024210358
2244,14.9024210358
2245,14.9024210358
2246,14.9024210358
2247,14.9024210358
2248,14.9070506654
2249,14.9070506654
2250,14.9163099246
2251,14.9163099246
2252,14.9163099246
2253,14.9163099246
2254,14.9209395543
2255,14.9209395543
2256,14.9285153118
2257,14.9310405644
2258,14.9310405644
2259,14.9310405644
2260,14.9310405644
2261,14.9310405644
2262,14.9310405644
2263,14.9310405644
2264,14.9310405644
2265,14.9310405644
2266,14.9310405644
2267,14.9372134039
2268,14.9372134039
2269,14.9411816578
2270,14.9411816578
2271,14.9411816578
2272,14.9411816578
2273,14.9411816578
2274,14.9504409171
2275,14.9532186949
2276,14.9660273369
2277,14.9660273369
2278,14.9660273369
2279,14.9685525894
2280,14.9710778419
2281,14.9710778419
2282,14.9710778419
2283,14.9710778419
2284,14.9803371012
2285,14.9843053551
2286,14.9898609107
2287,14.99912017
2288,15.0037497996
2289,15.0037497996
2290,15.0062750521
2291,15.0189854898
2292,15.0189854898
2293,15.0236151194
2294,15.0282447491
2295,15.0332952541
2296,15.0332952541
2297,15.0363816739
2298,15.0425545134
2299,15.0425545134
2300,15.0425545134
2301,15.0425545134
2302,15.0448693282
2303,15.047184143
2304,15.047184143
2305,15.047184143
2306,15.0499619208
2307,15.0552649511
2308,15.0608766234
2309,15.0693642777
2310,15.0763087221
2311,15.0818642777
2312,15.0818642777
2313,15.0818642777
2314,15.1003827962
2315,15.1029080487
2316,15.1146925605
2317,15.1146925605
2318,15.1146925605
2319,15.1146925605
2320,15.1146925605
2321,15.1202481161
2322,15.1202481161
2323,15.1202481161
2324,15.1202481161
2325,15.1202481161
2326,15.1202481161
2327,15.1202481161
2328,15.1258036716
2329,15.1258036716
2330,15.1327481161
2331,15.1355258939
2332,15.1413900914
2333,15.1494708995
2334,15.151996152
2335,15.1566257816
2336,15.1566257816
2337,15.1566257816
2338,15.1566257816
2339,15.1566257816
2340,15.1686207311
2341,15.1755651756
2342,15.1755651756
2343,15.1755651756
2344,15.1755651756
2345,15.1848244348
2346,15.1848244348
2347,15.1848244348
2348,15.1848244348
2349,15.1848244348
2350,15.1894540645
2351,15.1894540645
2352,15.1894540645
2353,15.1922318422
2354,15.2042688793
2355,15.2042688793
2356,15.2082371332
2357,15.2082371332
2358,15.2082371332
2359,15.2082371332
2360,15.2082371332
2361,15.2082371332
2362,15.2214646465
2363,15.2214646465
2364,15.2265151515
2365,15.2265151515
2366,15.2380892256
2367,15.2404040404
2368,15.2496632997
2369,15.2558361392
2370,15.2558361392
2371,15.2613916947
2372,15.2613916947
2373,15.2637065095
2374,15.2822250281
2375,15.2822250281
2376,15.2919051627
2377,15.2919051627
2378,15.3057940516
2379,15.3057940516
2380,15.3206088664
2381,15.3206088664
2382,15.3206088664
2383,15.3206088664
2384,15.3236952862
2385,15.3267817059
2386,15.3329545455
2387,15.3329545455
2388,15.3360409652
2389,15.3446829405
2390,15.3477693603
2391,15.35085578
2392,15.35085578
2393,15.3536335578
2394,15.3564113356
2395,15.3610409652
2396,15.3610409652
2397,15.3610409652
2398,15.3610409652
2399,15.3695286195
2400,15.3718434343
2401,15.3718434343
2402,15.3718434343
2403,15.3718434343
2404,15.3808621934
2405,15.385491823
2406,15.4132696008
2407,15.4132696008
2408,15.4183201058
2409,15.4183201058
2410,15.4238756614
2411,15.4381854257
2412,15.4437409812
2413,15.4530002405
2414,15.4530002405
2415,15.4530002405
2416,15.4530002405
2417,15.4530002405
2418,15.4530002405
2419,15.4530002405
2420,15.4530002405
2421,15.4585557961
2422,15.4631854257
2423,15.4631854257
2424,15.4631854257
2425,15.4724446849
2426,15.4724446849
2427,15.5057780183
2428,15.5057780183
2429,15.5150372775
2430,15.5200877826
2431,15.5200877826
2432,15.5200877826
2433,15.5200877826
2434,15.5200877826
2435,15.5200877826
2436,15.5478655604
2437,15.5478655604
2438,15.5478655604
2439,15.5478655604
2440,15.55249519
2441,15.5571248196
2442,15.5571248196
2443,15.5571248196
2444,15.5571248196
2445,15.5617544493
2446,15.5617544493
2447,15.5617544493
2448,15.564840869
2449,15.5679272888
2450,15.5679272888
2451,15.5729777938
2452,15.5729777938
2453,15.5729777938
2454,15.580132676
2455,15.5854357063
2456,15.5928431137
2457,15.5953683662
2458,15.5978936187
2459,15.6052589386
2460,15.6075737534
2461,15.6075737534
2462,15.6137465929
2463,15.6199194324
2464,15.6199194324
2465,15.624549062
2466,15.624549062
2467,15.624549062
2468,15.624549062
2469,15.6301046176
2470,15.6371592913
2471,15.6371592913
2472,15.6371592913
2473,15.6441037358
2474,15.6441037358
2475,15.6441037358
2476,15.6441037358
2477,15.6468815135
2478,15.6496592913
2479,15.6496592913
2480,15.6496592913
2481,15.6496592913
2482,15.6496592913
2483,15.6496592913
2484,15.6496592913
2485,15.6547097964
2486,15.6639690556
2487,15.6670554754
2488,15.6701418951
2489,15.6701418951
2490,15.6701418951
2491,15.6701418951
2492,15.6701418951
2493,15.6732283149
2494,15.6809443643
2495,15.6809443643
2496,15.6809443643
2497,15.6809443643
2498,15.6859948693
2499,16.0811394367
2500,16.8714285714
2501,16.8714285714
2502,16.8714285714
2503,16.8714285714
2504,16.8714285714
2505,16.8714285714
2506,16.8714285714
2507,16.8714285714
2508,16.8714285714
2509,16.8714285714
2510,16.8714285714
2511,16.8714285714
2512,16.8714285714
2513,16.8714285714
2514,16.8714285714
2515,16.8714285714
2516,16.8714285714
2517,16.8714285714
2518,16.8899470899
2519,16.9195767196
2520,16.9195767196
2521,16.9195767196
2522,16.9195767196
2523,16.9195767196
2524,16.9380952381
2525,16.9380952381
2526,16.9380952381
2527,16.9380952381
2528,16.9380952381
2529,16.9380952381
2530,16.9380952381
2531,16.9380952381
2532,16.9380952381
2533,16.951984127
2534,16.951984127
2535,16.951984127
2536,16.9581569665
2537,16.9581569665
2538,16.9581569665
2539,16.9581569665
2540,16.9581569665
2541,16.9581569665
2542,16.9581569665
2543,16.9581569665
2544,16.9581569665
2545,16.9720458554
2546,16.9720458554
2547,16.9720458554
2548,16.9720458554
2549,16.9720458554
2550,16.9720458554
2551,16.9720458554
2552,16.9720458554
2553,16.9720458554
2554,16.9720458554
2555,16.9799823633
2556,16.9799823633
2557,16.9799823633
2558,16.9910934744
2559,16.9910934744
2560,17.0003527337
2561,17.0003527337
2562,17.0003527337
2563,17.0003527337
2564,17.0003527337
2565,17.0003527337
2566,17.0003527337
2567,17.0003527337
2568,17.0003527337
2569,17.0188712522
2570,17.0188712522
2571,17.0281305115
2572,17.0373897707
2573,17.0373897707
2574,17.0373897707
2575,17.0373897707
2576,17.0373897707
2577,17.0373897707
2578,17.0435626102
2579,17.0435626102
2580,17.0435626102
2581,17.0435626102
2582,17.0435626102
2583,17.0574514991
2584,17.0574514991
2585,17.0574514991
2586,17.0574514991
2587,17.0574514991
2588,17.0574514991
2589,17.0574514991
2590,17.071340388
2591,17.071340388
2592,17.071340388
2593,17.071340388
2594,17.071340388
2595,17.071340388
2596,17.071340388
2597,17.071340388
2598,17.0775132275
2599,17.083686067
2600,17.083686067
2601,17.083686067
2602,17.083686067
2603,17.083686067
2604,17.083686067
2605,17.083686067
2606,17.083686067
2607,17.0975749559
2608,17.0975749559
2609,17.0975749559
2610,17.0975749559
2611,17.0975749559
2612,17.1160934744
2613,17.1160934744
2614,17.1222663139
2615,17.1222663139
2616,17.1222663139
2617,17.1222663139
2618,17.1222663139
2619,17.1407848325
2620,17.1407848325
2621,17.1407848325
2622,17.1407848325
2623,17.1407848325
2624,17.1407848325
2625,17.1407848325
2626,17.1685626102
2627,17.1685626102
2628,17.1685626102
2629,17.1685626102
2630,17.1981922399
2631,17.209303351
2632,17.2172398589
2633,17.2172398589
2634,17.2172398589
2635,17.2172398589
2636,17.2172398589
2637,17.2172398589
2638,17.2172398589
2639,17.2172398589
2640,17.2172398589
2641,17.2172398589
2642,17.2357583774
2643,17.2357583774
2644,17.2357583774
2645,17.2357583774
2646,17.2357583774
2647,17.2357583774
2648,17.2357583774
2649,17.2357583774
2650,17.2357583774
2651,17.2357583774
2652,17.2357583774
2653,17.2357583774
2654,17.2357583774
2655,17.2357583774
2656,17.2357583774
2657,17.2653880071
2658,17.2764991182
2659,17.2764991182
2660,17.2764991182
2661,17.2764991182
2662,17.2764991182
2663,17.2764991182
2664,17.2764991182
2665,17.2764991182
2666,17.2764991182
2667,17.2764991182
2668,17.2764991182
2669,17.2968694885
2670,17.2968694885
2671,17.2968694885
2672,17.2968694885
2673,17.3048059965
2674,17.3048059965
2675,17.3048059965
2676,17.3048059965
2677,17.3048059965
2678,17.3048059965
2679,17.3048059965
2680,17.3048059965
2681,17.3048059965
2682,17.3048059965
2683,17.3048059965
2684,17.3048059965
2685,17.3186948854
2686,17.3186948854
2687,17.3186948854
2688,17.3325837743
2689,17.3325837743
2690,17.3325837743
2691,17.3325837743
2692,17.3418430335
2693,17.3418430335
2694,17.3418430335
2695,17.3418430335
2696,17.3418430335
2697,17.3418430335
2698,17.3418430335
2699,17.3418430335
2700,17.3418430335
2701,17.3418430335
2702,17.3418430335
2703,17.3418430335
2704,17.3418430335
2705,17.3418430335
2706,17.3557319224
2707,17.3636684303
2708,17.3636684303
2709,17.3636684303
2710,17.3636684303
2711,17.3636684303
2712,17.3636684303
2713,17.3636684303
2714,17.4192239859
2715,17.4192239859
2716,17.4331128748
2717,17.4331128748
2718,17.4331128748
2719,17.4331128748
2720,17.4442239859
2721,17.4442239859
2722,17.4442239859
2723,17.4442239859
2724,17.4442239859
2725,17.4442239859
2726,17.4521604938
2727,17.4521604938
2728,17.4583333333
2729,17.5138888889
2730,17.525
2731,17.525
2732,17.525
2733,17.525
2734,17.525
2735,17.525
2736,17.525
2737,17.525
2738,17.5404320988
2739,17.5404320988
2740,17.5404320988
2741,17.5404320988
2742,17.549691358
2743,17.549691358
2744,17.549691358
2745,17.549691358
2746,17.549691358
2747,17.549691358
2748,17.549691358
2749,17.5589506173
2750,17.5682098765
2751,17.5682098765
2752,17.5682098765
2753,17.5867283951
2754,17.5867283951
2755,17.5867283951
2756,17.5867283951
2757,17.5867283951
2758,17.5867283951
2759,17.5867283951
2760,17.5959876543
2761,17.5959876543
2762,17.5959876543
2763,17.6145061728
2764,17.6283950617
2765,17.637654321
2766,17.637654321
2767,17.6469135802
2768,17.7024691358
2769,17.7024691358
2770,17.7024691358
2771,17.7024691358
2772,17.7086419753
2773,17.7165784832
2774,17.7369488536
2775,17.7448853616
2776,17.7528218695
2777,17.7639329806
2778,17.7639329806
2779,17.7639329806
2780,17.7639329806
2781,17.7639329806
2782,17.7639329806
2783,17.7639329806
2784,17.7639329806
2785,17.7639329806
2786,17.7639329806
2787,17.7639329806
2788,17.7639329806
2789,17.7639329806
2790,17.7639329806
2791,17.7639329806
2792,17.7639329806
2793,17.7639329806
2794,17.7639329806
2795,17.7639329806
2796,17.7639329806
2797,17.7639329806
2798,17.7701058201
2799,17.7701058201
2800,17.7701058201
2801,17.7701058201
2802,17.7701058201
2803,17.7701058201
2804,17.7701058201
2805,17.7701058201
2806,17.7812169312
2807,17.7923280423
2808,17.7923280423
2809,17.7923280423
2810,17.7923280423
2811,17.7923280423
2812,17.7923280423
2813,17.7923280423
2814,17.8478835979
2815,17.8617724868
2816,17.8617724868
2817,17.8679453263
2818,17.8758818342
2819,17.8758818342
2820,17.8758818342
2821,17.8758818342
2822,17.8758818342
2823,17.8758818342
2824,17.8758818342
2825,17.8820546737
2826,17.8882275132
2827,17.8882275132
2828,17.8882275132
2829,17.8882275132
2830,17.8882275132
2831,17.8882275132
2832,17.8882275132
2833,17.8882275132
2834,17.8882275132
2835,17.8944003527
2836,17.9129188713
2837,17.9129188713
2838,17.9129188713
2839,17.9129188713
2840,17.9129188713
2841,17.9129188713
2842,17.9268077601
2843,17.9268077601
2844,17.9268077601
2845,17.9268077601
2846,17.9268077601
2847,17.9329805996
2848,17.9329805996
2849,17.9329805996
2850,17.9409171076
2851,17.9409171076
2852,17.9520282187
2853,17.9631393298
2854,17.9631393298
2855,17.9960758377
2856,18.0145943563
2857,18.0145943563
2858,18.0145943563
2859,18.0145943563
2860,18.0701499118
2861,18.0763227513
2862,18.0763227513
2863,18.1133597884
2864,18.1133597884
2865,18.1318783069
2866,18.1318783069
2867,18.1318783069
2868,18.1318783069
2869,18.1318783069
2870,18.1318783069
2871,18.1318783069
2872,18.1318783069
2873,18.1318783069
2874,18.1689153439
2875,18.180026455
2876,18.2003968254
2877,18.2003968254
2878,18.2003968254
2879,18.2194444444
2880,18.2194444444
2881,18.2194444444
2882,18.2194444444
2883,18.2194444444
2884,18.2194444444
2885,18.2194444444
2886,18.2194444444
2887,18.2305555556
2888,18.2305555556
2889,18.2305555556
2890,18.2444444444
2891,18.2537037037
2892,18.2537037037
2893,18.2537037037
2894,18.2814814815
2895,18.2814814815
2896,18.3
2897,18.3
2898,18.3
2899,18.3
2900,18.3
2901,18.3
2902,18.3
2903,18.3
2904,18.3
2905,18.3
2906,18.3
2907,18.3079365079
2908,18.3079365079
2909,18.3079365079
2910,18.3079365079
2911,18.3079365079
2912,18.3079365079
2913,18.3079365079
2914,18.3079365079
2915,18.3079365079
2916,18.3079365079
2917,18.3079365079
2918,18.3634920635
2919,18.3634920635
2920,18.3773809524
2921,18.3773809524
2922,18.3773809524
2923,18.3958994709
2924,18.3958994709
2925,18.3958994709
2926,18.3958994709
2927,18.3958994709
2928,18.3958994709
2929,18.407010582
2930,18.4208994709
2931,18.432010582
2932,18.432010582
2933,18.432010582
2934,18.4381834215
2935,18.4381834215
2936,18.4381834215
2937,18.4474426808
2938,18.4659611993
2939,18.4659611993
2940,18.4659611993
2941,18.4659611993
2942,18.4659611993
2943,18.4659611993
2944,18.4721340388
2945,18.4721340388
2946,18.4721340388
2947,18.4721340388
2948,18.4721340388
2949,18.4721340388
2950,18.4721340388
2951,18.4721340388
2952,18.4721340388
2953,18.4721340388
2954,18.4721340388
2955,18.5017636684
2956,18.5017636684
2957,18.5017636684
2958,18.5017636684
2959,18.5017636684
2960,18.5017636684
2961,18.5156525573
2962,18.5156525573
2963,18.5156525573
2964,18.5156525573
2965,18.5156525573
2966,18.5156525573
2967,18.5267636684
2968,18.5267636684
2969,18.5378747795
2970,18.5378747795
2971,18.5378747795
2972,18.5563932981
2973,18.5563932981
2974,18.5563932981
2975,18.5563932981
2976,18.5563932981
2977,18.5563932981
2978,18.5563932981
2979,18.5563932981
2980,18.5563932981
2981,18.5563932981
2982,18.5749118166
2983,18.5749118166
2984,18.5749118166
2985,18.5749118166
2986,18.5934303351
2987,18.5934303351
2988,18.5934303351
2989,18.5934303351
2990,18.5934303351
2991,18.5934303351
2992,18.5934303351
2993,18.5934303351
2994,18.5934303351
2995,18.5934303351
2996,18.5934303351
2997,18.5934303351
2998,18.5934303351
2999,18.5934303351
3000,18.5934303351
3001,18.601366843
3002,18.601366843
3003,18.601366843
3004,18.6106261023
3005,18.6106261023
3006,18.6106261023
3007,18.6106261023
3008,18.6106261023
3009,18.6106261023
3010,18.6291446208
3011,18.6430335097
3012,18.6430335097
3013,18.7171075838
3014,18.7171075838
3015,18.7171075838
3016,18.7171075838
3017,18.7171075838
3018,18.7171075838
3019,18.7171075838
3020,18.7171075838
3021,18.7171075838
3022,18.7171075838
3023,18.7171075838
3024,18.7171075838
3025,18.7171075838
3026,18.7171075838
3027,18.7171075838
3028,18.7171075838
3029,18.7171075838
3030,18.7232804233
3031,18.7232804233
3032,18.7232804233
3033,18.7232804233
3034,18.7232804233
3035,18.7232804233
3036,18.7232804233
3037,18.7232804233
3038,18.7232804233
3039,18.7232804233
3040,18.7232804233
3041,18.7603174603
3042,18.7664902998
3043,18.7664902998
3044,18.7664902998
3045,18.7776014109
3046,18.7914902998
3047,18.7914902998
3048,18.7914902998
3049,18.7914902998
3050,18.8100088183
3051,18.8100088183
3052,18.8100088183
3053,18.8100088183
3054,18.8100088183
3055,18.8100088183
3056,18.8100088183
3057,18.839638448
3058,18.839638448
3059,18.8581569665
3060,18.8581569665
3061,18.8581569665
3062,18.8581569665
3063,18.876675485
3064,18.8951940035
3065,18.8951940035
3066,18.8951940035
3067,18.8951940035
3068,18.8951940035
3069,18.8951940035
3070,18.8951940035
3071,18.8951940035
3072,18.8951940035
3073,18.9090828924
3074,18.9090828924
3075,18.9090828924
3076,18.9276014109
3077,18.9461199295
3078,18.9461199295
3079,18.9461199295
3080,18.9600088183
3081,18.9738977072
3082,18.9738977072
3083,18.9738977072
3084,18.9738977072
3085,18.9738977072
3086,18.9738977072
3087,18.9924162257
3088,19.0109347443
3089,19.0109347443
3090,19.0109347443
3091,19.0109347443
3092,19.0109347443
3093,19.0109347443
3094,19.0109347443
3095,19.0109347443
3096,19.0109347443
3097,19.0294532628
3098,19.0294532628
3099,19.0479717813
3100,19.0590828924
3101,19.0590828924
3102,19.0590828924
3103,19.0590828924
3104,19.0590828924
3105,19.0776014109
3106,19.0914902998
3107,19.0914902998
3108,19.0914902998
3109,19.0914902998
3110,19.0914902998
3111,19.0914902998
3112,19.0914902998
3113,19.0994268078
3114,19.0994268078
3115,19.1133156966
3116,19.1133156966
3117,19.1133156966
3118,19.1133156966
3119,19.1133156966
3120,19.1133156966
3121,19.1194885362
3122,19.1194885362
3123,19.1287477954
3124,19.1287477954
3125,19.1287477954
3126,19.1287477954
3127,19.1287477954
3128,19.1287477954
3129,19.1287477954
3130,19.1287477954
3131,19.1287477954
3132,19.1287477954
3133,19.1287477954
3134,19.1398589065
3135,19.1398589065
3136,19.1398589065
3137,19.1398589065
3138,19.1398589065
3139,19.1398589065
3140,19.1398589065
3141,19.1537477954
3142,19.1537477954
3143,19.1537477954
3144,19.1722663139
3145,19.1722663139
3146,19.1907848325
3147,19.1907848325
3148,19.1907848325
3149,19.1907848325
3150,19.1907848325
3151,19.1907848325
3152,19.1907848325
3153,19.1907848325
3154,19.1907848325
3155,19.1907848325
3156,19.2046737213
3157,19.2046737213
3158,19.2046737213
3159,19.2046737213
3160,19.2046737213
3161,19.2046737213
3162,19.2231922399
3163,19.2231922399
3164,19.2231922399
3165,19.2231922399
3166,19.2231922399
3167,19.2231922399
3168,19.2231922399
3169,19.2496472663
3170,19.2496472663
3171,19.2496472663
3172,19.2496472663
3173,19.2496472663
3174,19.2496472663
3175,19.2496472663
3176,19.2496472663
3177,19.2496472663
3178,19.2496472663
3179,19.2496472663
3180,19.2496472663
3181,19.2635361552
3182,19.2635361552
3183,19.2635361552
3184,19.2635361552
3185,19.2727954145
3186,19.2839065256
3187,19.2839065256
3188,19.3024250441
3189,19.3024250441
3190,19.3024250441
3191,19.3024250441
3192,19.3024250441
3193,19.3024250441
3194,19.316313933
3195,19.316313933
3196,19.316313933
3197,19.316313933
3198,19.316313933
3199,19.316313933
3200,19.3718694885
3201,19.3857583774
3202,19.3968694885
3203,19.3968694885
3204,19.3968694885
3205,19.3968694885
3206,19.3968694885
3207,19.403042328
3208,19.403042328
3209,19.403042328
3210,19.403042328
3211,19.403042328
3212,19.403042328
3213,19.403042328
3214,19.403042328
3215,19.403042328
3216,19.403042328
3217,19.403042328
3218,19.403042328
3219,19.403042328
3220,19.403042328
3221,19.403042328
3222,19.403042328
3223,19.403042328
3224,19.403042328
3225,19.403042328
3226,19.403042328
3227,19.403042328
3228,19.403042328
3229,19.403042328
3230,19.403042328
3231,19.410978836
3232,19.410978836
3233,19.410978836
3234,19.410978836
3235,19.410978836
3236,19.410978836
3237,19.410978836
3238,19.410978836
3239,19.410978836
3240,19.4171516755
3241,19.4171516755
3242,19.4171516755
3243,19.4282627866
3244,19.4532627866
3245,19.4532627866
3246,19.4671516755
3247,19.4671516755
3248,19.485670194
3249,19.485670194
3250,19.4936067019
3251,19.4936067019
3252,19.4936067019
3253,19.5047178131
3254,19.5047178131
3255,19.5047178131
3256,19.5047178131
3257,19.5047178131
3258,19.5047178131
3259,19.5047178131
3260,19.5047178131
3261,19.5047178131
3262,19.5047178131
3263,19.5047178131
3264,19.5047178131
3265,19.5047178131
3266,19.5047178131
3267,19.5047178131
3268,19.5232363316
3269,19.5232363316
3270,19.5232363316
3271,19.5232363316
3272,19.5232363316
3273,19.5324955908
3274,19.5436067019
3275,19.5436067019
3276,19.5436067019
3277,19.5497795414
3278,19.5497795414
3279,19.5497795414
3280,19.5497795414
3281,19.5497795414
3282,19.5497795414
3283,19.5497795414
3284,19.5497795414
3285,19.5497795414
3286,19.5497795414
3287,19.5497795414
3288,19.5497795414
3289,19.5497795414
3290,19.5497795414
3291,19.5497795414
3292,19.5497795414
3293,19.5608906526
3294,19.5608906526
3295,19.5747795414
3296,19.5747795414
3297,19.5747795414
3298,19.5827160494
3299,19.5827160494
3300,19.6012345679
3301,19.6012345679
3302,19.6197530864
3303,19.6382716049
3304,19.6462081129
3305,19.6462081129
3306,19.6541446208
3307,19.6541446208
3308,19.6541446208
3309,19.6541446208
3310,19.6541446208
3311,19.6620811287
3312,19.6620811287
3313,19.6620811287
3314,19.6620811287
3315,19.6620811287
3316,19.6620811287
3317,19.6620811287
3318,19.6620811287
3319,19.6620811287
3320,19.6620811287
3321,19.6620811287
3322,19.6620811287
3323,19.6620811287
3324,19.6620811287
3325,19.6620811287
3326,19.6620811287
3327,19.6620811287
3328,19.6620811287
3329,19.6620811287
3330,19.6620811287
3331,19.6620811287
3332,19.6620811287
3333,19.6620811287
3334,19.6620811287
3335,19.6620811287
3336,19.6620811287
3337,19.6620811287
3338,19.6620811287
3339,19.6620811287
3340,19.6620811287
3341,19.6620811287
3342,19.6620811287
3343,19.6805996473
3344,19.6805996473
3345,19.6917107584
3346,19.6917107584
3347,19.6917107584
3348,19.6917107584
3349,19.6917107584
3350,19.6917107584
3351,19.6917107584
3352,19.6917107584
3353,19.6917107584
3354,19.6917107584
3355,19.6917107584
3356,19.6917107584
3357,19.6917107584
3358,19.6917107584
3359,19.6917107584
3360,19.6917107584
3361,19.6917107584
3362,19.6917107584
3363,19.6917107584
3364,19.6917107584
3365,19.6917107584
3366,19.6917107584
3367,19.6917107584
3368,19.6917107584
3369,19.6917107584
3370,19.6917107584
3371,19.6917107584
3372,19.6917107584
3373,19.6917107584
3374,19.6917107584
3375,19.6917107584
3376,19.6917107584
3377,19.6917107584
3378,19.6917107584
3379,19.6917107584
3380,19.6917107584
3381,19.6917107584
3382,19.6917107584
3383,19.6917107584
3384,19.6996472663
3385,19.6996472663
3386,19.6996472663
3387,19.6996472663
3388,19.6996472663
3389,19.6996472663
3390,19.6996472663
3391,19.6996472663
3392,19.6996472663
3393,19.7107583774
3394,19.7107583774
3395,19.7292768959
3396,19.7292768959
3397,19.7385361552
3398,19.7385361552
3399,19.7385361552
3400,19.7385361552
3401,19.7477954145
3402,19.7477954145
3403,19.7477954145
3404,19.7477954145
3405,19.766313933
3406,19.766313933
3407,19.766313933
3408,19.7774250441
3409,19.791313933
3410,19.8024250441
3411,19.8024250441
3412,19.8024250441
3413,19.8024250441
3414,19.8209435626
3415,19.8209435626
3416,19.8209435626
3417,19.8209435626
3418,19.8209435626
3419,19.8209435626
3420,19.8209435626
3421,19.8209435626
3422,19.8209435626
3423,19.8288800705
3424,19.8288800705
3425,19.8288800705
3426,19.8288800705
3427,19.8288800705
3428,19.8288800705
3429,19.8492504409
3430,19.8492504409
3431,19.8492504409
3432,19.8492504409
3433,19.860361552
3434,19.860361552
3435,19.860361552
3436,19.885361552
3437,19.8915343915
3438,19.8915343915
3439,19.8915343915
3440,19.8915343915
3441,19.897707231
3442,19.897707231
3443,19.9115961199
3444,19.9115961199
3445,19.9115961199
3446,19.9115961199
3447,19.9115961199
3448,19.9115961199
3449,19.9115961199
3450,19.9115961199
3451,19.9380511464
3452,19.9380511464
3453,19.9491622575
3454,19.9491622575
3455,19.9491622575
3456,19.9491622575
3457,19.9491622575
3458,19.9491622575
3459,19.9491622575
3460,19.9815696649
3461,19.9815696649
3462,19.9815696649
3463,19.9815696649
3464,19.9815696649
3465,19.9974426808
3466,19.9974426808
3467,19.9974426808
3468,19.9974426808
3469,20.0053791887
3470,20.0053791887
3471,20.0053791887
3472,20.0053791887
3473,20.0133156966
3474,20.0133156966
3475,20.0133156966
3476,20.0133156966
3477,20.0133156966
3478,20.0133156966
3479,20.0133156966
3480,20.0133156966
3481,20.0364638448
3482,20.0364638448
3483,20.0444003527
3484,20.0444003527
3485,20.053659612
3486,20.053659612
3487,20.0615961199
3488,20.0615961199
3489,20.0615961199
3490,20.0801146384
3491,20.0801146384
3492,20.0801146384
3493,20.0801146384
3494,20.0940035273
3495,20.0940035273
3496,20.0940035273
3497,20.0940035273
3498,20.0940035273
3499,20.0940035273
3500,20.0940035273
3501,20.0940035273
3502,20.0940035273
3503,20.0940035273
3504,20.0940035273
3505,20.0940035273
3506,20.0940035273
3507,20.0940035273
3508,20.0940035273
3509,20.0940035273
3510,20.1125220459
3511,20.1125220459
3512,20.1125220459
3513,20.1125220459
3514,20.1264109347
3515,20.1264109347
3516,20.1264109347
3517,20.1264109347
3518,20.1264109347
3519,20.1264109347
3520,20.1449294533
3521,20.1449294533
3522,20.1541887125
3523,20.1541887125
3524,20.1541887125
3525,20.1541887125
3526,20.1541887125
3527,20.1541887125
3528,20.172707231
3529,20.172707231
3530,20.172707231
3531,20.172707231
3532,20.172707231
3533,20.172707231
3534,20.172707231
3535,20.172707231
3536,20.172707231
3537,20.172707231
3538,20.172707231
3539,20.1865961199
3540,20.1865961199
3541,20.1865961199
3542,20.2004850088
3543,20.2004850088
3544,20.2004850088
3545,20.2004850088
3546,20.2004850088
3547,20.2004850088
3548,20.2004850088
3549,20.2004850088
3550,20.2004850088
3551,20.2004850088
3552,20.2115961199
3553,20.2115961199
3554,20.2115961199
3555,20.2115961199
3556,20.2115961199
3557,20.2115961199
3558,20.2115961199
3559,20.2115961199
3560,20.2115961199
3561,20.2115961199
3562,20.2115961199
3563,20.2115961199
3564,20.2115961199
3565,20.2115961199
3566,20.2115961199
3567,20.2254850088
3568,20.2254850088
3569,20.2254850088
3570,20.2440035273
3571,20.2501763668
3572,20.2501763668
3573,20.2501763668
3574,20.261287478
3575,20.261287478
3576,20.261287478
3577,20.261287478
3578,20.261287478
3579,20.3168430335
3580,20.3168430335
3581,20.3247795414
3582,20.3247795414
3583,20.3247795414
3584,20.3247795414
3585,20.3247795414
3586,20.3247795414
3587,20.3247795414
3588,20.3247795414
3589,20.3340388007
3590,20.34329806
3591,20.3494708995
3592,20.3633597884
3593,20.3633597884
3594,20.3633597884
3595,20.3633597884
3596,20.3633597884
3597,20.3633597884
3598,20.3633597884
3599,20.4374338624
3600,20.455952381
3601,20.4670634921
3602,20.4670634921
3603,20.4670634921
3604,20.4670634921
3605,20.4670634921
3606,20.4670634921
3607,20.480952381
3608,20.480952381
3609,20.480952381
3610,20.5365079365
3611,20.5365079365
3612,20.5365079365
3613,20.5457671958
3614,20.5457671958
3615,20.5457671958
3616,20.5457671958
3617,20.5596560847
3618,20.5596560847
3619,20.5596560847
3620,20.5596560847
3621,20.5596560847
3622,20.5596560847
3623,20.5596560847
3624,20.5596560847
3625,20.5596560847
3626,20.5781746032
3627,20.5781746032
3628,20.5781746032
3629,20.5781746032
3630,20.5781746032
3631,20.5781746032
3632,20.5781746032
3633,20.5781746032
3634,20.5781746032
3635,20.5781746032
3636,20.5874338624
3637,20.5874338624
3638,20.5936067019
3639,20.5936067019
3640,20.5936067019
3641,20.5936067019
3642,20.5936067019
3643,20.5936067019
3644,20.5936067019
3645,20.5936067019
3646,20.5936067019
3647,20.5936067019
3648,20.5936067019
3649,20.5936067019
3650,20.5936067019
3651,20.5936067019
3652,20.6047178131
3653,20.6047178131
3654,20.6047178131
3655,20.6232363316
3656,20.6232363316
3657,20.6371252205
3658,20.6371252205
3659,20.6463844797
3660,20.6463844797
3661,20.6787918871
3662,20.6787918871
3663,20.6787918871
3664,20.6787918871
3665,20.6787918871
3666,20.6787918871
3667,20.6787918871
3668,20.6787918871
3669,20.6787918871
3670,20.6787918871
3671,20.6787918871
3672,20.6787918871
3673,20.6787918871
3674,20.6880511464
3675,20.6880511464
3676,20.6880511464
3677,20.6880511464
3678,20.6991622575
3679,20.6991622575
3680,20.6991622575
3681,20.6991622575
3682,20.6991622575
3683,20.6991622575
3684,20.6991622575
3685,20.6991622575
3686,20.6991622575
3687,20.6991622575
3688,20.6991622575
3689,20.717680776
3690,20.717680776
3691,20.717680776
3692,20.717680776
3693,20.717680776
3694,20.7269400353
3695,20.7454585538
3696,20.7454585538
3697,20.7454585538
3698,20.7454585538
3699,20.7565696649
3700,20.7565696649
3701,20.7565696649
3702,20.7565696649
3703,20.7750881834
3704,20.7750881834
3705,20.7830246914
3706,20.7922839506
3707,20.7922839506
3708,20.7922839506
3709,20.7922839506
3710,20.7922839506
3711,20.7922839506
3712,20.7922839506
3713,20.7922839506
3714,20.7922839506
3715,20.7922839506
3716,20.8061728395
3717,20.8061728395
3718,20.8061728395
3719,20.8061728395
3720,20.8061728395
3721,20.824691358
3722,20.824691358
3723,20.824691358
3724,20.824691358
3725,20.8450617284
3726,20.8450617284
3727,20.8512345679
3728,20.8512345679
3729,20.8512345679
3730,20.8512345679
3731,20.8512345679
3732,20.8512345679
3733,20.8512345679
3734,20.8512345679
3735,20.8512345679
3736,20.8512345679
3737,20.8512345679
3738,20.8512345679
3739,20.8512345679
3740,20.8512345679
3741,20.8512345679
3742,20.8512345679
3743,20.862345679
3744,20.8734567901
3745,20.8734567901
3746,20.8734567901
3747,20.8796296296
3748,20.8796296296
3749,20.8981481481
3750,20.8981481481
3751,20.8981481481
3752,20.8981481481
3753,20.8981481481
3754,20.8981481481
3755,20.9043209877
3756,20.9598765432
3757,20.9598765432
3758,20.9598765432
3759,20.9598765432
3760,20.9598765432
3761,20.9598765432
3762,20.9598765432
3763,20.9598765432
3764,20.9598765432
3765,20.9598765432
3766,20.9598765432
3767,20.9783950617
3768,20.9783950617
3769,20.9783950617
3770,20.9783950617
3771,20.9969135802
3772,21.0154320988
3773,21.0154320988
3774,21.0154320988
3775,21.0154320988
3776,21.0154320988
3777,21.0154320988
3778,21.0154320988
3779,21.0154320988
3780,21.0154320988
3781,21.0233686067
3782,21.0418871252
3783,21.0418871252
3784,21.0418871252
3785,21.0418871252
3786,21.0511463845
3787,21.0511463845
3788,21.0511463845
3789,21.0511463845
3790,21.0511463845
3791,21.0511463845
3792,21.0511463845
3793,21.0511463845
3794,21.0511463845
3795,21.0511463845
3796,21.0511463845
3797,21.0590828924
3798,21.0590828924
3799,21.0590828924
3800,21.0590828924
3801,21.0590828924
3802,21.0590828924
3803,21.0683421517
3804,21.0762786596
3805,21.0762786596
3806,21.0947971781
3807,21.1040564374
3808,21.1040564374
3809,21.1040564374
3810,21.1151675485
3811,21.1151675485
3812,21.1151675485
3813,21.1151675485
3814,21.1151675485
3815,21.1151675485
3816,21.1151675485
3817,21.1151675485
3818,21.1151675485
3819,21.1151675485
3820,21.1151675485
3821,21.1151675485
3822,21.1151675485
3823,21.1151675485
3824,21.1151675485
3825,21.1151675485
3826,21.1151675485
3827,21.178659612
3828,21.178659612
3829,21.178659612
3830,21.178659612
3831,21.178659612
3832,21.178659612
3833,21.178659612
3834,21.178659612
3835,21.178659612
3836,21.178659612
3837,21.178659612
3838,21.178659612
3839,21.178659612
3840,21.178659612
3841,21.178659612
3842,21.178659612
3843,21.178659612
3844,21.178659612
3845,21.178659612
3846,21.1865961199
3847,21.1865961199
3848,21.1865961199
3849,21.1945326279
3850,21.1945326279
3851,21.1945326279
3852,21.1945326279
3853,21.1945326279
3854,21.1945326279
3855,21.1945326279
3856,21.1945326279
3857,21.2130511464
3858,21.2130511464
3859,21.2223104056
3860,21.2223104056
3861,21.2223104056
3862,21.2223104056
3863,21.2223104056
3864,21.2223104056
3865,21.2223104056
3866,21.2223104056
3867,21.2223104056
3868,21.2223104056
3869,21.2284832451
3870,21.2395943563
3871,21.2720017637
3872,21.2720017637
3873,21.2720017637
3874,21.2720017637
3875,21.2720017637
3876,21.2720017637
3877,21.2720017637
3878,21.2831128748
3879,21.2831128748
3880,21.2831128748
3881,21.2831128748
3882,21.2942239859
3883,21.2942239859
3884,21.2942239859
3885,21.3034832451
3886,21.3034832451
3887,21.3669753086
3888,21.3780864198
3889,21.3780864198
3890,21.3780864198
3891,21.3780864198
3892,21.3780864198
3893,21.3780864198
3894,21.3780864198
3895,21.3780864198
3896,21.3891975309
3897,21.3891975309
3898,21.3891975309
3899,21.3891975309
3900,21.3891975309
3901,21.3891975309
3902,21.3891975309
3903,21.4030864198
3904,21.4030864198
3905,21.4092592593
3906,21.4092592593
3907,21.4092592593
3908,21.4154320988
3909,21.4154320988
3910,21.4154320988
3911,21.4154320988
3912,21.4154320988
3913,21.4154320988
3914,21.4154320988
3915,21.4450617284
3916,21.4450617284
3917,21.4450617284
3918,21.4450617284
3919,21.4450617284
3920,21.4450617284
3921,21.4450617284
3922,21.4450617284
3923,21.4450617284
3924,21.4450617284
3925,21.4450617284
3926,21.4450617284
3927,21.4450617284
3928,21.4450617284
3929,21.4450617284
3930,21.4450617284
3931,21.4450617284
3932,21.4450617284
3933,21.4450617284
3934,21.4450617284
3935,21.4450617284
3936,21.4450617284
3937,21.4450617284
3938,21.4450617284
3939,21.4450617284
3940,21.4450617284
3941,21.4635802469
3942,21.4635802469
3943,21.4635802469
3944,21.4728395062
3945,21.4728395062
3946,21.4728395062
3947,21.4975308642
3948,21.4975308642
3949,21.5067901235
3950,21.5067901235
3951,21.5067901235
3952,21.512962963
3953,21.5268518519
3954,21.5268518519
3955,21.5268518519
3956,21.5268518519
3957,21.5268518519
3958,21.5268518519
3959,21.5268518519
3960,21.5268518519
3961,21.5824074074
3962,21.5824074074
3963,21.5824074074
3964,21.5824074074
3965,21.5885802469
3966,21.5885802469
3967,21.5885802469
3968,21.5885802469
3969,21.6070987654
3970,21.6441358025
3971,21.662654321
3972,21.6705908289
3973,21.6705908289
3974,21.6705908289
3975,21.6705908289
3976,21.6705908289
3977,21.6705908289
3978,21.6705908289
3979,21.6844797178
3980,21.6844797178
3981,21.6844797178
3982,21.7029982363
3983,21.7029982363
3984,21.7029982363
3985,21.7029982363
3986,21.7168871252
3987,21.7168871252
3988,21.7168871252
3989,21.7168871252
3990,21.7168871252
3991,21.7168871252
3992,21.7168871252
3993,21.7168871252
3994,21.7168871252
3995,21.7307760141
3996,21.7307760141
3997,21.7418871252
3998,21.7418871252
3999,21.7418871252
4000,21.7418871252
4001,21.7604056437
4002,21.7604056437
4003,21.7604056437
4004,21.7604056437
4005,21.7604056437
4006,21.7604056437
4007,21.7604056437
4008,21.7604056437
4009,21.7604056437
4010,21.7604056437
4011,21.7789241623
4012,21.7789241623
4013,21.7789241623
4014,21.7789241623
4015,21.7789241623
4016,21.7789241623
4017,21.7789241623
4018,21.7789241623
4019,21.7789241623
4020,21.7789241623
4021,21.7900352734
4022,21.7900352734
4023,21.7979717813
4024,21.7979717813
4025,21.8164902998
4026,21.8164902998
4027,21.8164902998
4028,21.8164902998
4029,21.8164902998
4030,21.8164902998
4031,21.8164902998
4032,21.8164902998
4033,21.8164902998
4034,21.8164902998
4035,21.8164902998
4036,21.8164902998
4037,21.8164902998
4038,21.8303791887
4039,21.8303791887
4040,21.8303791887
4041,21.8303791887
4042,21.8303791887
4043,21.8303791887
4044,21.8303791887
4045,21.8303791887
4046,21.8303791887
4047,21.8442680776
4048,21.8442680776
4049,21.8442680776
4050,21.8442680776
4051,21.8442680776
4052,21.8442680776
4053,21.8442680776
4054,21.8442680776
4055,21.8442680776
4056,21.8442680776
4057,21.8442680776
4058,21.8442680776
4059,21.8442680776
4060,21.8442680776
4061,21.8442680776
4062,21.8442680776
4063,21.8627865961
4064,21.8627865961
4065,21.8627865961
4066,21.8627865961
4067,21.8627865961
4068,21.8627865961
4069,21.8627865961
4070,21.8627865961
4071,21.9294532628
4072,21.9294532628
4073,21.9373897707
4074,21.9453262787
4075,21.9453262787
4076,21.9564373898
4077,21.9564373898
4078,21.9564373898
4079,21.9564373898
4080,21.9564373898
4081,21.9564373898
4082,21.9564373898
4083,21.9626102293
4084,21.9626102293
4085,21.9626102293
4086,21.9626102293
4087,21.9705467372
4088,21.9705467372
4089,21.9705467372
4090,21.9705467372
4091,22.0261022928
4092,22.035361552
4093,22.035361552
4094,22.035361552
4095,22.035361552
4096,22.035361552
4097,22.035361552
4098,22.0415343915
4099,22.0526455026
4100,22.0526455026
4101,22.0526455026
4102,22.0526455026
4103,22.0526455026
4104,22.0526455026
4105,22.1082010582
4106,22.1082010582
4107,22.1082010582
4108,22.1082010582
4109,22.1082010582
4110,22.1082010582
4111,22.1082010582
4112,22.1082010582
4113,22.1082010582
4114,22.1082010582
4115,22.1082010582
4116,22.1082010582
4117,22.1082010582
4118,22.1193121693
4119,22.1748677249
4120,22.1748677249
4121,22.1748677249
4122,22.1748677249
4123,22.1748677249
4124,22.1748677249
4125,22.1748677249
4126,22.1810405644
4127,22.1810405644
4128,22.2014109347
4129,22.2075837743
4130,22.2075837743
4131,22.2075837743
4132,22.2075837743
4133,22.2075837743
4134,22.2075837743
4135,22.2075837743
4136,22.2075837743
4137,22.2631393298
4138,22.2631393298
4139,22.2631393298
4140,22.2631393298
4141,22.2631393298
4142,22.2631393298
4143,22.2631393298
4144,22.2631393298
4145,22.2631393298
4146,22.2631393298
4147,22.2631393298
4148,22.2631393298
4149,22.2631393298
4150,22.2881393298
4151,22.2881393298
4152,22.2881393298
4153,22.3066578483
4154,22.3066578483
4155,22.3066578483
4156,22.3066578483
4157,22.3066578483
4158,22.3177689594
4159,22.3177689594
4160,22.3288800705
4161,22.3473985891
4162,22.3473985891
4163,22.3473985891
4164,22.3473985891
4165,22.3473985891
4166,22.3473985891
4167,22.3473985891
4168,22.3566578483
4169,22.3566578483
4170,22.3677689594
4171,22.3677689594
4172,22.3677689594
4173,22.3677689594
4174,22.3677689594
4175,22.3677689594
4176,22.386287478
4177,22.386287478
4178,22.386287478
4179,22.3924603175
4180,22.3924603175
4181,22.3924603175
4182,22.4248677249
4183,22.4248677249
4184,22.4248677249
4185,22.4248677249
4186,22.4248677249
4187,22.4328042328
4188,22.4328042328
4189,22.4389770723
4190,22.4389770723
4191,22.4389770723
4192,22.4451499118
4193,22.4451499118
4194,22.4451499118
4195,22.4451499118
4196,22.4451499118
4197,22.4451499118
4198,22.4451499118
4199,22.4451499118
4200,22.4451499118
4201,22.4562610229
4202,22.4562610229
4203,22.4562610229
4204,22.4747795414
4205,22.4747795414
4206,22.4747795414
4207,22.4747795414
4208,22.4747795414
4209,22.4747795414
4210,22.4747795414
4211,22.4840388007
4212,22.4840388007
4213,22.4840388007
4214,22.4840388007
4215,22.4840388007
4216,22.4840388007
4217,22.4840388007
4218,22.4840388007
4219,22.5136684303
4220,22.5136684303
4221,22.5136684303
4222,22.5136684303
4223,22.5321869489
4224,22.5321869489
4225,22.5401234568
4226,22.5480599647
4227,22.5480599647
4228,22.5480599647
4229,22.5480599647
4230,22.5559964727
4231,22.5559964727
4232,22.5559964727
4233,22.5559964727
4234,22.5559964727
4235,22.5559964727
4236,22.5559964727
4237,22.5559964727
4238,22.5559964727
4239,22.5745149912
4240,22.5745149912
4241,22.5745149912
4242,22.5745149912
4243,22.5745149912
4244,22.5745149912
4245,22.5745149912
4246,22.5745149912
4247,22.5745149912
4248,22.5745149912
4249,22.5745149912
4250,22.5745149912
4251,22.5745149912
4252,22.5745149912
4253,22.5745149912
4254,22.5745149912
4255,22.5745149912
4256,22.5745149912
4257,22.5745149912
4258,22.5745149912
4259,22.5745149912
4260,22.5745149912
4261,22.5745149912
4262,22.5745149912
4263,22.5745149912
4264,22.5745149912
4265,22.5745149912
4266,22.5745149912
4267,22.5745149912
4268,22.5745149912
4269,22.5745149912
4270,22.5976631393
4271,22.5976631393
4272,22.5976631393
4273,22.5976631393
4274,22.6115520282
4275,22.6115520282
4276,22.6254409171
4277,22.6347001764
4278,22.6347001764
4279,22.6347001764
4280,22.6458112875
4281,22.6458112875
4282,22.6458112875
4283,22.6458112875
4284,22.6458112875
4285,22.6458112875
4286,22.6458112875
4287,22.6458112875
4288,22.6458112875
4289,22.6458112875
4290,22.6458112875
4291,22.6458112875
4292,22.6550705467
4293,22.6550705467
4294,22.6550705467
4295,22.6550705467
4296,22.6550705467
4297,22.6550705467
4298,22.6550705467
4299,22.6661816578
4300,22.6661816578
4301,22.6661816578
4302,22.6661816578
4303,22.6661816578
4304,22.6834656085
4305,22.6834656085
4306,22.6834656085
4307,22.6834656085
4308,22.739021164
4309,22.739021164
4310,22.739021164
4311,22.739021164
4312,22.7482804233
4313,22.7482804233
4314,22.7621693122
4315,22.7621693122
4316,22.7621693122
4317,22.7621693122
4318,22.7621693122
4319,22.7621693122
4320,22.7621693122
4321,22.7621693122
4322,22.7621693122
4323,22.7621693122
4324,22.7621693122
4325,22.7621693122
4326,22.7621693122
4327,22.7621693122
4328,22.7621693122
4329,22.7621693122
4330,22.7621693122
4331,22.7621693122
4332,22.7621693122
4333,22.7621693122
4334,22.7621693122
4335,22.7621693122
4336,22.7621693122
4337,22.7760582011
4338,22.7760582011
4339,22.7760582011
4340,22.7760582011
4341,22.7760582011
4342,22.7760582011
4343,22.7760582011
4344,22.7760582011
4345,22.7760582011
4346,22.7760582011
4347,22.7760582011
4348,22.7760582011
4349,22.7822310406
4350,22.7822310406
4351,22.7822310406
4352,22.7961199295
4353,22.7961199295
4354,22.7961199295
4355,22.7961199295
4356,22.7961199295
4357,22.7961199295
4358,22.7961199295
4359,22.7961199295
4360,22.7961199295
4361,22.7961199295
4362,22.7961199295
4363,22.7961199295
4364,22.7961199295
4365,22.7961199295
4366,22.8100088183
4367,22.8100088183
4368,22.8161816578
4369,22.8241181658
4370,22.8241181658
4371,22.8241181658
4372,22.8241181658
4373,22.8241181658
4374,22.8426366843
4375,22.8426366843
4376,22.8426366843
4377,22.8426366843
4378,22.8426366843
4379,22.8426366843
4380,22.8426366843
4381,22.8426366843
4382,22.8981922399
4383,22.8981922399
4384,22.8981922399
4385,22.8981922399
4386,22.9043650794
4387,22.9228835979
4388,22.9228835979
4389,22.9414021164
4390,22.9414021164
4391,22.9414021164
4392,22.9414021164
4393,22.9414021164
4394,22.9414021164
4395,22.9414021164
4396,22.9414021164
4397,22.9632275132
4398,22.9817460317
4399,22.9817460317
4400,22.9817460317
4401,22.9817460317
4402,22.991005291
4403,22.991005291
4404,22.991005291
4405,22.991005291
4406,22.991005291
4407,22.991005291
4408,22.991005291
4409,22.991005291
4410,22.991005291
4411,22.991005291
4412,22.991005291
4413,22.991005291
4414,22.991005291
4415,23.0465608466
4416,23.0544973545
4417,23.0544973545
4418,23.0544973545
4419,23.0544973545
4420,23.0544973545
4421,23.0544973545
4422,23.0544973545
4423,23.0544973545
4424,23.0544973545
4425,23.0544973545
4426,23.0544973545
4427,23.0544973545
4428,23.0544973545
4429,23.0544973545
4430,23.073015873
4431,23.073015873
4432,23.073015873
4433,23.073015873
4434,23.073015873
4435,23.073015873
4436,23.073015873
4437,23.073015873
4438,23.073015873
4439,23.073015873
4440,23.073015873
4441,23.073015873
4442,23.073015873
4443,23.073015873
4444,23.073015873
4445,23.073015873
4446,23.073015873
4447,23.0822751323
4448,23.1007936508
4449,23.1100529101
4450,23.1100529101
4451,23.1100529101
4452,23.1285714286
4453,23.1440035273
4454,23.1440035273
4455,23.1551146384
4456,23.1551146384
4457,23.1551146384
4458,23.1551146384
4459,23.161287478
4460,23.161287478
4461,23.161287478
4462,23.161287478
4463,23.161287478
4464,23.161287478
4465,23.161287478
4466,23.161287478
4467,23.161287478
4468,23.161287478
4469,23.161287478
4470,23.161287478
4471,23.1751763668
4472,23.1751763668
4473,23.1751763668
4474,23.1751763668
4475,23.1751763668
4476,23.1751763668
4477,23.1751763668
4478,23.1751763668
4479,23.1751763668
4480,23.1751763668
4481,23.1751763668
4482,23.1751763668
4483,23.1751763668
4484,23.1751763668
4485,23.1751763668
4486,23.1751763668
4487,23.1751763668
4488,23.1751763668
4489,23.1751763668
4490,23.1751763668
4491,23.2048059965
4492,23.2048059965
4493,23.2048059965
4494,23.2159171076
4495,23.2344356261
4496,23.2344356261
4497,23.242372134
4498,23.2562610229
4499,23.2562610229
4500,23.2562610229
4501,23.2562610229
4502,23.2701499118
4503,23.2701499118
4504,23.2794091711
4505,23.2886684303
4506,23.2948412698
4507,23.2948412698
4508,23.2948412698
4509,23.3027777778
4510,23.3027777778
4511,23.3027777778
4512,23.3186507937
4513,23.3186507937
4514,23.3186507937
4515,23.3186507937
4516,23.3279100529
4517,23.3279100529
4518,23.3279100529
4519,23.3279100529
4520,23.3279100529
4521,23.3279100529
4522,23.3279100529
4523,23.3279100529
4524,23.3279100529
4525,23.3279100529
4526,23.3279100529
4527,23.3279100529
4528,23.3371693122
4529,23.3371693122
4530,23.3371693122
4531,23.3695767196
4532,23.3695767196
4533,23.3695767196
4534,23.3695767196
4535,23.3695767196
4536,23.3695767196
4537,23.3695767196
4538,23.3788359788
4539,23.3788359788
4540,23.3973544974
4541,23.3973544974
4542,23.3973544974
4543,23.4158730159
4544,23.4359347443
4545,23.4359347443
4546,23.4359347443
4547,23.4359347443
4548,23.4359347443
4549,23.4359347443
4550,23.4359347443
4551,23.4359347443
4552,23.4359347443
4553,23.4359347443
4554,23.4498236332
4555,23.4498236332
4556,23.4498236332
4557,23.4498236332
4558,23.4498236332
4559,23.4498236332
4560,23.4498236332
4561,23.4498236332
4562,23.4498236332
4563,23.4498236332
4564,23.4498236332
4565,23.4498236332
4566,23.4498236332
4567,23.4498236332
4568,23.4498236332
4569,23.4498236332
4570,23.4498236332
4571,23.4498236332
4572,23.4498236332
4573,23.4498236332
4574,23.4498236332
4575,23.4498236332
4576,23.4498236332
4577,23.4498236332
4578,23.4498236332
4579,23.4498236332
4580,23.4498236332
4581,23.4498236332
4582,23.4590828924
4583,23.4590828924
4584,23.4590828924
4585,23.4590828924
4586,23.4590828924
4587,23.4652557319
4588,23.476366843
4589,23.476366843
4590,23.476366843
4591,23.476366843
4592,23.476366843
4593,23.4874779541
4594,23.4874779541
4595,23.4874779541
4596,23.4874779541
4597,23.4874779541
4598,23.4874779541
4599,23.4874779541
4600,23.4874779541
4601,23.5059964727
4602,23.5059964727
4603,23.5059964727
4604,23.5059964727
4605,23.5059964727
4606,23.5059964727
4607,23.5059964727
4608,23.5245149912
4609,23.5245149912
4610,23.5324514991
4611,23.5324514991
4612,23.5324514991
4613,23.5324514991
4614,23.5324514991
4615,23.5324514991
4616,23.5386243386
4617,23.5386243386
4618,23.5386243386
4619,23.5386243386
4620,23.5386243386
4621,23.5571428571
4622,23.5571428571
4623,23.5571428571
4624,23.5571428571
4625,23.6126984127
4626,23.621957672
4627,23.621957672
4628,23.621957672
4629,23.621957672
4630,23.6404761905
4631,23.6404761905
4632,23.6404761905
4633,23.6543650794
4634,23.6654761905
4635,23.6654761905
4636,23.6654761905
4637,23.6654761905
4638,23.6654761905
4639,23.6654761905
4640,23.6654761905
4641,23.6654761905
4642,23.683994709
4643,23.683994709
4644,23.683994709
4645,23.683994709
4646,23.683994709
4647,23.683994709
4648,23.683994709
4649,23.683994709
4650,23.683994709
4651,23.683994709
4652,23.683994709
4653,23.683994709
4654,23.683994709
4655,23.683994709
4656,23.683994709
4657,23.683994709
4658,23.6932539683
4659,23.7117724868
4660,23.7117724868
4661,23.7117724868
4662,23.7117724868
4663,23.7117724868
4664,23.7117724868
4665,23.7117724868
4666,23.7117724868
4667,23.7228835979
4668,23.7228835979
4669,23.7228835979
4670,23.7228835979
4671,23.7228835979
4672,23.7228835979
4673,23.7228835979
4674,23.7228835979
4675,23.7228835979
4676,23.7308201058
4677,23.7308201058
4678,23.7308201058
4679,23.7308201058
4680,23.7308201058
4681,23.7308201058
4682,23.7308201058
4683,23.7308201058
4684,23.7308201058
4685,23.7493386243
4686,23.7493386243
4687,23.7493386243
4688,23.7493386243
4689,23.7493386243
4690,23.7493386243
4691,23.7493386243
4692,23.7493386243
4693,23.7493386243
4694,23.7493386243
4695,23.7493386243
4696,23.7493386243
4697,23.7493386243
4698,23.7493386243
4699,23.7493386243
4700,23.7493386243
4701,23.7493386243
4702,23.7493386243
4703,23.7555114638
4704,23.7555114638
4705,23.7555114638
4706,23.7555114638
4707,23.7647707231
4708,23.7647707231
4709,23.7647707231
4710,23.772707231
4711,23.772707231
4712,23.772707231
4713,23.772707231
4714,23.772707231
4715,23.772707231
4716,23.772707231
4717,23.772707231
4718,23.772707231
4719,23.772707231
4720,23.772707231
4721,23.772707231
4722,23.7838183422
4723,23.7838183422
4724,23.7838183422
4725,23.7838183422
4726,23.7838183422
4727,23.7838183422
4728,23.7838183422
4729,23.7838183422
4730,23.7838183422
4731,23.7838183422
4732,23.7838183422
4733,23.7838183422
4734,23.7838183422
4735,23.7838183422
4736,23.7838183422
4737,23.7838183422
4738,23.7838183422
4739,23.7838183422
4740,23.7838183422
4741,23.7838183422
4742,23.7838183422
4743,23.7838183422
4744,23.7838183422
4745,23.7838183422
4746,23.7838183422
4747,23.7838183422
4748,23.7838183422
4749,23.7949294533
4750,23.7949294533
4751,23.7949294533
4752,23.7949294533
4753,23.7949294533
4754,23.7949294533
4755,23.7949294533
4756,23.7949294533
4757,23.7949294533
4758,23.8011022928
4759,23.8011022928
4760,23.8011022928
4761,23.8011022928
4762,23.8011022928
4763,23.8011022928
4764,23.8011022928
4765,23.8011022928
4766,23.8011022928
4767,23.8011022928
4768,23.8011022928
4769,23.8011022928
4770,23.8011022928
4771,23.8011022928
4772,23.8011022928
4773,23.8011022928
4774,23.8196208113
4775,23.8196208113
4776,23.8196208113
4777,23.8335097002
4778,23.8335097002
4779,23.8335097002
4780,23.8335097002
4781,23.8335097002
4782,23.8335097002
4783,23.8396825397
4784,23.8396825397
4785,23.8396825397
4786,23.8396825397
4787,23.8396825397
4788,23.8396825397
4789,23.8396825397
4790,23.8396825397
4791,23.8396825397
4792,23.8476190476
4793,23.8476190476
4794,23.8615079365
4795,23.8615079365
4796,23.8615079365
4797,23.8615079365
4798,23.8615079365
4799,23.8615079365
4800,23.8726190476
4801,23.8726190476
4802,23.8726190476
4803,23.8726190476
4804,23.8726190476
4805,23.8726190476
4806,23.8726190476
4807,23.8726190476
4808,23.8726190476
4809,23.8726190476
4810,23.8726190476
4811,23.8726190476
4812,23.8726190476
4813,23.8726190476
4814,23.8726190476
4815,23.8726190476
4816,23.8726190476
4817,23.8911375661
4818,23.8911375661
4819,23.8911375661
4820,23.8911375661
4821,23.8911375661
4822,23.8911375661
4823,23.8911375661
4824,23.8911375661
4825,23.8911375661
4826,23.8911375661
4827,23.8911375661
4828,23.8911375661
4829,23.8911375661
4830,23.8911375661
4831,23.8911375661
4832,23.8911375661
4833,23.8911375661
4834,23.9207671958
4835,23.9207671958
4836,23.9207671958
4837,23.9318783069
4838,23.9318783069
4839,23.9318783069
4840,23.9503968254
4841,23.9503968254
4842,23.9503968254
4843,23.9503968254
4844,23.9503968254
4845,23.9503968254
4846,23.9503968254
4847,23.9503968254
4848,23.9503968254
4849,23.9503968254
4850,23.9503968254
4851,23.9503968254
4852,23.9503968254
4853,23.9503968254
4854,23.9503968254
4855,23.9503968254
4856,23.9503968254
4857,23.9503968254
4858,23.9503968254
4859,23.9503968254
4860,23.9503968254
4861,23.9874338624
4862,24.0121252205
4863,24.0121252205
4864,24.0121252205
4865,24.0121252205
4866,24.0121252205
4867,24.0121252205
4868,24.0121252205
4869,24.0121252205
4870,24.0121252205
4871,24.0121252205
4872,24.01829806
4873,24.01829806
4874,24.01829806
4875,24.01829806
4876,24.01829806
4877,24.01829806
4878,24.01829806
4879,24.01829806
4880,24.01829806
4881,24.0738536155
4882,24.0738536155
4883,24.0831128748
4884,24.0831128748
4885,24.0831128748
4886,24.0892857143
4887,24.0954585538
4888,24.0954585538
4889,24.0954585538
4890,24.0954585538
4891,24.1093474427
4892,24.1093474427
4893,24.1093474427
4894,24.1093474427
4895,24.1093474427
4896,24.1093474427
4897,24.1093474427
4898,24.1093474427
4899,24.1093474427
4900,24.1093474427
4901,24.1093474427
4902,24.1093474427
4903,24.1093474427
4904,24.1093474427
4905,24.1093474427
4906,24.1093474427
4907,24.1093474427
4908,24.1093474427
4909,24.1093474427
4910,24.1093474427
4911,24.1093474427
4912,24.1093474427
4913,24.1093474427
4914,24.1093474427
4915,24.1278659612
4916,24.1543209877
4917,24.1543209877
4918,24.1543209877
4919,24.1543209877
4920,24.1543209877
4921,24.1543209877
4922,24.1543209877
4923,24.1543209877
4924,24.1543209877
4925,24.1543209877
4926,24.1543209877
4927,24.1543209877
4928,24.1543209877
4929,24.1543209877
4930,24.1543209877
4931,24.1543209877
4932,24.1543209877
4933,24.1543209877
4934,24.1543209877
4935,24.1543209877
4936,24.1543209877
4937,24.1543209877
4938,24.1543209877
4939,24.1654320988
4940,24.1654320988
4941,24.1654320988
4942,24.1654320988
4943,24.1654320988
4944,24.1654320988
4945,24.1654320988
4946,24.1654320988
4947,24.1654320988
4948,24.1654320988
4949,24.1839506173
4950,24.1839506173
4951,24.1839506173
4952,24.1839506173
4953,24.1978395062
4954,24.1978395062
4955,24.1978395062
4956,24.2070987654
4957,24.2070987654
4958,24.2070987654
4959,24.2070987654
4960,24.2070987654
4961,24.2070987654
4962,24.2070987654
4963,24.2070987654
4964,24.2070987654
4965,24.2070987654
4966,24.2070987654
4967,24.225617284
4968,24.225617284
4969,24.2367283951
4970,24.2367283951
4971,24.2367283951
4972,24.2367283951
4973,24.2367283951
4974,24.2367283951
4975,24.2367283951
4976,24.250617284
4977,24.250617284
4978,24.250617284
4979,24.250617284
4980,24.250617284
4981,24.250617284
4982,24.250617284
4983,24.2691358025
4984,24.2691358025
4985,24.2691358025
4986,24.2691358025
4987,24.2691358025
4988,24.2691358025
4989,24.2691358025
4990,24.2802469136
4991,24.2802469136
4992,24.2802469136
4993,24.2802469136
4994,24.2802469136
4995,24.2802469136
4996,24.2802469136
4997,24.2802469136
4998,24.2802469136
