1,0.640109682248
2,0.716859947113
3,0.774564961748
4,0.821946581382
5,0.861850179928
6,0.896620141638
7,0.927905110508
8,0.958164533532
9,0.987412931073
10,1.01469916151
11,1.04747073124
12,1.07832990254
13,1.1035717138
14,1.126559541
15,1.15140610853
16,1.17615777948
17,1.19689764562
18,1.22015079044
19,1.24308588718
20,1.27009822691
21,1.2883447945
22,1.30549089514
23,1.3208580624
24,1.33823786473
25,1.35833562426
26,1.37441096292
27,1.3846717901
28,1.39526317666
29,1.40930543548
30,1.42200361365
31,1.44057822532
32,1.45765400805
33,1.47792235364
34,1.49984107284
35,1.51630388876
36,1.52646695474
37,1.53577105062
38,1.54660018556
39,1.56200795602
40,1.57857444436
41,1.58855558275
42,1.59167519218
43,1.606293659
44,1.62056179854
45,1.63098053672
46,1.64296872623
47,1.65555614648
48,1.66504142855
49,1.67825429711
50,1.68337480087
51,1.7028597839
52,1.71478365601
53,1.73666884551
54,1.75504900232
55,1.77037217433
56,1.78771588554
57,1.79390639904
58,1.80939997394
59,1.81671021325
60,1.82570288039
61,1.8286603047
62,1.83241782334
63,1.83321166974
64,1.85384524055
65,1.87684252381
66,1.88881507052
67,1.90617544686
68,1.91316855381
69,1.91675581435
70,1.92529717278
71,1.9316909388
72,1.93027274631
73,1.93392506622
74,1.94445955213
75,1.95552214424
76,1.96555473711
77,1.96636240041
78,1.96995830559
79,1.96256547194
80,1.96695030646
81,1.97848600227
82,1.99482489901
83,1.99817085836
84,2.00653945576
85,2.01488463405
86,2.01553954946
87,2.02195878767
88,2.0306914235
89,2.03605891927
90,2.0447051482
91,2.06627209889
92,2.07075286338
93,2.0688237277
94,2.07342190927
95,2.08231895928
96,2.08751628965
97,2.09208921117
98,2.10053233643
99,2.10582547216
100,2.12345701663
101,2.13038533552
102,2.11337109725
103,2.1168777449
104,2.1283314216
105,2.13347047312
106,2.14653354186
107,2.15838721678
108,2.15647396569
109,2.15070982026
110,2.1568771118
111,2.12568840756
112,2.12696347839
113,2.12914005498
114,2.13123853267
115,2.14039910805
116,2.13319452401
117,2.13198766356
118,2.13515072963
119,2.11403487676
120,2.12139777533
121,2.1263358428
122,2.14286185182
123,2.14425980374
124,2.14665260677
125,2.16814566814
126,2.17436813872
127,2.18025929808
128,2.18154206331
129,2.18836035121
130,2.1926192688
131,2.19704663571
132,2.20584164598
133,2.21200965785
134,2.21600921128
135,2.23096030019
136,2.23803158454
137,2.24208921024
138,2.25628703266
139,2.29190201339
140,2.29832864068
141,2.31070152577
142,2.31835430947
143,2.32650259741
144,2.32967482168
145,2.3327784567
146,2.33687920663
147,2.34657464238
148,2.35332114666
149,2.35957168624
150,2.36480489939
151,2.37334177696
152,2.37987227616
153,2.38490305268
154,2.392535578
155,2.40399650719
156,2.40422397306
157,2.40898459031
158,2.41377840902
159,2.41978559909
160,2.42406025257
161,2.41266777902
162,2.40993102159
163,2.41326747492
164,2.41612297421
165,2.41891530736
166,2.42169810428
167,2.42434549264
168,2.42879202318
169,2.4329455639
170,2.44078623753
171,2.44660979353
172,2.46561689733
173,2.47819206219
174,2.48255135742
175,2.48783482836
176,2.49201250173
177,2.49496312969
178,2.51035843784
179,2.52850088212
180,2.53359074734
181,2.5400498871
182,2.54757603535
183,2.55012427156
184,2.55497225441
185,2.55249656307
186,2.55580274376
187,2.56228952176
188,2.56560872322
189,2.56845477524
190,2.57267902231
191,2.58054654382
192,2.58327711702
193,2.58679230406
194,2.58926926259
195,2.59747714789
196,2.60201695844
197,2.60545509848
198,2.61757863691
199,2.62493772485
200,2.63108872958
201,2.6374372473
202,2.63887373802
203,2.64095737263
204,2.64381070151
205,2.64876898618
206,2.65782539193
207,2.66225158757
208,2.67231636472
209,2.67616992533
210,2.68006643897
211,2.68443283295
212,2.68889731074
213,2.69307347847
214,2.69623643793
215,2.70095064101
216,2.70765994895
217,2.70433382328
218,2.70553064331
219,2.71298555409
220,2.72274153158
221,2.72392227067
222,2.72969984753
223,2.73151419352
224,2.73367171813
225,2.73840589535
226,2.74051717647
227,2.75966078237
228,2.76543892181
229,2.77062698925
230,2.77167302493
231,2.77309075981
232,2.77455685209
233,2.7777438078
234,2.77984065173
235,2.79125440011
236,2.79939781311
237,2.80344818341
238,2.78586118255
239,2.7858395193
240,2.78938686098
241,2.79290889927
242,2.79754817987
243,2.80425674313
244,2.80644573031
245,2.81295317137
246,2.81446714945
247,2.81780166599
248,2.82020126298
249,2.82483456855
250,2.859508741
251,2.86232313576
252,2.86615764583
253,2.87037090844
254,2.87520100468
255,2.87863013597
256,2.88175516066
257,2.88284377377
258,2.88459815974
259,2.88575552736
260,2.89141058597
261,2.89739795806
262,2.90550294183
263,2.99020330555
264,3.00552887627
265,3.00785850301
266,3.00896217203
267,3.00931355119
268,3.01416066323
269,3.01779970024
270,3.02119230191
271,3.02217450528
272,3.0310223581
273,3.03792886956
274,3.04106141894
275,3.04136655015
276,3.0431602381
277,3.05013932499
278,3.06855959103
279,3.06976525671
280,3.07460690629
281,3.07620784389
282,3.0786951227
283,3.08158745454
284,3.08516023217
285,3.08950842322
286,3.09403394157
287,3.09729968167
288,3.09965500179
289,3.10301092949
290,3.10923562585
291,3.11505699746
292,3.1277563595
293,3.14108003951
294,3.19422398192
295,3.19783877001
296,3.20276760501
297,3.20473562469
298,3.20866575053
299,3.2162646246
300,3.21941653112
301,3.22590704245
302,3.22941587218
303,3.23941457743
304,3.24450618098
305,3.24778463684
306,3.25185313907
307,3.25784944903
308,3.25923321287
309,3.25974787591
310,3.2638230238
311,3.26642398731
312,3.28842760514
313,3.30790567899
314,3.30980537504
315,3.31148217342
316,3.31553278593
317,3.31837772468
318,3.32586885943
319,3.32953907219
320,3.33096764362
321,3.33703400634
322,3.33729996379
323,3.33808850429
324,3.33972454555
325,3.3444499915
326,3.34471003878
327,3.34552564162
328,3.3487784545
329,3.35357735334
330,3.35357735334
331,3.35527652592
332,3.3598765506
333,3.41617416213
334,3.43928502374
335,3.44370575545
336,3.44798658641
337,3.45732562135
338,3.46626871079
339,3.46716301973
340,3.47252887339
341,3.4751304994
342,3.47688189841
343,3.48020414527
344,3.48597650299
345,3.48906012669
346,3.49843730439
347,3.49996169463
348,3.50721343679
349,3.51326163656
350,3.51496508217
351,3.51803563966
352,3.52338116811
353,3.52535948789
354,3.53011558546
355,3.53214810578
356,3.53458713017
357,3.3874963465
358,3.37748789374
359,3.37787213966
360,3.37829177665
361,3.37829177665
362,3.38053035219
363,3.38255255549
364,3.38347158523
365,3.38548430194
366,3.38764568523
367,3.39112682224
368,3.39411564418
369,3.39939902555
370,3.40372179212
371,3.40408202266
372,3.4117942312
373,3.41231820291
374,3.4132788177
375,3.41568035469
376,3.41664096948
377,3.41688112318
378,3.41942675238
379,3.42097574374
380,3.4218563073
381,3.4247121063
382,3.4252567611
383,3.42583867198
384,3.45231868974
385,3.49045699074
386,3.49465198696
387,3.5043895775
388,3.51124977392
389,3.51760448218
390,3.51818218293
391,3.5186154585
392,3.52164838744
393,3.52273157635
394,3.52294821413
395,3.52634089309
396,3.53094149179
397,3.5324120028
398,3.53339409407
399,3.53706249384
400,3.54052869835
401,3.54115454083
402,3.54153967466
403,3.54230994233
404,3.54351348556
405,3.54394676112
406,3.54394676112
407,3.54394676112
408,3.54432766272
409,3.54484187987
410,3.54761484348
411,3.54979034288
412,3.55323222315
413,3.55409877427
414,3.5561207269
415,3.5561207269
416,3.55750171717
417,3.56034406651
418,3.56179292192
419,3.56200643745
420,3.56501090602
421,3.56943650071
422,3.57687395846
423,3.58200641896
424,3.58745850575
425,3.59358160285
426,3.59479022069
427,3.59753923318
428,3.60005109092
429,3.60071422089
430,3.60204048084
431,3.60383756991
432,3.6056738035
433,3.60760078119
434,3.61470017267
435,3.62788475685
436,3.6304202538
437,3.63204297186
438,3.63366568991
439,3.63822958443
440,3.6411707609
441,3.6411707609
442,3.6411707609
443,3.64204007414
444,3.64204007414
445,3.64344151246
446,3.64476567849
447,3.64476567849
448,3.64476567849
449,3.64665884955
450,3.64665884955
451,3.64665884955
452,3.64665884955
453,3.64733498208
454,3.72752517135
455,3.80936311692
456,3.81685726212
457,3.81978466259
458,3.82329754315
459,3.82534672348
460,3.82534672348
461,3.82534672348
462,3.82913840409
463,3.83187064452
464,3.83449136494
465,3.83546276299
466,3.83558602196
467,3.83625514207
468,3.8370580862
469,3.84096128682
470,3.84461728474
471,3.85281400605
472,3.85534753809
473,3.8591531587
474,3.8697754404
475,3.87141478466
476,3.87250768084
477,3.87720384748
478,3.87771742651
479,3.8820623051
480,3.88537317791
481,3.88765004494
482,3.88848820592
483,3.88989335814
484,3.89020561419
485,3.89141560639
486,3.89294686202
487,3.89312700974
488,3.89338722311
489,3.89484441801
490,3.8959819222
491,3.89737034642
492,3.89983552576
493,3.9005078474
494,3.90284976777
495,3.9038385786
496,3.9048794321
497,3.90790187804
498,3.91840250153
499,3.93550139444
500,4.10880781377
501,4.11053255397
502,4.11141675622
503,4.11177698677
504,4.11301206293
505,4.11685452211
506,4.11685452211
507,4.1211947544
508,4.12433858463
509,4.12433858463
510,4.12491495351
511,4.12631470649
512,4.12837316677
513,4.12919655087
514,4.1346400347
515,4.13696879784
516,4.13696879784
517,4.13908215039
518,4.14004276518
519,4.14004276518
520,4.14004276518
521,4.14133959515
522,4.14443757786
523,4.14515803895
524,4.14515803895
525,4.14773111429
526,4.14814280635
527,4.1485030369
528,4.15030418963
529,4.15258564977
530,4.15450687936
531,4.15450687936
532,4.15844540001
533,4.16046269107
534,4.16046269107
535,4.16478545765
536,4.16994876216
537,4.17206085074
538,4.17357381904
539,4.17684749314
540,4.17734296814
541,4.17734296814
542,4.17907207476
543,4.17948376682
544,4.18108479147
545,4.18275659827
546,4.190891259
547,4.19259416704
548,4.19457028891
549,4.19514665778
550,4.19802850216
551,4.19860487104
552,4.20407298602
553,4.2069548304
554,4.2069548304
555,4.1235776096
556,4.03941209508
557,4.04703743943
558,4.04981429894
559,4.05014487745
560,4.05047545596
561,4.05047545596
562,4.05047545596
563,4.0514671915
564,4.05263693085
565,4.05445511267
566,4.05536420358
567,4.05793996116
568,4.0622833955
569,4.06490965812
570,4.06637889596
571,4.06744409339
572,4.06782686851
573,4.07338622143
574,4.07823470628
575,4.0797498578
576,4.088592833
577,4.088592833
578,4.088592833
579,4.088592833
580,4.09189426841
581,4.09356093508
582,4.09719729871
583,4.09813669265
584,4.10033673822
585,4.1011740588
586,4.1038796865
587,4.10686336949
588,4.10956733219
589,4.10956733219
590,4.12229460492
591,4.13199157461
592,4.13303053565
593,4.13456588919
594,4.13715174777
595,4.13896992959
596,4.14210124272
597,4.14412144474
598,4.14464092526
599,4.1456798863
600,4.14658897721
601,4.14886170448
602,4.14952286151
603,4.15125446324
604,4.1554103074
605,4.15662242861
606,4.15700520373
607,4.15719659129
608,4.15719659129
609,4.16404507614
610,4.16616628826
611,4.16616628826
612,4.16616628826
613,4.16843901553
614,4.1717117428
615,4.1717117428
616,4.17862083371
617,4.18189356098
618,4.18245300154
619,4.1856115097
620,4.18640895787
621,4.18915536935
622,4.19176142996
623,4.19709476329
624,4.22572894832
625,4.44345793596
626,4.44437117797
627,4.44528441998
628,4.44528441998
629,4.44528441998
630,4.44528441998
631,4.44528441998
632,4.44528441998
633,4.44528441998
634,4.447858102
635,4.455210871
636,4.45743543487
637,4.45743543487
638,4.45865309088
639,4.45926191889
640,4.45926191889
641,4.46024992925
642,4.46353439612
643,4.46418671184
644,4.46549134329
645,4.46549134329
646,4.46549134329
647,4.46549134329
648,4.46621232382
649,4.46773439383
650,4.46773439383
651,4.47492617466
652,4.47812252169
653,4.47812252169
654,4.47935085889
655,4.47985821556
656,4.48158866421
657,4.49010500835
658,4.4906757846
659,4.49295888962
660,4.49420057832
661,4.49444090517
662,4.49444090517
663,4.49444090517
664,4.49866760586
665,4.50064362658
666,4.50887482101
667,4.50911514785
668,4.51324876958
669,4.51416201158
670,4.51771350829
671,4.52976322924
672,4.53024388293
673,4.53048420977
674,4.53200627979
675,4.53444159181
676,4.53626807583
677,4.53626807583
678,4.54116637388
679,4.5433249459
680,4.54415516591
681,4.54445957991
682,4.55206992999
683,4.55359200001
684,4.55541848402
685,4.55907145206
686,4.56729063014
687,4.56896490716
688,4.56972594217
689,4.57252793469
690,4.57424026346
691,4.57576233348
692,4.58104952406
693,4.58170183978
694,4.58626804982
695,4.58626804982
696,4.59600929792
697,4.60023304221
698,4.60080381847
699,4.60080381847
700,4.60080381847
701,4.60263030249
702,4.60608032785
703,4.61196566525
704,4.61683628929
705,4.61835835931
706,4.61835835931
707,4.61901067503
708,4.62412048151
709,4.62469125777
710,4.6281159153
711,4.63572626538
712,4.63572626538
713,4.64029247542
714,4.53765420101
715,4.51648868114
716,4.51648868114
717,4.52276206877
718,4.52802657827
719,4.53226386641
720,4.53650115454
721,4.53650115454
722,4.5393260133
723,4.5393260133
724,4.5393260133
725,4.53992072041
726,4.54021807396
727,4.54021807396
728,4.54021807396
729,4.54021807396
730,4.54115969355
731,4.5439845523
732,4.54539698168
733,4.54539698168
734,4.54971131142
735,4.55226855198
736,4.55512314609
737,4.55921919129
738,4.56769376756
739,4.56769376756
740,4.56769376756
741,4.56769376756
742,4.56769376756
743,4.56910619694
744,4.56910619694
745,4.56910619694
746,4.56910619694
747,4.56910619694
748,4.56991329944
749,4.57072040194
750,4.57072040194
751,4.57825335863
752,4.58740052032
753,4.58740052032
754,4.58740052032
755,4.58740052032
756,4.58951916439
757,4.59093159376
758,4.59738841378
759,4.59738841378
760,4.59964830079
761,4.60077824429
762,4.60283268702
763,4.6033462977
764,4.60385990839
765,4.606875923
766,4.60717327655
767,4.60717327655
768,4.60717327655
769,4.60858570593
770,4.60858570593
771,4.60858570593
772,4.60858570593
773,4.60947776659
774,4.60947776659
775,4.6110919716
776,4.61340566544
777,4.6141589611
778,4.61702050634
779,4.61863471134
780,4.61863471134
781,4.61926245773
782,4.61989020412
783,4.6295509765
784,4.63835573106
785,4.64424757933
786,4.65986134409
787,4.66111683688
788,4.66362782244
789,4.66362782244
790,4.66362782244
791,4.66362782244
792,4.66488331522
793,4.66551106161
794,4.66751985006
795,4.66902644139
796,4.6712863284
797,4.67231354977
798,4.67334077113
799,4.67334077113
800,4.67334077113
801,4.6752240103
802,4.6752240103
803,4.6752240103
804,4.67705833417
805,4.68100354151
806,4.68213348501
807,4.68326342851
808,4.68326342851
809,4.68326342851
810,4.68326342851
811,4.68326342851
812,4.68467585789
813,4.68730811264
814,4.6912702522
815,4.69197646689
816,4.69268268158
817,4.69268268158
818,4.69475424467
819,4.69588418817
820,4.69588418817
821,4.69588418817
822,4.69870904692
823,4.7001214763
824,4.70074922269
825,4.70230206903
826,4.70370387864
827,4.70451098114
828,4.70451098114
829,4.70612518614
830,4.70693228865
831,4.70935359615
832,4.70935359615
833,4.88158984482
834,4.93014666552
835,4.93143865518
836,4.93143865518
837,4.93284809845
838,4.93439848605
839,4.93749926124
840,4.94082152038
841,4.94192894009
842,4.94192894009
843,4.94192894009
844,4.94192894009
845,4.94192894009
846,4.94192894009
847,4.94192894009
848,4.94451291942
849,4.94451291942
850,4.94451291942
851,4.94872111433
852,4.95027150192
853,4.95137892164
854,4.95359376106
855,4.95617774039
856,4.9572851601
857,4.96337596852
858,4.96725193751
859,4.96725193751
860,4.9711279065
861,4.97758785482
862,4.97758785482
863,4.97758785482
864,4.97758785482
865,4.98017183415
866,4.98017183415
867,4.98017183415
868,4.98017183415
869,4.98017183415
870,4.98327260934
871,4.98792377213
872,4.99542314071
873,4.99653056042
874,4.99874539985
875,4.99874539985
876,4.99874539985
877,4.99874539985
878,4.99874539985
879,4.99874539985
880,4.99874539985
881,4.99874539985
882,5.00003738951
883,5.00219070562
884,5.00402102431
885,5.0098349778
886,5.01371094679
887,5.01549985555
888,5.02092621214
889,5.02402698734
890,5.02790295633
891,5.03371690982
892,5.04114245041
893,5.04114245041
894,5.04114245041
895,5.04114245041
896,5.04114245041
897,5.04114245041
898,5.04114245041
899,5.04295459176
900,5.04506875667
901,5.04506875667
902,5.04758473654
903,5.0519075591
904,5.05383097228
905,5.055615958
906,5.05830760314
907,5.05916892958
908,5.05916892958
909,5.05916892958
910,5.05916892958
911,5.05916892958
912,5.05916892958
913,5.05916892958
914,5.05916892958
915,5.05916892958
916,5.05916892958
917,5.05916892958
918,5.05916892958
919,5.06057837285
920,5.06457179545
921,5.06457179545
922,5.06457179545
923,5.06457179545
924,5.06457179545
925,5.06624550933
926,5.07082619996
927,5.07082619996
928,5.07082619996
929,5.07237658755
930,5.08684687179
931,5.08770819823
932,5.08856952468
933,5.0907843641
934,5.09189178381
935,5.09270777729
936,5.09311577402
937,5.09311577402
938,5.09311577402
939,5.09422319373
940,5.09643803316
941,5.09643803316
942,5.09643803316
943,5.09643803316
944,5.09643803316
945,5.09643803316
946,5.09643803316
947,5.09643803316
948,5.09643803316
949,5.10234427162
950,5.10234427162
951,5.10234427162
952,5.10234427162
953,5.10234427162
954,5.10234427162
955,5.10234427162
956,5.10234427162
957,5.10234427162
958,5.10234427162
959,5.10516315816
960,5.10903912715
961,5.11291509615
962,5.11291509615
963,5.11604568649
964,5.1185799739
965,5.1185799739
966,5.1185799739
967,5.1185799739
968,5.1185799739
969,5.1185799739
970,5.12139886044
971,5.12449963564
972,5.12449963564
973,5.12449963564
974,5.12449963564
975,5.12449963564
976,5.12449963564
977,5.12449963564
978,5.12449963564
979,5.12449963564
980,5.12449963564
981,5.12449963564
982,5.12856940308
983,5.13839775302
984,5.14227372202
985,5.14421170651
986,5.14421170651
987,5.14808767551
988,5.14808767551
989,5.14808767551
990,5.14808767551
991,5.14808767551
992,5.15067165483
993,5.15067165483
994,5.15067165483
995,5.1564539862
996,5.15927287274
997,5.16185685206
998,5.16326629533
999,5.08014769479
1000,4.62387963225
1001,4.62919878119
1002,4.63451793012
1003,4.63603768696
1004,4.6375574438
1005,4.64181276295
1006,4.64447233742
1007,4.64503224783
1008,4.64615206866
1009,4.64615206866
1010,4.64615206866
1011,4.64615206866
1012,4.64615206866
1013,4.64615206866
1014,4.64615206866
1015,4.64615206866
1016,4.64851613485
1017,4.64907604527
1018,4.6501958661
1019,4.6501958661
1020,4.6501958661
1021,4.6501958661
1022,4.65196891574
1023,4.65374196539
1024,4.65374196539
1025,4.6583012359
1026,4.6583012359
1027,4.6583012359
1028,4.6583012359
1029,4.6583012359
1030,4.66501154687
1031,4.66713920644
1032,4.66713920644
1033,4.66713920644
1034,4.66713920644
1035,4.66713920644
1036,4.66713920644
1037,4.67352218517
1038,4.68416048304
1039,4.68804430607
1040,4.68956406291
1041,4.68956406291
1042,4.68956406291
1043,4.69133711256
1044,4.69133711256
1045,4.69133711256
1046,4.69133711256
1047,4.69133711256
1048,4.69133711256
1049,4.69133711256
1050,4.69559243171
1051,4.69559243171
1052,4.69559243171
1053,4.69869526859
1054,4.70002505582
1055,4.71066335369
1056,4.71826213789
1057,4.72130165156
1058,4.7228214084
1059,4.7228214084
1060,4.72434116524
1061,4.72738067892
1062,4.72738067892
1063,4.72738067892
1064,4.72738067892
1065,4.72738067892
1066,4.72850049975
1067,4.72906041016
1068,4.72906041016
1069,4.72906041016
1070,4.72906041016
1071,4.72906041016
1072,4.72906041016
1073,4.72906041016
1074,4.72962032058
1075,4.73074014141
1076,4.73074014141
1077,4.73395962629
1078,4.73507944712
1079,4.74039859605
1080,4.74305817052
1081,4.74305817052
1082,4.74305817052
1083,4.75103689393
1084,4.75369646839
1085,4.75369646839
1086,4.75369646839
1087,4.75901561733
1088,4.76433476627
1089,4.76433476627
1090,4.76489467668
1091,4.76601449751
1092,4.76601449751
1093,4.76683282812
1094,4.77804395741
1095,4.78229927656
1096,4.79293757443
1097,4.79753138488
1098,4.79753138488
1099,4.79753138488
1100,4.79753138488
1101,4.79946562085
1102,4.80212519532
1103,4.80478476979
1104,4.80478476979
1105,4.80630452663
1106,4.80630452663
1107,4.80630452663
1108,4.80630452663
1109,4.80630452663
1110,4.80920588059
1111,4.81017299858
1112,4.81404147054
1113,4.81404147054
1114,4.81404147054
1115,4.82467976841
1116,4.82661400439
1117,4.82854824036
1118,4.82854824036
1119,4.82854824036
1120,4.8300679972
1121,4.83272757167
1122,4.83538714614
1123,4.83538714614
1124,4.83538714614
1125,4.83538714614
1126,4.83538714614
1127,4.83538714614
1128,4.83538714614
1129,4.83823669021
1130,4.84260599112
1131,4.84260599112
1132,4.84260599112
1133,4.84260599112
1134,4.84260599112
1135,4.84260599112
1136,4.8456455048
1137,4.85202848352
1138,4.8541561431
1139,4.8541561431
1140,4.8541561431
1141,4.8541561431
1142,4.8541561431
1143,4.8541561431
1144,4.8541561431
1145,4.8541561431
1146,4.8541561431
1147,4.8541561431
1148,4.8541561431
1149,4.8541561431
1150,4.8541561431
1151,4.8541561431
1152,4.8541561431
1153,4.8541561431
1154,4.8541561431
1155,4.8541561431
1156,4.8541561431
1157,4.8541561431
1158,4.8541561431
1159,4.85471605351
1160,4.85583587434
1161,4.85583587434
1162,4.85583587434
1163,4.85583587434
1164,4.85583587434
1165,4.85583587434
1166,4.85583587434
1167,4.85583587434
1168,4.85583587434
1169,4.85583587434
1170,4.85583587434
1171,4.85583587434
1172,4.85970434629
1173,4.85970434629
1174,4.85970434629
1175,4.86426361681
1176,4.86716497078
1177,4.86813208876
1178,4.86813208876
1179,4.86813208876
1180,4.86813208876
1181,4.86813208876
1182,4.86813208876
1183,4.86813208876
1184,4.86813208876
1185,4.86813208876
1186,4.86813208876
1187,4.86813208876
1188,4.86813208876
1189,4.86813208876
1190,4.86813208876
1191,4.86813208876
1192,4.86813208876
1193,4.87061896359
1194,4.87158608158
1195,4.87158608158
1196,4.87782508334
1197,4.88713359398
1198,4.89112295568
1199,4.89537827483
1200,4.90076650362
1201,4.90076650362
1202,4.90076650362
1203,4.90228626046
1204,4.90228626046
1205,4.90228626046
1206,4.90740544139
1207,4.90852526222
1208,4.90852526222
1209,4.90852526222
1210,4.90852526222
1211,4.90852526222
1212,4.90852526222
1213,4.90852526222
1214,4.90852526222
1215,4.90852526222
1216,4.90852526222
1217,4.90852526222
1218,4.90852526222
1219,4.90852526222
1220,4.90852526222
1221,4.90852526222
1222,4.91029831187
1223,4.91029831187
1224,4.91029831187
1225,4.91384441116
1226,4.91384441116
1227,4.91384441116
1228,4.91768601872
1229,4.92684677522
1230,4.92684677522
1231,4.92684677522
1232,4.92836653206
1233,4.92836653206
1234,4.94905211126
1235,4.95673532639
1236,4.95673532639
1237,4.95673532639
1238,4.95673532639
1239,4.95939490086
1240,4.96294100015
1241,4.96294100015
1242,4.96294100015
1243,4.96294100015
1244,4.96294100015
1245,4.96462073139
1246,4.98078541777
1247,4.98368677173
1248,4.98368677173
1249,5.0080200948
1250,5.10752161229
1251,5.10752161229
1252,5.10752161229
1253,5.10752161229
1254,5.10752161229
1255,5.10752161229
1256,5.10752161229
1257,5.10752161229
1258,5.10752161229
1259,5.10752161229
1260,5.1103951755
1261,5.1103951755
1262,5.1103951755
1263,5.1103951755
1264,5.1103951755
1265,5.11196257362
1266,5.11352997174
1267,5.11352997174
1268,5.1169782476
1269,5.12913795722
1270,5.13826820991
1271,5.1409207298
1272,5.1409207298
1273,5.1409207298
1274,5.1409207298
1275,5.1409207298
1276,5.1409207298
1277,5.1409207298
1278,5.1409207298
1279,5.14584683818
1280,5.14898163442
1281,5.14898163442
1282,5.15079651645
1283,5.15416701165
1284,5.15663006584
1285,5.15663006584
1286,5.15663006584
1287,5.15663006584
1288,5.15663006584
1289,5.15663006584
1290,5.16094041067
1291,5.16832957323
1292,5.16832957323
1293,5.16832957323
1294,5.16832957323
1295,5.16832957323
1296,5.16923701425
1297,5.17105189628
1298,5.17105189628
1299,5.17105189628
1300,5.17105189628
1301,5.17286677831
1302,5.17377421933
1303,5.17377421933
1304,5.18073708405
1305,5.182063344
1306,5.19930472331
1307,5.19930472331
1308,5.19930472331
1309,5.20176777749
1310,5.20669388587
1311,5.2110042307
1312,5.2110042307
1313,5.2110042307
1314,5.2110042307
1315,5.21291993951
1316,5.21483564832
1317,5.22173220004
1318,5.22173220004
1319,5.22173220004
1320,5.22518047591
1321,5.22862875177
1322,5.22862875177
1323,5.22862875177
1324,5.2329390966
1325,5.2329390966
1326,5.2329390966
1327,5.2329390966
1328,5.2329390966
1329,5.2329390966
1330,5.2329390966
1331,5.2329390966
1332,5.2329390966
1333,5.23384653761
1334,5.23997176447
1335,5.23997176447
1336,5.24530838188
1337,5.2481819451
1338,5.2481819451
1339,5.2481819451
1340,5.2481819451
1341,5.2481819451
1342,5.2481819451
1343,5.2481819451
1344,5.24950820504
1345,5.25216072494
1346,5.25407643375
1347,5.25599214256
1348,5.261739269
1349,5.26912843156
1350,5.27159148575
1351,5.2802121754
1352,5.2802121754
1353,5.2802121754
1354,5.2802121754
1355,5.2802121754
1356,5.2802121754
1357,5.2802121754
1358,5.2802121754
1359,5.2802121754
1360,5.2802121754
1361,5.2802121754
1362,5.28595930184
1363,5.28595930184
1364,5.28595930184
1365,5.28595930184
1366,5.28595930184
1367,5.28595930184
1368,5.28595930184
1369,5.28842235603
1370,5.28842235603
1371,5.29581151859
1372,5.29581151859
1373,5.29581151859
1374,5.29581151859
1375,5.29581151859
1376,5.29581151859
1377,5.29581151859
1378,5.29581151859
1379,5.29925979445
1380,5.30615634617
1381,5.30615634617
1382,5.30615634617
1383,5.30748260612
1384,5.31205083483
1385,5.31588225245
1386,5.31588225245
1387,5.31588225245
1388,5.3172085124
1389,5.31986103229
1390,5.31986103229
1391,5.32848172195
1392,5.33161651819
1393,5.33161651819
1394,5.33161651819
1395,5.33161651819
1396,5.33161651819
1397,5.33161651819
1398,5.33654262656
1399,5.33900568075
1400,5.33900568075
1401,5.33900568075
1402,5.33900568075
1403,5.33900568075
1404,5.33900568075
1405,5.33900568075
1406,5.33900568075
1407,5.33900568075
1408,5.33900568075
1409,5.33900568075
1410,5.34393178912
1411,5.3488578975
1412,5.35168104733
1413,5.35732734698
1414,5.358234788
1415,5.36004967003
1416,5.36004967003
1417,5.36004967003
1418,5.36004967003
1419,5.36004967003
1420,5.36004967003
1421,5.37920675815
1422,5.39220621081
1423,5.39220621081
1424,5.39220621081
1425,5.39220621081
1426,5.39220621081
1427,5.39220621081
1428,5.39220621081
1429,5.39220621081
1430,5.39651655564
1431,5.39651655564
1432,5.39651655564
1433,5.39651655564
1434,5.39651655564
1435,5.39651655564
1436,5.39651655564
1437,5.39897960982
1438,5.40144266401
1439,5.40144266401
1440,5.40144266401
1441,5.40416498706
1442,5.40416498706
1443,5.40662804125
1444,5.41155414962
1445,5.41155414962
1446,5.41155414962
1447,5.41155414962
1448,5.41346985843
1449,5.41730127606
1450,5.41730127606
1451,5.41730127606
1452,5.41730127606
1453,5.41730127606
1454,5.41730127606
1455,5.41730127606
1456,5.42419782778
1457,5.42419782778
1458,5.42419782778
1459,5.42419782778
1460,5.42419782778
1461,5.42419782778
1462,5.42419782778
1463,5.42419782778
1464,5.42419782778
1465,5.42419782778
1466,5.42419782778
1467,5.42419782778
1468,5.42419782778
1469,5.42419782778
1470,5.42419782778
1471,5.42419782778
1472,5.42419782778
1473,5.43684150594
1474,5.43684150594
1475,5.43684150594
1476,5.43684150594
1477,5.43684150594
1478,5.43684150594
1479,5.43684150594
1480,5.43684150594
1481,5.43684150594
1482,5.44258863238
1483,5.44258863238
1484,5.44258863238
1485,5.44258863238
1486,5.44258863238
1487,5.44689897721
1488,5.45052874127
1489,5.45234362331
1490,5.45234362331
1491,5.45234362331
1492,5.45234362331
1493,5.45234362331
1494,5.45234362331
1495,5.45234362331
1496,5.45234362331
1497,5.45234362331
1498,5.45506594635
1499,5.45506594635
1500,5.45506594635
1501,5.46245510892
1502,5.46245510892
1503,5.46245510892
1504,5.46245510892
1505,5.46245510892
1506,5.46245510892
1507,5.46245510892
1508,5.46245510892
1509,5.46767289476
1510,5.46948777679
1511,5.46948777679
1512,5.46948777679
1513,5.47379812162
1514,5.47379812162
1515,5.47379812162
1516,5.47379812162
1517,5.48980797384
1518,5.48980797384
1519,5.49113423378
1520,5.49378675368
1521,5.49378675368
1522,5.49378675368
1523,5.49378675368
1524,5.49378675368
1525,5.49378675368
1526,5.49378675368
1527,5.49469419469
1528,5.49650907673
1529,5.49807647485
1530,5.49964387297
1531,5.49964387297
1532,5.49964387297
1533,5.49964387297
1534,5.49964387297
1535,5.50826456262
1536,5.50826456262
1537,5.50826456262
1538,5.50826456262
1539,5.50826456262
1540,5.51565372518
1541,5.51565372518
1542,5.51565372518
1543,5.51811677937
1544,5.52304288774
1545,5.52304288774
1546,5.52485776978
1547,5.52576521079
1548,5.52576521079
1549,5.53151233723
1550,5.53151233723
1551,5.53151233723
1552,5.53151233723
1553,5.53151233723
1554,5.53151233723
1555,5.53151233723
1556,5.53151233723
1557,5.53151233723
1558,5.53151233723
1559,5.53397539142
1560,5.53890149979
1561,5.53890149979
1562,5.53890149979
1563,5.53890149979
1564,5.53890149979
1565,5.53890149979
1566,5.53890149979
1567,5.53890149979
1568,5.53890149979
1569,5.53890149979
1570,5.53890149979
1571,5.53890149979
1572,5.53890149979
1573,5.54321184462
1574,5.54321184462
1575,5.54321184462
1576,5.54321184462
1577,5.54943789826
1578,5.55997429673
1579,5.55997429673
1580,5.55997429673
1581,5.55997429673
1582,5.55997429673
1583,5.55997429673
1584,5.56572142316
1585,5.56572142316
1586,5.56572142316
1587,5.56844374621
1588,5.56844374621
1589,5.57275409104
1590,5.57275409104
1591,5.57275409104
1592,5.57275409104
1593,5.57275409104
1594,5.57275409104
1595,5.57275409104
1596,5.57275409104
1597,5.57275409104
1598,5.57275409104
1599,5.57275409104
1600,5.57456897307
1601,5.57547641409
1602,5.57547641409
1603,5.57547641409
1604,5.57547641409
1605,5.58368659471
1606,5.58861270309
1607,5.58861270309
1608,5.58861270309
1609,5.58861270309
1610,5.58861270309
1611,5.59353881146
1612,5.59600186565
1613,5.59600186565
1614,5.59600186565
1615,5.59600186565
1616,5.59600186565
1617,5.59600186565
1618,5.59600186565
1619,5.59600186565
1620,5.59600186565
1621,5.59600186565
1622,5.59600186565
1623,5.59600186565
1624,5.59600186565
1625,5.59600186565
1626,5.60339102821
1627,5.60339102821
1628,5.60339102821
1629,5.60339102821
1630,5.60339102821
1631,5.60530673702
1632,5.60913815465
1633,5.60913815465
1634,5.61095303668
1635,5.6118604777
1636,5.6118604777
1637,5.6118604777
1638,5.6118604777
1639,5.6118604777
1640,5.6118604777
1641,5.61875702942
1642,5.62067273823
1643,5.63033770525
1644,5.63215258728
1645,5.63789971372
1646,5.63789971372
1647,5.63789971372
1648,5.63789971372
1649,5.63789971372
1650,5.63789971372
1651,5.63789971372
1652,5.63789971372
1653,5.63789971372
1654,5.64364684015
1655,5.64364684015
1656,5.64795718498
1657,5.65226752981
1658,5.65226752981
1659,5.65359378976
1660,5.65624630965
1661,5.65624630965
1662,5.65624630965
1663,5.6648669993
1664,5.6648669993
1665,5.66979310768
1666,5.53371085194
1667,5.41764069264
1668,5.41764069264
1669,5.41764069264
1670,5.41764069264
1671,5.41764069264
1672,5.41764069264
1673,5.41764069264
1674,5.41764069264
1675,5.42499363382
1676,5.42499363382
1677,5.42499363382
1678,5.42919531449
1679,5.43339699516
1680,5.43339699516
1681,5.43339699516
1682,5.43339699516
1683,5.43339699516
1684,5.43339699516
1685,5.44074993634
1686,5.44074993634
1687,5.44074993634
1688,5.44074993634
1689,5.44074993634
1690,5.44074993634
1691,5.44074993634
1692,5.44609752992
1693,5.44609752992
1694,5.44609752992
1695,5.44609752992
1696,5.44609752992
1697,5.44609752992
1698,5.44609752992
1699,5.44609752992
1700,5.44609752992
1701,5.45590145149
1702,5.45590145149
1703,5.45590145149
1704,5.45590145149
1705,5.45590145149
1706,5.45590145149
1707,5.45590145149
1708,5.45590145149
1709,5.45590145149
1710,5.45590145149
1711,5.45590145149
1712,5.45590145149
1713,5.46325439267
1714,5.46325439267
1715,5.46325439267
1716,5.46325439267
1717,5.46325439267
1718,5.46325439267
1719,5.46325439267
1720,5.46745607334
1721,5.46745607334
1722,5.46745607334
1723,5.47922077922
1724,5.47922077922
1725,5.47922077922
1726,5.47922077922
1727,5.4865737204
1728,5.4865737204
1729,5.4865737204
1730,5.4865737204
1731,5.4865737204
1732,5.4865737204
1733,5.4865737204
1734,5.4865737204
1735,5.4865737204
1736,5.4865737204
1737,5.4865737204
1738,5.4865737204
1739,5.4865737204
1740,5.4865737204
1741,5.4865737204
1742,5.4865737204
1743,5.4865737204
1744,5.4865737204
1745,5.4865737204
1746,5.50127960275
1747,5.50127960275
1748,5.50127960275
1749,5.50127960275
1750,5.50127960275
1751,5.50127960275
1752,5.50127960275
1753,5.50127960275
1754,5.50127960275
1755,5.50127960275
1756,5.52144766998
1757,5.52144766998
1758,5.52144766998
1759,5.52144766998
1760,5.52144766998
1761,5.52144766998
1762,5.52144766998
1763,5.52891732451
1764,5.53218529836
1765,5.53218529836
1766,5.53218529836
1767,5.53218529836
1768,5.53218529836
1769,5.53218529836
1770,5.53218529836
1771,5.53218529836
1772,5.53218529836
1773,5.53218529836
1774,5.53218529836
1775,5.53218529836
1776,5.53218529836
1777,5.53218529836
1778,5.53218529836
1779,5.53218529836
1780,5.53218529836
1781,5.54058865971
1782,5.54058865971
1783,5.54058865971
1784,5.54058865971
1785,5.54058865971
1786,5.54058865971
1787,5.5432624565
1788,5.54593625329
1789,5.55181860623
1790,5.55770095917
1791,5.56750488074
1792,5.56750488074
1793,5.56750488074
1794,5.57017867753
1795,5.57285247432
1796,5.57285247432
1797,5.57285247432
1798,5.57285247432
1799,5.57285247432
1800,5.58755835668
1801,5.59290595026
1802,5.59290595026
1803,5.59290595026
1804,5.59290595026
1805,5.59290595026
1806,5.59290595026
1807,5.59290595026
1808,5.59290595026
1809,5.59290595026
1810,5.59710763093
1811,5.59710763093
1812,5.59710763093
1813,5.59710763093
1814,5.59710763093
1815,5.59710763093
1816,5.59710763093
1817,5.59710763093
1818,5.59710763093
1819,5.59710763093
1820,5.59710763093
1821,5.59710763093
1822,5.59710763093
1823,5.59710763093
1824,5.59710763093
1825,5.59710763093
1826,5.59710763093
1827,5.59710763093
1828,5.59710763093
1829,5.59710763093
1830,5.59710763093
1831,5.59710763093
1832,5.59710763093
1833,5.59710763093
1834,5.59710763093
1835,5.59710763093
1836,5.59710763093
1837,5.59710763093
1838,5.59710763093
1839,5.59710763093
1840,5.59710763093
1841,5.59710763093
1842,5.59710763093
1843,5.60551099228
1844,5.60551099228
1845,5.60551099228
1846,5.60551099228
1847,5.60551099228
1848,5.60551099228
1849,5.60551099228
1850,5.60551099228
1851,5.61085858586
1852,5.61085858586
1853,5.61085858586
1854,5.61085858586
1855,5.61085858586
1856,5.61085858586
1857,5.61085858586
1858,5.61085858586
1859,5.61085858586
1860,5.61085858586
1861,5.61085858586
1862,5.61085858586
1863,5.61085858586
1864,5.61085858586
1865,5.64027035056
1866,5.64027035056
1867,5.67235591206
1868,5.67502970885
1869,5.67502970885
1870,5.67870617944
1871,5.68238265003
1872,5.68238265003
1873,5.68238265003
1874,5.68238265003
1875,5.68238265003
1876,5.68238265003
1877,5.68238265003
1878,5.68238265003
1879,5.68238265003
1880,5.68238265003
1881,5.68238265003
1882,5.68238265003
1883,5.68238265003
1884,5.68238265003
1885,5.68238265003
1886,5.69078601137
1887,5.69078601137
1888,5.69078601137
1889,5.69078601137
1890,5.69078601137
1891,5.69078601137
1892,5.69078601137
1893,5.69078601137
1894,5.69078601137
1895,5.69078601137
1896,5.69078601137
1897,5.70255071726
1898,5.70255071726
1899,5.70255071726
1900,5.70255071726
1901,5.70255071726
1902,5.70255071726
1903,5.70255071726
1904,5.70255071726
1905,5.70255071726
1906,5.70255071726
1907,5.70255071726
1908,5.7084330702
1909,5.71431542314
1910,5.71431542314
1911,5.71431542314
1912,5.71431542314
1913,5.71431542314
1914,5.71431542314
1915,5.71431542314
1916,5.72271878448
1917,5.72271878448
1918,5.72271878448
1919,5.72271878448
1920,5.72271878448
1921,5.72271878448
1922,5.72271878448
1923,5.72806637807
1924,5.72806637807
1925,5.72806637807
1926,5.72806637807
1927,5.72806637807
1928,5.72806637807
1929,5.73133435192
1930,5.73460232578
1931,5.73460232578
1932,5.76401409048
1933,5.76401409048
1934,5.76401409048
1935,5.76401409048
1936,5.76401409048
1937,5.76401409048
1938,5.76401409048
1939,5.76401409048
1940,5.76401409048
1941,5.76821577116
1942,5.77241745183
1943,5.77241745183
1944,5.77241745183
1945,5.77241745183
1946,5.77241745183
1947,5.77241745183
1948,5.77241745183
1949,5.77241745183
1950,5.77241745183
1951,5.77241745183
1952,5.77241745183
1953,5.77241745183
1954,5.77241745183
1955,5.77241745183
1956,5.77241745183
1957,5.77241745183
1958,5.77241745183
1959,5.77241745183
1960,5.77241745183
1961,5.77241745183
1962,5.77241745183
1963,5.77241745183
1964,5.77241745183
1965,5.7766191325
1966,5.7766191325
1967,5.78315508021
1968,5.78315508021
1969,5.78315508021
1970,5.78315508021
1971,5.78315508021
1972,5.78315508021
1973,5.78315508021
1974,5.78315508021
1975,5.78315508021
1976,5.78315508021
1977,5.78315508021
1978,5.78315508021
1979,5.78315508021
1980,5.78315508021
1981,5.78315508021
1982,5.78315508021
1983,5.78582887701
1984,5.7885026738
1985,5.7885026738
1986,5.7885026738
1987,5.7885026738
1988,5.7885026738
1989,5.79270435447
1990,5.79270435447
1991,5.79270435447
1992,5.79270435447
1993,5.82211611917
1994,5.82211611917
1995,5.82211611917
1996,5.82211611917
1997,5.82211611917
1998,5.83388082506
1999,5.839763178
2000,5.84564553094
2001,5.84564553094
2002,5.84564553094
2003,5.84564553094
2004,5.84564553094
2005,5.84564553094
2006,5.84564553094
2007,5.84564553094
2008,5.84564553094
2009,5.84564553094
2010,5.84564553094
2011,5.84564553094
2012,5.84564553094
2013,5.84564553094
2014,5.84564553094
2015,5.84564553094
2016,5.84564553094
2017,5.84564553094
2018,5.84564553094
2019,5.84564553094
2020,5.85544945251
2021,5.85544945251
2022,5.85544945251
2023,5.85544945251
2024,5.85544945251
2025,5.85544945251
2026,5.85544945251
2027,5.85544945251
2028,5.85544945251
2029,5.85544945251
2030,5.85544945251
2031,5.85544945251
2032,5.85544945251
2033,5.85544945251
2034,5.85544945251
2035,5.85544945251
2036,5.85544945251
2037,5.85544945251
2038,5.86035141329
2039,5.86035141329
2040,5.86035141329
2041,5.86035141329
2042,5.86035141329
2043,5.86035141329
2044,5.86035141329
2045,5.86035141329
2046,5.86035141329
2047,5.86035141329
2048,5.86035141329
2049,5.86035141329
2050,5.86035141329
2051,5.86035141329
2052,5.86035141329
2053,5.86035141329
2054,5.86035141329
2055,5.86035141329
2056,5.86035141329
2057,5.86035141329
2058,5.86035141329
2059,5.86302521008
2060,5.86569900688
2061,5.86569900688
2062,5.86569900688
2063,5.86569900688
2064,5.86569900688
2065,5.86569900688
2066,5.86569900688
2067,5.86569900688
2068,5.86569900688
2069,5.86569900688
2070,5.86569900688
2071,5.86569900688
2072,5.86569900688
2073,5.86569900688
2074,5.86569900688
2075,5.86569900688
2076,5.86569900688
2077,5.86569900688
2078,5.86569900688
2079,5.86569900688
2080,5.86569900688
2081,5.86569900688
2082,5.86569900688
2083,5.86569900688
2084,5.86569900688
2085,5.86569900688
2086,5.86569900688
2087,5.86937547746
2088,5.87305194805
2089,5.87305194805
2090,5.87305194805
2091,5.87305194805
2092,5.87305194805
2093,5.87305194805
2094,5.87305194805
2095,5.87893430099
2096,5.88481665393
2097,5.88481665393
2098,5.88481665393
2099,5.88481665393
2100,5.91422841864
2101,5.91422841864
2102,5.91422841864
2103,5.91422841864
2104,5.91422841864
2105,5.91422841864
2106,5.91422841864
2107,5.91422841864
2108,5.91422841864
2109,5.91422841864
2110,5.92403234021
2111,5.92403234021
2112,5.92403234021
2113,5.92403234021
2114,5.92403234021
2115,5.92403234021
2116,5.92403234021
2117,5.92403234021
2118,5.92403234021
2119,5.92403234021
2120,5.92403234021
2121,5.92403234021
2122,5.92403234021
2123,5.92403234021
2124,5.92403234021
2125,5.92403234021
2126,5.92403234021
2127,5.92403234021
2128,5.92403234021
2129,5.92403234021
2130,5.92403234021
2131,5.92403234021
2132,5.93873822256
2133,5.93873822256
2134,5.93873822256
2135,5.93873822256
2136,5.93873822256
2137,5.94788854936
2138,5.95971267295
2139,5.96238646974
2140,5.96238646974
2141,5.96238646974
2142,5.96238646974
2143,5.96238646974
2144,5.96238646974
2145,5.96238646974
2146,5.96238646974
2147,5.96238646974
2148,5.96238646974
2149,5.96238646974
2150,5.97415117562
2151,5.97415117562
2152,5.97415117562
2153,5.97415117562
2154,5.97415117562
2155,5.97415117562
2156,5.97415117562
2157,5.97415117562
2158,5.97415117562
2159,5.97415117562
2160,5.97415117562
2161,5.97415117562
2162,5.97415117562
2163,5.97415117562
2164,5.97415117562
2165,5.97415117562
2166,5.97415117562
2167,5.97415117562
2168,5.97415117562
2169,5.97415117562
2170,5.97415117562
2171,5.97415117562
2172,5.97415117562
2173,5.97415117562
2174,5.98255453697
2175,5.98255453697
2176,5.98255453697
2177,5.98255453697
2178,5.98255453697
2179,5.99095789831
2180,5.99095789831
2181,5.99095789831
2182,5.99095789831
2183,5.99095789831
2184,5.99749384602
2185,5.99749384602
2186,5.99749384602
2187,5.99749384602
2188,5.99749384602
2189,5.99749384602
2190,5.99749384602
2191,5.99749384602
2192,5.99749384602
2193,5.99749384602
2194,5.99749384602
2195,5.99749384602
2196,5.99749384602
2197,5.99749384602
2198,5.99749384602
2199,5.99749384602
2200,5.99749384602
2201,5.99749384602
2202,6.01252652576
2203,6.01579449962
2204,6.01579449962
2205,6.01579449962
2206,6.01579449962
2207,6.01579449962
2208,6.01579449962
2209,6.01579449962
2210,6.01579449962
2211,6.01579449962
2212,6.01579449962
2213,6.02314744079
2214,6.03050038197
2215,6.03050038197
2216,6.03050038197
2217,6.03050038197
2218,6.03050038197
2219,6.03050038197
2220,6.03050038197
2221,6.03050038197
2222,6.03050038197
2223,6.03050038197
2224,6.03050038197
2225,6.03050038197
2226,6.03703632968
2227,6.03703632968
2228,6.03703632968
2229,6.03703632968
2230,6.03703632968
2231,6.05174221204
2232,6.05174221204
2233,6.05174221204
2234,6.05541868262
2235,6.05909515321
2236,6.05909515321
2237,6.05909515321
2238,6.05909515321
2239,6.06497750615
2240,6.0708598591
2241,6.0708598591
2242,6.07620745268
2243,6.07620745268
2244,6.07620745268
2245,6.08110941346
2246,6.08601137425
2247,6.08601137425
2248,6.08968784483
2249,6.09336431542
2250,6.09336431542
2251,6.09924666836
2252,6.10512902131
2253,6.10512902131
2254,6.10512902131
2255,6.10512902131
2256,6.11353238265
2257,6.11353238265
2258,6.11353238265
2259,6.11353238265
2260,6.11353238265
2261,6.11353238265
2262,6.11353238265
2263,6.11353238265
2264,6.11353238265
2265,6.12088532383
2266,6.12088532383
2267,6.12623291741
2268,6.12623291741
2269,6.12623291741
2270,6.12623291741
2271,6.12623291741
2272,6.12623291741
2273,6.12623291741
2274,6.12623291741
2275,6.12623291741
2276,6.13463627875
2277,6.13463627875
2278,6.13463627875
2279,6.13463627875
2280,6.13463627875
2281,6.13463627875
2282,6.13463627875
2283,6.13463627875
2284,6.13463627875
2285,6.14934216111
2286,6.14934216111
2287,6.14934216111
2288,6.14934216111
2289,6.14934216111
2290,6.14934216111
2291,6.14934216111
2292,6.14934216111
2293,6.14934216111
2294,6.14934216111
2295,6.14934216111
2296,6.14934216111
2297,6.14934216111
2298,6.14934216111
2299,6.14934216111
2300,6.14934216111
2301,6.14934216111
2302,6.14934216111
2303,6.14934216111
2304,6.14934216111
2305,6.14934216111
2306,6.14934216111
2307,6.14934216111
2308,6.14934216111
2309,6.14934216111
2310,6.14934216111
2311,6.14934216111
2312,6.14934216111
2313,6.14934216111
2314,6.14934216111
2315,6.14934216111
2316,6.14934216111
2317,6.14934216111
2318,6.14934216111
2319,6.14934216111
2320,6.14934216111
2321,6.14934216111
2322,6.14934216111
2323,6.14934216111
2324,6.15424412189
2325,6.16754944402
2326,6.16754944402
2327,6.16754944402
2328,6.16754944402
2329,6.16754944402
2330,6.16754944402
2331,6.16754944402
2332,6.16754944402
2333,6.16754944402
2334,6.16754944402
2335,6.16754944402
2336,6.16754944402
2337,6.16754944402
2338,6.1728970376
2339,6.1728970376
2340,6.1728970376
2341,6.1728970376
2342,6.1728970376
2343,6.18466174349
2344,6.18466174349
2345,6.18466174349
2346,6.18466174349
2347,6.18466174349
2348,6.18466174349
2349,6.18466174349
2350,6.18466174349
2351,6.18466174349
2352,6.18466174349
2353,6.18466174349
2354,6.18466174349
2355,6.18466174349
2356,6.18466174349
2357,6.18733554028
2358,6.20597572362
2359,6.20597572362
2360,6.20597572362
2361,6.20597572362
2362,6.20597572362
2363,6.20597572362
2364,6.20597572362
2365,6.20597572362
2366,6.20597572362
2367,6.20597572362
2368,6.20597572362
2369,6.20597572362
2370,6.20597572362
2371,6.20597572362
2372,6.20597572362
2373,6.20597572362
2374,6.2133286648
2375,6.2133286648
2376,6.2133286648
2377,6.2133286648
2378,6.2133286648
2379,6.2133286648
2380,6.2133286648
2381,6.2133286648
2382,6.2133286648
2383,6.2133286648
2384,6.2133286648
2385,6.24274042951
2386,6.24274042951
2387,6.24274042951
2388,6.24274042951
2389,6.25009337068
2390,6.25009337068
2391,6.25009337068
2392,6.25009337068
2393,6.25009337068
2394,6.25009337068
2395,6.25009337068
2396,6.25009337068
2397,6.25009337068
2398,6.25009337068
2399,6.25009337068
2400,6.25009337068
2401,6.25009337068
2402,6.25009337068
2403,6.25009337068
2404,6.25009337068
2405,6.25009337068
2406,6.25009337068
2407,6.25009337068
2408,6.25009337068
2409,6.25744631186
2410,6.25744631186
2411,6.25744631186
2412,6.25744631186
2413,6.25744631186
2414,6.25744631186
2415,6.26112278245
2416,6.26479925303
2417,6.26479925303
2418,6.26479925303
2419,6.26479925303
2420,6.26479925303
2421,6.26479925303
2422,6.26479925303
2423,6.26479925303
2424,6.26479925303
2425,6.26479925303
2426,6.26479925303
2427,6.26479925303
2428,6.26479925303
2429,6.26900093371
2430,6.27320261438
2431,6.27320261438
2432,6.27320261438
2433,6.27320261438
2434,6.27320261438
2435,6.27320261438
2436,6.27320261438
2437,6.28160597572
2438,6.2858076564
2439,6.2858076564
2440,6.2858076564
2441,6.2858076564
2442,6.2858076564
2443,6.2858076564
2444,6.2858076564
2445,6.2858076564
2446,6.2858076564
2447,6.2858076564
2448,6.2858076564
2449,6.2858076564
2450,6.2858076564
2451,6.2858076564
2452,6.2858076564
2453,6.29000933707
2454,6.29000933707
2455,6.29000933707
2456,6.29000933707
2457,6.29000933707
2458,6.29000933707
2459,6.29000933707
2460,6.29000933707
2461,6.29981325864
2462,6.29981325864
2463,6.30516085222
2464,6.30516085222
2465,6.30516085222
2466,6.30516085222
2467,6.30516085222
2468,6.30516085222
2469,6.30516085222
2470,6.30516085222
2471,6.30516085222
2472,6.30516085222
2473,6.30516085222
2474,6.30516085222
2475,6.30516085222
2476,6.30516085222
2477,6.30516085222
2478,6.30516085222
2479,6.30516085222
2480,6.30516085222
2481,6.30516085222
2482,6.30516085222
2483,6.30516085222
2484,6.30516085222
2485,6.30516085222
2486,6.30783464901
2487,6.3105084458
2488,6.3105084458
2489,6.3105084458
2490,6.3105084458
2491,6.3105084458
2492,6.3105084458
2493,6.3105084458
2494,6.3105084458
2495,6.3105084458
2496,6.3105084458
2497,6.3105084458
2498,6.3105084458
2499,6.19886213324
2500,5.92772108844
2501,5.92772108844
2502,5.92772108844
2503,5.92772108844
2504,5.92772108844
2505,5.92772108844
2506,5.92772108844
2507,5.92772108844
2508,5.92772108844
2509,5.92772108844
2510,5.92772108844
2511,5.92772108844
2512,5.92772108844
2513,5.92772108844
2514,5.92772108844
2515,5.92772108844
2516,5.92772108844
2517,5.92772108844
2518,5.92772108844
2519,5.92772108844
2520,5.92772108844
2521,5.92772108844
2522,5.92772108844
2523,5.92772108844
2524,5.92772108844
2525,5.92772108844
2526,5.92772108844
2527,5.92772108844
2528,5.92772108844
2529,5.92772108844
2530,5.92772108844
2531,5.92772108844
2532,5.92772108844
2533,5.92772108844
2534,5.92772108844
2535,5.92772108844
2536,5.92772108844
2537,5.92772108844
2538,5.92772108844
2539,5.92772108844
2540,5.92772108844
2541,5.92772108844
2542,5.92772108844
2543,5.92772108844
2544,5.92772108844
2545,5.92772108844
2546,5.92772108844
2547,5.92772108844
2548,5.92772108844
2549,5.92772108844
2550,5.92772108844
2551,5.92772108844
2552,5.92772108844
2553,5.92772108844
2554,5.92772108844
2555,5.92772108844
2556,5.92772108844
2557,5.92772108844
2558,5.92772108844
2559,5.96343537415
2560,5.96343537415
2561,5.96343537415
2562,5.96343537415
2563,6.03486394558
2564,6.03486394558
2565,6.03486394558
2566,6.03486394558
2567,6.03486394558
2568,6.03486394558
2569,6.03486394558
2570,6.03486394558
2571,6.03486394558
2572,6.04676870748
2573,6.04676870748
2574,6.04676870748
2575,6.04676870748
2576,6.04676870748
2577,6.04676870748
2578,6.04676870748
2579,6.05697278912
2580,6.05697278912
2581,6.05697278912
2582,6.05697278912
2583,6.05697278912
2584,6.05697278912
2585,6.05697278912
2586,6.05697278912
2587,6.05697278912
2588,6.05697278912
2589,6.05697278912
2590,6.05697278912
2591,6.05697278912
2592,6.05697278912
2593,6.05697278912
2594,6.05697278912
2595,6.05697278912
2596,6.05697278912
2597,6.05697278912
2598,6.05697278912
2599,6.05697278912
2600,6.05697278912
2601,6.05697278912
2602,6.05697278912
2603,6.05697278912
2604,6.05697278912
2605,6.05697278912
2606,6.05697278912
2607,6.05697278912
2608,6.05697278912
2609,6.05697278912
2610,6.05697278912
2611,6.05697278912
2612,6.05697278912
2613,6.05697278912
2614,6.05697278912
2615,6.05697278912
2616,6.05697278912
2617,6.05697278912
2618,6.05697278912
2619,6.05697278912
2620,6.05697278912
2621,6.05697278912
2622,6.05697278912
2623,6.05697278912
2624,6.05697278912
2625,6.05697278912
2626,6.05697278912
2627,6.05697278912
2628,6.05697278912
2629,6.05697278912
2630,6.05697278912
2631,6.05697278912
2632,6.05697278912
2633,6.05697278912
2634,6.05697278912
2635,6.05697278912
2636,6.05697278912
2637,6.05697278912
2638,6.05697278912
2639,6.05697278912
2640,6.05697278912
2641,6.05697278912
2642,6.05697278912
2643,6.05697278912
2644,6.05697278912
2645,6.05697278912
2646,6.05697278912
2647,6.05697278912
2648,6.05697278912
2649,6.05697278912
2650,6.05697278912
2651,6.05697278912
2652,6.05697278912
2653,6.05697278912
2654,6.05697278912
2655,6.05697278912
2656,6.05697278912
2657,6.05697278912
2658,6.05697278912
2659,6.05697278912
2660,6.05697278912
2661,6.05697278912
2662,6.05697278912
2663,6.05697278912
2664,6.05697278912
2665,6.05697278912
2666,6.05697278912
2667,6.05697278912
2668,6.05697278912
2669,6.05697278912
2670,6.05697278912
2671,6.05697278912
2672,6.05697278912
2673,6.05697278912
2674,6.05697278912
2675,6.05697278912
2676,6.05697278912
2677,6.06887755102
2678,6.06887755102
2679,6.06887755102
2680,6.06887755102
2681,6.09268707483
2682,6.09268707483
2683,6.09268707483
2684,6.09268707483
2685,6.09268707483
2686,6.11054421769
2687,6.11054421769
2688,6.11054421769
2689,6.11054421769
2690,6.11054421769
2691,6.11054421769
2692,6.11054421769
2693,6.11054421769
2694,6.11054421769
2695,6.11054421769
2696,6.11054421769
2697,6.11054421769
2698,6.11054421769
2699,6.1462585034
2700,6.1462585034
2701,6.1462585034
2702,6.1462585034
2703,6.1462585034
2704,6.1462585034
2705,6.1462585034
2706,6.1462585034
2707,6.1462585034
2708,6.1462585034
2709,6.1462585034
2710,6.1462585034
2711,6.1462585034
2712,6.1462585034
2713,6.1462585034
2714,6.1462585034
2715,6.1462585034
2716,6.1462585034
2717,6.1462585034
2718,6.1462585034
2719,6.1462585034
2720,6.1462585034
2721,6.1462585034
2722,6.1462585034
2723,6.1462585034
2724,6.1462585034
2725,6.1462585034
2726,6.1462585034
2727,6.1462585034
2728,6.1462585034
2729,6.1462585034
2730,6.1462585034
2731,6.1462585034
2732,6.1462585034
2733,6.1462585034
2734,6.1462585034
2735,6.1462585034
2736,6.1462585034
2737,6.1462585034
2738,6.1462585034
2739,6.1462585034
2740,6.1462585034
2741,6.1462585034
2742,6.1462585034
2743,6.1462585034
2744,6.16411564626
2745,6.16411564626
2746,6.16411564626
2747,6.16411564626
2748,6.16411564626
2749,6.16411564626
2750,6.16411564626
2751,6.16411564626
2752,6.16411564626
2753,6.16411564626
2754,6.16411564626
2755,6.16411564626
2756,6.16411564626
2757,6.16411564626
2758,6.16411564626
2759,6.16411564626
2760,6.16411564626
2761,6.16411564626
2762,6.16411564626
2763,6.16411564626
2764,6.16411564626
2765,6.16411564626
2766,6.16411564626
2767,6.16411564626
2768,6.18792517007
2769,6.18792517007
2770,6.18792517007
2771,6.18792517007
2772,6.18792517007
2773,6.18792517007
2774,6.18792517007
2775,6.18792517007
2776,6.18792517007
2777,6.18792517007
2778,6.18792517007
2779,6.18792517007
2780,6.18792517007
2781,6.18792517007
2782,6.18792517007
2783,6.18792517007
2784,6.18792517007
2785,6.18792517007
2786,6.18792517007
2787,6.18792517007
2788,6.18792517007
2789,6.18792517007
2790,6.18792517007
2791,6.18792517007
2792,6.18792517007
2793,6.18792517007
2794,6.18792517007
2795,6.18792517007
2796,6.18792517007
2797,6.18792517007
2798,6.18792517007
2799,6.18792517007
2800,6.18792517007
2801,6.18792517007
2802,6.18792517007
2803,6.18792517007
2804,6.18792517007
2805,6.18792517007
2806,6.18792517007
2807,6.18792517007
2808,6.18792517007
2809,6.18792517007
2810,6.18792517007
2811,6.18792517007
2812,6.18792517007
2813,6.18792517007
2814,6.18792517007
2815,6.18792517007
2816,6.18792517007
2817,6.18792517007
2818,6.18792517007
2819,6.18792517007
2820,6.18792517007
2821,6.18792517007
2822,6.18792517007
2823,6.18792517007
2824,6.18792517007
2825,6.18792517007
2826,6.18792517007
2827,6.18792517007
2828,6.18792517007
2829,6.18792517007
2830,6.18792517007
2831,6.18792517007
2832,6.18792517007
2833,6.18792517007
2834,6.2593537415
2835,6.2593537415
2836,6.2593537415
2837,6.2593537415
2838,6.2593537415
2839,6.2593537415
2840,6.2593537415
2841,6.28316326531
2842,6.28316326531
2843,6.28316326531
2844,6.28316326531
2845,6.28316326531
2846,6.28316326531
2847,6.28316326531
2848,6.28316326531
2849,6.29336734694
2850,6.29336734694
2851,6.29336734694
2852,6.29336734694
2853,6.29336734694
2854,6.29336734694
2855,6.29336734694
2856,6.29336734694
2857,6.29336734694
2858,6.29336734694
2859,6.29336734694
2860,6.29336734694
2861,6.29336734694
2862,6.29336734694
2863,6.30357142857
2864,6.30357142857
2865,6.30357142857
2866,6.30357142857
2867,6.30357142857
2868,6.30357142857
2869,6.30357142857
2870,6.30357142857
2871,6.30357142857
2872,6.30357142857
2873,6.30357142857
2874,6.30357142857
2875,6.30357142857
2876,6.30357142857
2877,6.30357142857
2878,6.30357142857
2879,6.30357142857
2880,6.30357142857
2881,6.30357142857
2882,6.30357142857
2883,6.30357142857
2884,6.30357142857
2885,6.30357142857
2886,6.30357142857
2887,6.30357142857
2888,6.30357142857
2889,6.30357142857
2890,6.30357142857
2891,6.30357142857
2892,6.30357142857
2893,6.30357142857
2894,6.30357142857
2895,6.30357142857
2896,6.30357142857
2897,6.31547619048
2898,6.31547619048
2899,6.31547619048
2900,6.31547619048
2901,6.31547619048
2902,6.31547619048
2903,6.31547619048
2904,6.31547619048
2905,6.31547619048
2906,6.31547619048
2907,6.33928571429
2908,6.33928571429
2909,6.33928571429
2910,6.33928571429
2911,6.33928571429
2912,6.33928571429
2913,6.34948979592
2914,6.34948979592
2915,6.34948979592
2916,6.34948979592
2917,6.34948979592
2918,6.34948979592
2919,6.34948979592
2920,6.34948979592
2921,6.34948979592
2922,6.34948979592
2923,6.34948979592
2924,6.34948979592
2925,6.34948979592
2926,6.34948979592
2927,6.34948979592
2928,6.34948979592
2929,6.34948979592
2930,6.34948979592
2931,6.34948979592
2932,6.34948979592
2933,6.34948979592
2934,6.34948979592
2935,6.34948979592
2936,6.34948979592
2937,6.34948979592
2938,6.34948979592
2939,6.34948979592
2940,6.34948979592
2941,6.34948979592
2942,6.34948979592
2943,6.35969387755
2944,6.35969387755
2945,6.35969387755
2946,6.35969387755
2947,6.35969387755
2948,6.35969387755
2949,6.35969387755
2950,6.35969387755
2951,6.35969387755
2952,6.35969387755
2953,6.35969387755
2954,6.35969387755
2955,6.35969387755
2956,6.35969387755
2957,6.35969387755
2958,6.35969387755
2959,6.35969387755
2960,6.35969387755
2961,6.35969387755
2962,6.35969387755
2963,6.35969387755
2964,6.35969387755
2965,6.35969387755
2966,6.35969387755
2967,6.35969387755
2968,6.35969387755
2969,6.35969387755
2970,6.35969387755
2971,6.35969387755
2972,6.35969387755
2973,6.35969387755
2974,6.35969387755
2975,6.35969387755
2976,6.35969387755
2977,6.35969387755
2978,6.35969387755
2979,6.35969387755
2980,6.35969387755
2981,6.35969387755
2982,6.38350340136
2983,6.38350340136
2984,6.38350340136
2985,6.38350340136
2986,6.38350340136
2987,6.38350340136
2988,6.38350340136
2989,6.38350340136
2990,6.38350340136
2991,6.38350340136
2992,6.38350340136
2993,6.38350340136
2994,6.38350340136
2995,6.38350340136
2996,6.38350340136
2997,6.38350340136
2998,6.38350340136
2999,6.41921768707
3000,6.42942176871
3001,6.42942176871
3002,6.42942176871
3003,6.42942176871
3004,6.42942176871
3005,6.42942176871
3006,6.42942176871
3007,6.42942176871
3008,6.43962585034
3009,6.43962585034
3010,6.43962585034
3011,6.43962585034
3012,6.43962585034
3013,6.46343537415
3014,6.46343537415
3015,6.46343537415
3016,6.46343537415
3017,6.46343537415
3018,6.46343537415
3019,6.46343537415
3020,6.46343537415
3021,6.46343537415
3022,6.46343537415
3023,6.46343537415
3024,6.46343537415
3025,6.46343537415
3026,6.46343537415
3027,6.46343537415
3028,6.46343537415
3029,6.46343537415
3030,6.46343537415
3031,6.46343537415
3032,6.46343537415
3033,6.46343537415
3034,6.46343537415
3035,6.46343537415
3036,6.46343537415
3037,6.46343537415
3038,6.46343537415
3039,6.46343537415
3040,6.46343537415
3041,6.46343537415
3042,6.46343537415
3043,6.46343537415
3044,6.46343537415
3045,6.46343537415
3046,6.46343537415
3047,6.46343537415
3048,6.46343537415
3049,6.46343537415
3050,6.46343537415
3051,6.46343537415
3052,6.46343537415
3053,6.46343537415
3054,6.46343537415
3055,6.46343537415
3056,6.46343537415
3057,6.46343537415
3058,6.46343537415
3059,6.46343537415
3060,6.46343537415
3061,6.46343537415
3062,6.46343537415
3063,6.46343537415
3064,6.46343537415
3065,6.46343537415
3066,6.46343537415
3067,6.46343537415
3068,6.46343537415
3069,6.46343537415
3070,6.46343537415
3071,6.46343537415
3072,6.47363945578
3073,6.47363945578
3074,6.47363945578
3075,6.47363945578
3076,6.47363945578
3077,6.47363945578
3078,6.47363945578
3079,6.47363945578
3080,6.47363945578
3081,6.47363945578
3082,6.47363945578
3083,6.47363945578
3084,6.47363945578
3085,6.47363945578
3086,6.47363945578
3087,6.47363945578
3088,6.49744897959
3089,6.49744897959
3090,6.49744897959
3091,6.49744897959
3092,6.49744897959
3093,6.49744897959
3094,6.49744897959
3095,6.49744897959
3096,6.49744897959
3097,6.49744897959
3098,6.49744897959
3099,6.49744897959
3100,6.49744897959
3101,6.49744897959
3102,6.49744897959
3103,6.49744897959
3104,6.49744897959
3105,6.49744897959
3106,6.49744897959
3107,6.49744897959
3108,6.49744897959
3109,6.49744897959
3110,6.49744897959
3111,6.49744897959
3112,6.49744897959
3113,6.49744897959
3114,6.49744897959
3115,6.56887755102
3116,6.56887755102
3117,6.56887755102
3118,6.56887755102
3119,6.56887755102
3120,6.56887755102
3121,6.56887755102
3122,6.56887755102
3123,6.56887755102
3124,6.56887755102
3125,6.56887755102
3126,6.56887755102
3127,6.56887755102
3128,6.56887755102
3129,6.58673469388
3130,6.58673469388
3131,6.58673469388
3132,6.58673469388
3133,6.58673469388
3134,6.58673469388
3135,6.58673469388
3136,6.58673469388
3137,6.58673469388
3138,6.58673469388
3139,6.58673469388
3140,6.58673469388
3141,6.58673469388
3142,6.58673469388
3143,6.58673469388
3144,6.58673469388
3145,6.61054421769
3146,6.61054421769
3147,6.62074829932
3148,6.62074829932
3149,6.62074829932
3150,6.62074829932
3151,6.62074829932
3152,6.62074829932
3153,6.62074829932
3154,6.62074829932
3155,6.62074829932
3156,6.62074829932
3157,6.62074829932
3158,6.62074829932
3159,6.62074829932
3160,6.62074829932
3161,6.62074829932
3162,6.62074829932
3163,6.62074829932
3164,6.62074829932
3165,6.62074829932
3166,6.62074829932
3167,6.62074829932
3168,6.62074829932
3169,6.62074829932
3170,6.62074829932
3171,6.62074829932
3172,6.62074829932
3173,6.62074829932
3174,6.62074829932
3175,6.62074829932
3176,6.62074829932
3177,6.62074829932
3178,6.62074829932
3179,6.62074829932
3180,6.62074829932
3181,6.62074829932
3182,6.62074829932
3183,6.62074829932
3184,6.62074829932
3185,6.62074829932
3186,6.62074829932
3187,6.62074829932
3188,6.62074829932
3189,6.62074829932
3190,6.62074829932
3191,6.62074829932
3192,6.62074829932
3193,6.62074829932
3194,6.62074829932
3195,6.62074829932
3196,6.63095238095
3197,6.63095238095
3198,6.70238095238
3199,6.70238095238
3200,6.70238095238
3201,6.70238095238
3202,6.70238095238
3203,6.70238095238
3204,6.70238095238
3205,6.70238095238
3206,6.70238095238
3207,6.70238095238
3208,6.70238095238
3209,6.70238095238
3210,6.70238095238
3211,6.70238095238
3212,6.70238095238
3213,6.70238095238
3214,6.70238095238
3215,6.70238095238
3216,6.70238095238
3217,6.70238095238
3218,6.70238095238
3219,6.70238095238
3220,6.70238095238
3221,6.70238095238
3222,6.70238095238
3223,6.70238095238
3224,6.70238095238
3225,6.70238095238
3226,6.70238095238
3227,6.70238095238
3228,6.70238095238
3229,6.70238095238
3230,6.70238095238
3231,6.70238095238
3232,6.70238095238
3233,6.70238095238
3234,6.70238095238
3235,6.70238095238
3236,6.70238095238
3237,6.70238095238
3238,6.70238095238
3239,6.70238095238
3240,6.70238095238
3241,6.70238095238
3242,6.70238095238
3243,6.70238095238
3244,6.70238095238
3245,6.70238095238
3246,6.70238095238
3247,6.70238095238
3248,6.70238095238
3249,6.70238095238
3250,6.70238095238
3251,6.70238095238
3252,6.70238095238
3253,6.70238095238
3254,6.70238095238
3255,6.71258503401
3256,6.71258503401
3257,6.71258503401
3258,6.71258503401
3259,6.71258503401
3260,6.71258503401
3261,6.71258503401
3262,6.71258503401
3263,6.71258503401
3264,6.71258503401
3265,6.71258503401
3266,6.71258503401
3267,6.71258503401
3268,6.71258503401
3269,6.71258503401
3270,6.71258503401
3271,6.71258503401
3272,6.72278911565
3273,6.72278911565
3274,6.72278911565
3275,6.72278911565
3276,6.72278911565
3277,6.72278911565
3278,6.72278911565
3279,6.72278911565
3280,6.72278911565
3281,6.72278911565
3282,6.72278911565
3283,6.72278911565
3284,6.72278911565
3285,6.72278911565
3286,6.72278911565
3287,6.72278911565
3288,6.72278911565
3289,6.72278911565
3290,6.72278911565
3291,6.72278911565
3292,6.72278911565
3293,6.72278911565
3294,6.72278911565
3295,6.72278911565
3296,6.72278911565
3297,6.72278911565
3298,6.72278911565
3299,6.72278911565
3300,6.72278911565
3301,6.72278911565
3302,6.72278911565
3303,6.72278911565
3304,6.72278911565
3305,6.72278911565
3306,6.72278911565
3307,6.72278911565
3308,6.72278911565
3309,6.72278911565
3310,6.72278911565
3311,6.72278911565
3312,6.72278911565
3313,6.72278911565
3314,6.72278911565
3315,6.72278911565
3316,6.72278911565
3317,6.72278911565
3318,6.72278911565
3319,6.72278911565
3320,6.72278911565
3321,6.72278911565
3322,6.72278911565
3323,6.72278911565
3324,6.72278911565
3325,6.7406462585
3326,6.7406462585
3327,6.7406462585
3328,6.7406462585
3329,6.7406462585
3330,6.7406462585
3331,6.7406462585
3332,6.7406462585
3333,6.7406462585
3334,6.7406462585
3335,6.7406462585
3336,6.7406462585
3337,6.7406462585
3338,6.7406462585
3339,6.7406462585
3340,6.7406462585
3341,6.7406462585
3342,6.7406462585
3343,6.7406462585
3344,6.7406462585
3345,6.7406462585
3346,6.7406462585
3347,6.7406462585
3348,6.7406462585
3349,6.7406462585
3350,6.7406462585
3351,6.7406462585
3352,6.7406462585
3353,6.7406462585
3354,6.7406462585
3355,6.7406462585
3356,6.7406462585
3357,6.7406462585
3358,6.7406462585
3359,6.7406462585
3360,6.7406462585
3361,6.7406462585
3362,6.7406462585
3363,6.7406462585
3364,6.7406462585
3365,6.7406462585
3366,6.75085034014
3367,6.75085034014
3368,6.75085034014
3369,6.75085034014
3370,6.75085034014
3371,6.75085034014
3372,6.75085034014
3373,6.75085034014
3374,6.75085034014
3375,6.75085034014
3376,6.75085034014
3377,6.75085034014
3378,6.75085034014
3379,6.75085034014
3380,6.75085034014
3381,6.75085034014
3382,6.75085034014
3383,6.75085034014
3384,6.75085034014
3385,6.75085034014
3386,6.75085034014
3387,6.75085034014
3388,6.75085034014
3389,6.75085034014
3390,6.75085034014
3391,6.75085034014
3392,6.75085034014
3393,6.75085034014
3394,6.75085034014
3395,6.75085034014
3396,6.75085034014
3397,6.75085034014
3398,6.75085034014
3399,6.75085034014
3400,6.75085034014
3401,6.75085034014
3402,6.75085034014
3403,6.75085034014
3404,6.75085034014
3405,6.75085034014
3406,6.75085034014
3407,6.75085034014
3408,6.75085034014
3409,6.75085034014
3410,6.75085034014
3411,6.75085034014
3412,6.75085034014
3413,6.75085034014
3414,6.75085034014
3415,6.75085034014
3416,6.75085034014
3417,6.75085034014
3418,6.75085034014
3419,6.75085034014
3420,6.75085034014
3421,6.75085034014
3422,6.77465986395
3423,6.77465986395
3424,6.77465986395
3425,6.77465986395
3426,6.77465986395
3427,6.77465986395
3428,6.77465986395
3429,6.77465986395
3430,6.77465986395
3431,6.77465986395
3432,6.78486394558
3433,6.78486394558
3434,6.78486394558
3435,6.78486394558
3436,6.78486394558
3437,6.78486394558
3438,6.78486394558
3439,6.78486394558
3440,6.78486394558
3441,6.78486394558
3442,6.78486394558
3443,6.78486394558
3444,6.78486394558
3445,6.78486394558
3446,6.78486394558
3447,6.78486394558
3448,6.78486394558
3449,6.78486394558
3450,6.78486394558
3451,6.78486394558
3452,6.78486394558
3453,6.78486394558
3454,6.78486394558
3455,6.78486394558
3456,6.78486394558
3457,6.78486394558
3458,6.78486394558
3459,6.78486394558
3460,6.78486394558
3461,6.78486394558
3462,6.78486394558
3463,6.78486394558
3464,6.78486394558
3465,6.78486394558
3466,6.78486394558
3467,6.78486394558
3468,6.78486394558
3469,6.78486394558
3470,6.78486394558
3471,6.78486394558
3472,6.78486394558
3473,6.78486394558
3474,6.78486394558
3475,6.78486394558
3476,6.78486394558
3477,6.80867346939
3478,6.80867346939
3479,6.80867346939
3480,6.80867346939
3481,6.80867346939
3482,6.80867346939
3483,6.80867346939
3484,6.80867346939
3485,6.80867346939
3486,6.80867346939
3487,6.80867346939
3488,6.80867346939
3489,6.80867346939
3490,6.80867346939
3491,6.80867346939
3492,6.80867346939
3493,6.80867346939
3494,6.80867346939
3495,6.80867346939
3496,6.80867346939
3497,6.80867346939
3498,6.80867346939
3499,6.80867346939
3500,6.80867346939
3501,6.80867346939
3502,6.80867346939
3503,6.80867346939
3504,6.80867346939
3505,6.80867346939
3506,6.80867346939
3507,6.80867346939
3508,6.80867346939
3509,6.80867346939
3510,6.80867346939
3511,6.81887755102
3512,6.81887755102
3513,6.81887755102
3514,6.81887755102
3515,6.81887755102
3516,6.81887755102
3517,6.81887755102
3518,6.81887755102
3519,6.81887755102
3520,6.81887755102
3521,6.81887755102
3522,6.81887755102
3523,6.81887755102
3524,6.81887755102
3525,6.81887755102
3526,6.81887755102
3527,6.81887755102
3528,6.81887755102
3529,6.81887755102
3530,6.81887755102
3531,6.81887755102
3532,6.81887755102
3533,6.81887755102
3534,6.81887755102
3535,6.81887755102
3536,6.81887755102
3537,6.81887755102
3538,6.81887755102
3539,6.81887755102
3540,6.81887755102
3541,6.81887755102
3542,6.89030612245
3543,6.89030612245
3544,6.89030612245
3545,6.89030612245
3546,6.89030612245
3547,6.89030612245
3548,6.89030612245
3549,6.89030612245
3550,6.89030612245
3551,6.89030612245
3552,6.89030612245
3553,6.89030612245
3554,6.89030612245
3555,6.89030612245
3556,6.89030612245
3557,6.90816326531
3558,6.90816326531
3559,6.90816326531
3560,6.90816326531
3561,6.90816326531
3562,6.90816326531
3563,6.90816326531
3564,6.90816326531
3565,6.90816326531
3566,6.90816326531
3567,6.90816326531
3568,6.90816326531
3569,6.90816326531
3570,6.90816326531
3571,6.90816326531
3572,6.90816326531
3573,6.90816326531
3574,6.90816326531
3575,6.90816326531
3576,6.90816326531
3577,6.90816326531
3578,6.90816326531
3579,6.90816326531
3580,6.90816326531
3581,6.90816326531
3582,6.90816326531
3583,6.90816326531
3584,6.90816326531
3585,6.90816326531
3586,6.90816326531
3587,6.90816326531
3588,6.90816326531
3589,6.90816326531
3590,6.90816326531
3591,6.92602040816
3592,6.92602040816
3593,6.93792517007
3594,6.93792517007
3595,6.93792517007
3596,6.93792517007
3597,6.93792517007
3598,6.93792517007
3599,6.93792517007
3600,6.93792517007
3601,6.93792517007
3602,6.93792517007
3603,6.93792517007
3604,6.93792517007
3605,6.93792517007
3606,6.93792517007
3607,6.93792517007
3608,6.93792517007
3609,6.93792517007
3610,6.93792517007
3611,6.93792517007
3612,6.93792517007
3613,6.93792517007
3614,6.93792517007
3615,6.93792517007
3616,6.93792517007
3617,6.93792517007
3618,6.9481292517
3619,6.9481292517
3620,6.9481292517
3621,6.9481292517
3622,6.9481292517
3623,6.9481292517
3624,6.9481292517
3625,6.9481292517
3626,6.9481292517
3627,6.9481292517
3628,6.9481292517
3629,6.9481292517
3630,6.9481292517
3631,6.9481292517
3632,6.9481292517
3633,6.9481292517
3634,6.9481292517
3635,6.9481292517
3636,6.9481292517
3637,6.9481292517
3638,6.9481292517
3639,6.9481292517
3640,6.9481292517
3641,6.9481292517
3642,6.9481292517
3643,6.9481292517
3644,6.9481292517
3645,6.9481292517
3646,6.9481292517
3647,6.9481292517
3648,6.9481292517
3649,6.9481292517
3650,6.9481292517
3651,6.9481292517
3652,6.9481292517
3653,6.9481292517
3654,6.9481292517
3655,7.01955782313
3656,7.01955782313
3657,7.01955782313
3658,7.01955782313
3659,7.01955782313
3660,7.01955782313
3661,7.01955782313
3662,7.01955782313
3663,7.01955782313
3664,7.01955782313
3665,7.01955782313
3666,7.01955782313
3667,7.01955782313
3668,7.01955782313
3669,7.01955782313
3670,7.01955782313
3671,7.01955782313
3672,7.01955782313
3673,7.01955782313
3674,7.01955782313
3675,7.01955782313
3676,7.01955782313
3677,7.01955782313
3678,7.01955782313
3679,7.01955782313
3680,7.01955782313
3681,7.01955782313
3682,7.01955782313
3683,7.01955782313
3684,7.01955782313
3685,7.01955782313
3686,7.01955782313
3687,7.01955782313
3688,7.01955782313
3689,7.01955782313
3690,7.01955782313
3691,7.01955782313
3692,7.01955782313
3693,7.01955782313
3694,7.01955782313
3695,7.01955782313
3696,7.01955782313
3697,7.01955782313
3698,7.01955782313
3699,7.01955782313
3700,7.01955782313
3701,7.01955782313
3702,7.01955782313
3703,7.01955782313
3704,7.01955782313
3705,7.01955782313
3706,7.01955782313
3707,7.02976190476
3708,7.02976190476
3709,7.02976190476
3710,7.02976190476
3711,7.02976190476
3712,7.02976190476
3713,7.02976190476
3714,7.02976190476
3715,7.02976190476
3716,7.02976190476
3717,7.02976190476
3718,7.02976190476
3719,7.02976190476
3720,7.02976190476
3721,7.02976190476
3722,7.02976190476
3723,7.02976190476
3724,7.02976190476
3725,7.02976190476
3726,7.02976190476
3727,7.02976190476
3728,7.02976190476
3729,7.02976190476
3730,7.02976190476
3731,7.02976190476
3732,7.02976190476
3733,7.02976190476
3734,7.02976190476
3735,7.02976190476
3736,7.02976190476
3737,7.02976190476
3738,7.02976190476
3739,7.02976190476
3740,7.02976190476
3741,7.02976190476
3742,7.02976190476
3743,7.06547619048
3744,7.06547619048
3745,7.06547619048
3746,7.06547619048
3747,7.07568027211
3748,7.07568027211
3749,7.07568027211
3750,7.07568027211
3751,7.07568027211
3752,7.07568027211
3753,7.07568027211
3754,7.07568027211
3755,7.07568027211
3756,7.07568027211
3757,7.07568027211
3758,7.07568027211
3759,7.07568027211
3760,7.07568027211
3761,7.07568027211
3762,7.07568027211
3763,7.07568027211
3764,7.07568027211
3765,7.07568027211
3766,7.07568027211
3767,7.07568027211
3768,7.07568027211
3769,7.07568027211
3770,7.07568027211
3771,7.07568027211
3772,7.07568027211
3773,7.07568027211
3774,7.07568027211
3775,7.07568027211
3776,7.07568027211
3777,7.07568027211
3778,7.07568027211
3779,7.07568027211
3780,7.07568027211
3781,7.07568027211
3782,7.07568027211
3783,7.07568027211
3784,7.07568027211
3785,7.07568027211
3786,7.07568027211
3787,7.07568027211
3788,7.07568027211
3789,7.07568027211
3790,7.07568027211
3791,7.07568027211
3792,7.07568027211
3793,7.07568027211
3794,7.07568027211
3795,7.07568027211
3796,7.07568027211
3797,7.07568027211
3798,7.07568027211
3799,7.07568027211
3800,7.07568027211
3801,7.07568027211
3802,7.07568027211
3803,7.07568027211
3804,7.07568027211
3805,7.08588435374
3806,7.08588435374
3807,7.08588435374
3808,7.08588435374
3809,7.08588435374
3810,7.08588435374
3811,7.08588435374
3812,7.08588435374
3813,7.08588435374
3814,7.08588435374
3815,7.08588435374
3816,7.08588435374
3817,7.08588435374
3818,7.08588435374
3819,7.08588435374
3820,7.08588435374
3821,7.08588435374
3822,7.08588435374
3823,7.08588435374
3824,7.08588435374
3825,7.08588435374
3826,7.08588435374
3827,7.08588435374
3828,7.08588435374
3829,7.08588435374
3830,7.08588435374
3831,7.08588435374
3832,7.08588435374
3833,7.08588435374
3834,7.08588435374
3835,7.08588435374
3836,7.08588435374
3837,7.08588435374
3838,7.08588435374
3839,7.08588435374
3840,7.08588435374
3841,7.08588435374
3842,7.08588435374
3843,7.08588435374
3844,7.08588435374
3845,7.08588435374
3846,7.08588435374
3847,7.08588435374
3848,7.08588435374
3849,7.08588435374
3850,7.08588435374
3851,7.08588435374
3852,7.08588435374
3853,7.08588435374
3854,7.08588435374
3855,7.08588435374
3856,7.08588435374
3857,7.08588435374
3858,7.08588435374
3859,7.08588435374
3860,7.08588435374
3861,7.08588435374
3862,7.08588435374
3863,7.08588435374
3864,7.08588435374
3865,7.08588435374
3866,7.08588435374
3867,7.08588435374
3868,7.08588435374
3869,7.08588435374
3870,7.08588435374
3871,7.08588435374
3872,7.08588435374
3873,7.08588435374
3874,7.08588435374
3875,7.08588435374
3876,7.08588435374
3877,7.08588435374
3878,7.08588435374
3879,7.09608843537
3880,7.09608843537
3881,7.09608843537
3882,7.09608843537
3883,7.09608843537
3884,7.09608843537
3885,7.09608843537
3886,7.09608843537
3887,7.09608843537
3888,7.09608843537
3889,7.09608843537
3890,7.09608843537
3891,7.09608843537
3892,7.09608843537
3893,7.09608843537
3894,7.09608843537
3895,7.09608843537
3896,7.09608843537
3897,7.09608843537
3898,7.09608843537
3899,7.09608843537
3900,7.09608843537
3901,7.09608843537
3902,7.09608843537
3903,7.09608843537
3904,7.09608843537
3905,7.09608843537
3906,7.09608843537
3907,7.09608843537
3908,7.09608843537
3909,7.10799319728
3910,7.10799319728
3911,7.10799319728
3912,7.10799319728
3913,7.10799319728
3914,7.10799319728
3915,7.10799319728
3916,7.10799319728
3917,7.10799319728
3918,7.10799319728
3919,7.10799319728
3920,7.10799319728
3921,7.10799319728
3922,7.10799319728
3923,7.10799319728
3924,7.10799319728
3925,7.10799319728
3926,7.10799319728
3927,7.10799319728
3928,7.10799319728
3929,7.10799319728
3930,7.10799319728
3931,7.10799319728
3932,7.17942176871
3933,7.17942176871
3934,7.17942176871
3935,7.17942176871
3936,7.17942176871
3937,7.17942176871
3938,7.17942176871
3939,7.17942176871
3940,7.17942176871
3941,7.17942176871
3942,7.17942176871
3943,7.17942176871
3944,7.17942176871
3945,7.19727891156
3946,7.19727891156
3947,7.19727891156
3948,7.19727891156
3949,7.19727891156
3950,7.19727891156
3951,7.19727891156
3952,7.19727891156
3953,7.19727891156
3954,7.19727891156
3955,7.19727891156
3956,7.19727891156
3957,7.19727891156
3958,7.19727891156
3959,7.19727891156
3960,7.19727891156
3961,7.19727891156
3962,7.19727891156
3963,7.19727891156
3964,7.19727891156
3965,7.19727891156
3966,7.19727891156
3967,7.19727891156
3968,7.19727891156
3969,7.19727891156
3970,7.19727891156
3971,7.19727891156
3972,7.19727891156
3973,7.19727891156
3974,7.19727891156
3975,7.19727891156
3976,7.19727891156
3977,7.19727891156
3978,7.19727891156
3979,7.19727891156
3980,7.19727891156
3981,7.19727891156
3982,7.19727891156
3983,7.19727891156
3984,7.19727891156
3985,7.19727891156
3986,7.19727891156
3987,7.19727891156
3988,7.19727891156
3989,7.19727891156
3990,7.19727891156
3991,7.19727891156
3992,7.19727891156
3993,7.19727891156
3994,7.19727891156
3995,7.19727891156
3996,7.19727891156
3997,7.19727891156
3998,7.19727891156
3999,7.19727891156
4000,7.19727891156
4001,7.19727891156
4002,7.19727891156
4003,7.26870748299
4004,7.26870748299
4005,7.26870748299
4006,7.30442176871
4007,7.30442176871
4008,7.30442176871
4009,7.30442176871
4010,7.30442176871
4011,7.30442176871
4012,7.30442176871
4013,7.30442176871
4014,7.30442176871
4015,7.30442176871
4016,7.30442176871
4017,7.30442176871
4018,7.30442176871
4019,7.30442176871
4020,7.30442176871
4021,7.30442176871
4022,7.30442176871
4023,7.30442176871
4024,7.30442176871
4025,7.30442176871
4026,7.30442176871
4027,7.30442176871
4028,7.30442176871
4029,7.30442176871
4030,7.30442176871
4031,7.30442176871
4032,7.30442176871
4033,7.30442176871
4034,7.30442176871
4035,7.30442176871
4036,7.30442176871
4037,7.30442176871
4038,7.30442176871
4039,7.30442176871
4040,7.30442176871
4041,7.30442176871
4042,7.30442176871
4043,7.30442176871
4044,7.30442176871
4045,7.30442176871
4046,7.30442176871
4047,7.30442176871
4048,7.30442176871
4049,7.30442176871
4050,7.30442176871
4051,7.30442176871
4052,7.30442176871
4053,7.32227891156
4054,7.32227891156
4055,7.32227891156
4056,7.32227891156
4057,7.32227891156
4058,7.32227891156
4059,7.32227891156
4060,7.32227891156
4061,7.32227891156
4062,7.32227891156
4063,7.32227891156
4064,7.32227891156
4065,7.32227891156
4066,7.32227891156
4067,7.32227891156
4068,7.32227891156
4069,7.32227891156
4070,7.32227891156
4071,7.32227891156
4072,7.32227891156
4073,7.32227891156
4074,7.32227891156
4075,7.32227891156
4076,7.32227891156
4077,7.32227891156
4078,7.32227891156
4079,7.32227891156
4080,7.32227891156
4081,7.32227891156
4082,7.32227891156
4083,7.32227891156
4084,7.32227891156
4085,7.32227891156
4086,7.32227891156
4087,7.32227891156
4088,7.32227891156
4089,7.32227891156
4090,7.32227891156
4091,7.34013605442
4092,7.34013605442
4093,7.34013605442
4094,7.34013605442
4095,7.34013605442
4096,7.34013605442
4097,7.34013605442
4098,7.34013605442
4099,7.34013605442
4100,7.34013605442
4101,7.34013605442
4102,7.34013605442
4103,7.34013605442
4104,7.34013605442
4105,7.34013605442
4106,7.34013605442
4107,7.34013605442
4108,7.34013605442
4109,7.34013605442
4110,7.34013605442
4111,7.34013605442
4112,7.34013605442
4113,7.34013605442
4114,7.34013605442
4115,7.34013605442
4116,7.34013605442
4117,7.34013605442
4118,7.34013605442
4119,7.34013605442
4120,7.34013605442
4121,7.34013605442
4122,7.34013605442
4123,7.34013605442
4124,7.34013605442
4125,7.34013605442
4126,7.34013605442
4127,7.34013605442
4128,7.34013605442
4129,7.34013605442
4130,7.34013605442
4131,7.34013605442
4132,7.34013605442
4133,7.34013605442
4134,7.34013605442
4135,7.34013605442
4136,7.34013605442
4137,7.34013605442
4138,7.34013605442
4139,7.34013605442
4140,7.34013605442
4141,7.34013605442
4142,7.34013605442
4143,7.34013605442
4144,7.34013605442
4145,7.34013605442
4146,7.35799319728
4147,7.35799319728
4148,7.35799319728
4149,7.35799319728
4150,7.35799319728
4151,7.35799319728
4152,7.35799319728
4153,7.35799319728
4154,7.35799319728
4155,7.35799319728
4156,7.35799319728
4157,7.35799319728
4158,7.35799319728
4159,7.35799319728
4160,7.35799319728
4161,7.35799319728
4162,7.35799319728
4163,7.35799319728
4164,7.35799319728
4165,7.35799319728
4166,7.35799319728
4167,7.35799319728
4168,7.35799319728
4169,7.35799319728
4170,7.35799319728
4171,7.35799319728
4172,7.35799319728
4173,7.35799319728
4174,7.35799319728
4175,7.35799319728
4176,7.35799319728
4177,7.35799319728
4178,7.35799319728
4179,7.35799319728
4180,7.35799319728
4181,7.35799319728
4182,7.35799319728
4183,7.35799319728
4184,7.35799319728
4185,7.35799319728
4186,7.35799319728
4187,7.35799319728
4188,7.35799319728
4189,7.35799319728
4190,7.35799319728
4191,7.35799319728
4192,7.35799319728
4193,7.35799319728
4194,7.35799319728
4195,7.35799319728
4196,7.35799319728
4197,7.35799319728
4198,7.35799319728
4199,7.35799319728
4200,7.35799319728
4201,7.35799319728
4202,7.35799319728
4203,7.35799319728
4204,7.35799319728
4205,7.35799319728
4206,7.35799319728
4207,7.35799319728
4208,7.35799319728
4209,7.35799319728
4210,7.35799319728
4211,7.35799319728
4212,7.35799319728
4213,7.35799319728
4214,7.35799319728
4215,7.35799319728
4216,7.35799319728
4217,7.35799319728
4218,7.35799319728
4219,7.35799319728
4220,7.35799319728
4221,7.38180272109
4222,7.38180272109
4223,7.38180272109
4224,7.38180272109
4225,7.38180272109
4226,7.38180272109
4227,7.38180272109
4228,7.38180272109
4229,7.38180272109
4230,7.38180272109
4231,7.38180272109
4232,7.38180272109
4233,7.38180272109
4234,7.38180272109
4235,7.38180272109
4236,7.38180272109
4237,7.39200680272
4238,7.39200680272
4239,7.39200680272
4240,7.39200680272
4241,7.39200680272
4242,7.39200680272
4243,7.39200680272
4244,7.39200680272
4245,7.39200680272
4246,7.39200680272
4247,7.39200680272
4248,7.39200680272
4249,7.39200680272
4250,7.39200680272
4251,7.39200680272
4252,7.39200680272
4253,7.39200680272
4254,7.39200680272
4255,7.39200680272
4256,7.39200680272
4257,7.39200680272
4258,7.39200680272
4259,7.39200680272
4260,7.39200680272
4261,7.39200680272
4262,7.39200680272
4263,7.39200680272
4264,7.39200680272
4265,7.39200680272
4266,7.39200680272
4267,7.39200680272
4268,7.39200680272
4269,7.39200680272
4270,7.39200680272
4271,7.39200680272
4272,7.39200680272
4273,7.39200680272
4274,7.39200680272
4275,7.39200680272
4276,7.39200680272
4277,7.39200680272
4278,7.39200680272
4279,7.39200680272
4280,7.39200680272
4281,7.39200680272
4282,7.39200680272
4283,7.39200680272
4284,7.39200680272
4285,7.39200680272
4286,7.39200680272
4287,7.39200680272
4288,7.39200680272
4289,7.39200680272
4290,7.39200680272
4291,7.39200680272
4292,7.39200680272
4293,7.39200680272
4294,7.39200680272
4295,7.39200680272
4296,7.39200680272
4297,7.39200680272
4298,7.39200680272
4299,7.39200680272
4300,7.39200680272
4301,7.39200680272
4302,7.39200680272
4303,7.39200680272
4304,7.39200680272
4305,7.39200680272
4306,7.39200680272
4307,7.39200680272
4308,7.39200680272
4309,7.39200680272
4310,7.39200680272
4311,7.39200680272
4312,7.39200680272
4313,7.39200680272
4314,7.39200680272
4315,7.39200680272
4316,7.39200680272
4317,7.39200680272
4318,7.39200680272
4319,7.39200680272
4320,7.39200680272
4321,7.39200680272
4322,7.39200680272
4323,7.39200680272
4324,7.39200680272
4325,7.39200680272
4326,7.39200680272
4327,7.39200680272
4328,7.39200680272
4329,7.39200680272
4330,7.39200680272
4331,7.39200680272
4332,7.39200680272
4333,7.39200680272
4334,7.39200680272
4335,7.39200680272
4336,7.39200680272
4337,7.39200680272
4338,7.39200680272
4339,7.39200680272
4340,7.39200680272
4341,7.39200680272
4342,7.39200680272
4343,7.39200680272
4344,7.39200680272
4345,7.39200680272
4346,7.39200680272
4347,7.39200680272
4348,7.39200680272
4349,7.39200680272
4350,7.39200680272
4351,7.39200680272
4352,7.39200680272
4353,7.39200680272
4354,7.39200680272
4355,7.39200680272
4356,7.39200680272
4357,7.39200680272
4358,7.39200680272
4359,7.39200680272
4360,7.39200680272
4361,7.39200680272
4362,7.39200680272
4363,7.39200680272
4364,7.39200680272
4365,7.39200680272
4366,7.39200680272
4367,7.39200680272
4368,7.39200680272
4369,7.39200680272
4370,7.42772108844
4371,7.42772108844
4372,7.42772108844
4373,7.42772108844
4374,7.42772108844
4375,7.42772108844
4376,7.42772108844
4377,7.42772108844
4378,7.42772108844
4379,7.42772108844
4380,7.42772108844
4381,7.42772108844
4382,7.42772108844
4383,7.42772108844
4384,7.42772108844
4385,7.42772108844
4386,7.42772108844
4387,7.42772108844
4388,7.42772108844
4389,7.42772108844
4390,7.42772108844
4391,7.42772108844
4392,7.42772108844
4393,7.42772108844
4394,7.42772108844
4395,7.42772108844
4396,7.42772108844
4397,7.42772108844
4398,7.42772108844
4399,7.42772108844
4400,7.42772108844
4401,7.42772108844
4402,7.42772108844
4403,7.42772108844
4404,7.42772108844
4405,7.42772108844
4406,7.42772108844
4407,7.42772108844
4408,7.42772108844
4409,7.42772108844
4410,7.42772108844
4411,7.42772108844
4412,7.42772108844
4413,7.42772108844
4414,7.42772108844
4415,7.42772108844
4416,7.42772108844
4417,7.42772108844
4418,7.42772108844
4419,7.42772108844
4420,7.42772108844
4421,7.42772108844
4422,7.42772108844
4423,7.42772108844
4424,7.42772108844
4425,7.42772108844
4426,7.42772108844
4427,7.42772108844
4428,7.42772108844
4429,7.42772108844
4430,7.42772108844
4431,7.42772108844
4432,7.42772108844
4433,7.42772108844
4434,7.42772108844
4435,7.42772108844
4436,7.42772108844
4437,7.42772108844
4438,7.42772108844
4439,7.42772108844
4440,7.42772108844
4441,7.42772108844
4442,7.42772108844
4443,7.42772108844
4444,7.42772108844
4445,7.42772108844
4446,7.42772108844
4447,7.42772108844
4448,7.42772108844
4449,7.42772108844
4450,7.42772108844
4451,7.42772108844
4452,7.42772108844
4453,7.42772108844
4454,7.42772108844
4455,7.42772108844
4456,7.42772108844
4457,7.42772108844
4458,7.42772108844
4459,7.42772108844
4460,7.42772108844
4461,7.42772108844
4462,7.42772108844
4463,7.45153061224
4464,7.45153061224
4465,7.45153061224
4466,7.45153061224
4467,7.45153061224
4468,7.45153061224
4469,7.45153061224
4470,7.45153061224
4471,7.45153061224
4472,7.45153061224
4473,7.45153061224
4474,7.45153061224
4475,7.45153061224
4476,7.45153061224
4477,7.45153061224
4478,7.45153061224
4479,7.45153061224
4480,7.45153061224
4481,7.45153061224
4482,7.4693877551
4483,7.4693877551
4484,7.4693877551
4485,7.4693877551
4486,7.4693877551
4487,7.4693877551
4488,7.4693877551
4489,7.4693877551
4490,7.4693877551
4491,7.4693877551
4492,7.4693877551
4493,7.4693877551
4494,7.4693877551
4495,7.4693877551
4496,7.4693877551
4497,7.4693877551
4498,7.4693877551
4499,7.4693877551
4500,7.4693877551
4501,7.4693877551
4502,7.4693877551
4503,7.4693877551
4504,7.4693877551
4505,7.4693877551
4506,7.4693877551
4507,7.4693877551
4508,7.4693877551
4509,7.4693877551
4510,7.4693877551
4511,7.4693877551
4512,7.4693877551
4513,7.4693877551
4514,7.4693877551
4515,7.4693877551
4516,7.4693877551
4517,7.4693877551
4518,7.4693877551
4519,7.4693877551
4520,7.4693877551
4521,7.4693877551
4522,7.4693877551
4523,7.4693877551
4524,7.4693877551
4525,7.4693877551
4526,7.4693877551
4527,7.4693877551
4528,7.4693877551
4529,7.4693877551
4530,7.4693877551
4531,7.4693877551
4532,7.4693877551
4533,7.50510204082
4534,7.50510204082
4535,7.50510204082
4536,7.50510204082
4537,7.50510204082
4538,7.50510204082
4539,7.50510204082
4540,7.50510204082
4541,7.50510204082
4542,7.50510204082
4543,7.50510204082
4544,7.50510204082
4545,7.50510204082
4546,7.50510204082
4547,7.50510204082
4548,7.50510204082
4549,7.50510204082
4550,7.50510204082
4551,7.50510204082
4552,7.50510204082
4553,7.50510204082
4554,7.50510204082
4555,7.50510204082
4556,7.50510204082
4557,7.50510204082
4558,7.50510204082
4559,7.50510204082
4560,7.50510204082
4561,7.50510204082
4562,7.50510204082
4563,7.50510204082
4564,7.50510204082
4565,7.50510204082
4566,7.50510204082
4567,7.50510204082
4568,7.50510204082
4569,7.50510204082
4570,7.50510204082
4571,7.50510204082
4572,7.50510204082
4573,7.50510204082
4574,7.50510204082
4575,7.50510204082
4576,7.50510204082
4577,7.50510204082
4578,7.50510204082
4579,7.50510204082
4580,7.50510204082
4581,7.50510204082
4582,7.50510204082
4583,7.50510204082
4584,7.50510204082
4585,7.50510204082
4586,7.50510204082
4587,7.50510204082
4588,7.50510204082
4589,7.50510204082
4590,7.50510204082
4591,7.50510204082
4592,7.50510204082
4593,7.50510204082
4594,7.50510204082
4595,7.50510204082
4596,7.50510204082
4597,7.50510204082
4598,7.50510204082
4599,7.50510204082
4600,7.50510204082
4601,7.50510204082
4602,7.50510204082
4603,7.50510204082
4604,7.50510204082
4605,7.50510204082
4606,7.50510204082
4607,7.50510204082
4608,7.50510204082
4609,7.50510204082
4610,7.50510204082
4611,7.50510204082
4612,7.50510204082
4613,7.50510204082
4614,7.50510204082
4615,7.50510204082
4616,7.50510204082
4617,7.50510204082
4618,7.50510204082
4619,7.50510204082
4620,7.50510204082
4621,7.50510204082
4622,7.50510204082
4623,7.50510204082
4624,7.50510204082
4625,7.50510204082
4626,7.50510204082
4627,7.50510204082
4628,7.50510204082
4629,7.50510204082
4630,7.50510204082
4631,7.50510204082
4632,7.50510204082
4633,7.50510204082
4634,7.50510204082
4635,7.50510204082
4636,7.50510204082
4637,7.50510204082
4638,7.50510204082
4639,7.50510204082
4640,7.50510204082
4641,7.50510204082
4642,7.50510204082
4643,7.50510204082
4644,7.50510204082
4645,7.50510204082
4646,7.50510204082
4647,7.50510204082
4648,7.50510204082
4649,7.50510204082
4650,7.50510204082
4651,7.50510204082
4652,7.50510204082
4653,7.50510204082
4654,7.50510204082
4655,7.50510204082
4656,7.50510204082
4657,7.50510204082
4658,7.50510204082
4659,7.50510204082
4660,7.50510204082
4661,7.50510204082
4662,7.50510204082
4663,7.50510204082
4664,7.50510204082
4665,7.50510204082
4666,7.50510204082
4667,7.50510204082
4668,7.51530612245
4669,7.51530612245
4670,7.51530612245
4671,7.51530612245
4672,7.51530612245
4673,7.51530612245
4674,7.51530612245
4675,7.51530612245
4676,7.51530612245
4677,7.51530612245
4678,7.51530612245
4679,7.51530612245
4680,7.51530612245
4681,7.51530612245
4682,7.51530612245
4683,7.51530612245
4684,7.51530612245
4685,7.51530612245
4686,7.51530612245
4687,7.51530612245
4688,7.51530612245
4689,7.51530612245
4690,7.51530612245
4691,7.51530612245
4692,7.51530612245
4693,7.51530612245
4694,7.51530612245
4695,7.51530612245
4696,7.51530612245
4697,7.51530612245
4698,7.51530612245
4699,7.51530612245
4700,7.51530612245
4701,7.51530612245
4702,7.51530612245
4703,7.51530612245
4704,7.51530612245
4705,7.51530612245
4706,7.51530612245
4707,7.51530612245
4708,7.51530612245
4709,7.51530612245
4710,7.51530612245
4711,7.51530612245
4712,7.51530612245
4713,7.51530612245
4714,7.51530612245
4715,7.51530612245
4716,7.51530612245
4717,7.51530612245
4718,7.51530612245
4719,7.51530612245
4720,7.51530612245
4721,7.51530612245
4722,7.51530612245
4723,7.51530612245
4724,7.51530612245
4725,7.51530612245
4726,7.52551020408
4727,7.52551020408
4728,7.52551020408
4729,7.52551020408
4730,7.52551020408
4731,7.52551020408
4732,7.52551020408
4733,7.52551020408
4734,7.52551020408
4735,7.52551020408
4736,7.52551020408
4737,7.52551020408
4738,7.53571428571
4739,7.53571428571
4740,7.53571428571
4741,7.53571428571
4742,7.53571428571
4743,7.53571428571
4744,7.53571428571
4745,7.53571428571
4746,7.53571428571
4747,7.53571428571
4748,7.53571428571
4749,7.53571428571
4750,7.53571428571
4751,7.53571428571
4752,7.53571428571
4753,7.53571428571
4754,7.53571428571
4755,7.53571428571
4756,7.53571428571
4757,7.53571428571
4758,7.53571428571
4759,7.53571428571
4760,7.53571428571
4761,7.53571428571
4762,7.53571428571
4763,7.53571428571
4764,7.53571428571
4765,7.53571428571
4766,7.53571428571
4767,7.53571428571
4768,7.53571428571
4769,7.53571428571
4770,7.53571428571
4771,7.53571428571
4772,7.53571428571
4773,7.55357142857
4774,7.55357142857
4775,7.55357142857
4776,7.55357142857
4777,7.55357142857
4778,7.55357142857
4779,7.55357142857
4780,7.55357142857
4781,7.55357142857
4782,7.55357142857
4783,7.55357142857
4784,7.55357142857
4785,7.55357142857
4786,7.55357142857
4787,7.55357142857
4788,7.55357142857
4789,7.55357142857
4790,7.55357142857
4791,7.55357142857
4792,7.55357142857
4793,7.55357142857
4794,7.55357142857
4795,7.55357142857
4796,7.55357142857
4797,7.55357142857
4798,7.55357142857
4799,7.55357142857
4800,7.55357142857
4801,7.55357142857
4802,7.55357142857
4803,7.55357142857
4804,7.55357142857
4805,7.57738095238
4806,7.57738095238
4807,7.57738095238
4808,7.57738095238
4809,7.57738095238
4810,7.57738095238
4811,7.57738095238
4812,7.57738095238
4813,7.57738095238
4814,7.57738095238
4815,7.57738095238
4816,7.57738095238
4817,7.57738095238
4818,7.57738095238
4819,7.57738095238
4820,7.57738095238
4821,7.57738095238
4822,7.57738095238
4823,7.57738095238
4824,7.57738095238
4825,7.57738095238
4826,7.57738095238
4827,7.57738095238
4828,7.57738095238
4829,7.57738095238
4830,7.57738095238
4831,7.57738095238
4832,7.57738095238
4833,7.57738095238
4834,7.57738095238
4835,7.57738095238
4836,7.57738095238
4837,7.57738095238
4838,7.57738095238
4839,7.57738095238
4840,7.57738095238
4841,7.57738095238
4842,7.57738095238
4843,7.57738095238
4844,7.57738095238
4845,7.57738095238
4846,7.57738095238
4847,7.57738095238
4848,7.57738095238
4849,7.57738095238
4850,7.57738095238
4851,7.57738095238
4852,7.57738095238
4853,7.57738095238
4854,7.57738095238
4855,7.57738095238
4856,7.57738095238
4857,7.57738095238
4858,7.57738095238
4859,7.57738095238
4860,7.57738095238
4861,7.57738095238
4862,7.57738095238
4863,7.57738095238
4864,7.57738095238
4865,7.57738095238
4866,7.57738095238
4867,7.57738095238
4868,7.57738095238
4869,7.57738095238
4870,7.57738095238
4871,7.57738095238
4872,7.57738095238
4873,7.57738095238
4874,7.57738095238
4875,7.57738095238
4876,7.57738095238
4877,7.57738095238
4878,7.57738095238
4879,7.57738095238
4880,7.57738095238
4881,7.57738095238
4882,7.57738095238
4883,7.57738095238
4884,7.57738095238
4885,7.57738095238
4886,7.57738095238
4887,7.57738095238
4888,7.57738095238
4889,7.57738095238
4890,7.57738095238
4891,7.57738095238
4892,7.57738095238
4893,7.57738095238
4894,7.57738095238
4895,7.57738095238
4896,7.57738095238
4897,7.57738095238
4898,7.57738095238
4899,7.57738095238
4900,7.57738095238
4901,7.57738095238
4902,7.57738095238
4903,7.57738095238
4904,7.57738095238
4905,7.57738095238
4906,7.57738095238
4907,7.57738095238
4908,7.57738095238
4909,7.57738095238
4910,7.57738095238
4911,7.57738095238
4912,7.57738095238
4913,7.57738095238
4914,7.57738095238
4915,7.57738095238
4916,7.57738095238
4917,7.57738095238
4918,7.57738095238
4919,7.57738095238
4920,7.57738095238
4921,7.57738095238
4922,7.57738095238
4923,7.57738095238
4924,7.57738095238
4925,7.57738095238
4926,7.57738095238
4927,7.57738095238
4928,7.57738095238
4929,7.57738095238
4930,7.57738095238
4931,7.57738095238
4932,7.57738095238
4933,7.57738095238
4934,7.57738095238
4935,7.57738095238
4936,7.57738095238
4937,7.57738095238
4938,7.57738095238
4939,7.57738095238
4940,7.57738095238
4941,7.57738095238
4942,7.57738095238
4943,7.57738095238
4944,7.57738095238
4945,7.57738095238
4946,7.57738095238
4947,7.57738095238
4948,7.57738095238
4949,7.57738095238
4950,7.57738095238
4951,7.57738095238
4952,7.57738095238
4953,7.57738095238
4954,7.57738095238
4955,7.57738095238
4956,7.57738095238
4957,7.57738095238
4958,7.57738095238
4959,7.57738095238
4960,7.57738095238
4961,7.57738095238
4962,7.57738095238
4963,7.57738095238
4964,7.57738095238
4965,7.57738095238
4966,7.57738095238
4967,7.57738095238
4968,7.57738095238
4969,7.57738095238
4970,7.57738095238
4971,7.57738095238
4972,7.57738095238
4973,7.57738095238
4974,7.57738095238
4975,7.57738095238
4976,7.57738095238
4977,7.57738095238
4978,7.57738095238
4979,7.57738095238
4980,7.57738095238
4981,7.57738095238
4982,7.57738095238
4983,7.57738095238
4984,7.57738095238
4985,7.57738095238
4986,7.57738095238
4987,7.57738095238
4988,7.57738095238
4989,7.57738095238
4990,7.57738095238
4991,7.57738095238
4992,7.57738095238
4993,7.57738095238
4994,7.57738095238
4995,7.57738095238
4996,7.57738095238
4997,7.57738095238
4998,7.57738095238
