1,0.485114884878
2,0.582682968221
3,0.66073840623
4,0.727128472308
5,0.787547782295
6,0.840017140433
7,0.889792675674
8,0.935974397904
9,0.978784649344
10,1.0259484229
11,1.07631337961
12,1.12143967384
13,1.162383294
14,1.19978179191
15,1.24016155138
16,1.28018028896
17,1.31754319385
18,1.36020498359
19,1.39966222911
20,1.43778223449
21,1.47486150372
22,1.50243476807
23,1.53341327972
24,1.55174080773
25,1.57931649649
26,1.60194488029
27,1.63476010036
28,1.67142452399
29,1.6948258543
30,1.72735063917
31,1.76557680516
32,1.79871863292
33,1.81852152654
34,1.84379297079
35,1.87896311664
36,1.8970189149
37,1.91774345471
38,1.9359577271
39,1.95990067198
40,1.98707863829
41,2.01668108155
42,2.04617417022
43,2.0614642186
44,2.09167878374
45,2.12139762938
46,2.1441459191
47,2.17406047652
48,2.19884743998
49,2.2200563346
50,2.22910150115
51,2.24302058277
52,2.25192964326
53,2.26470625549
54,2.28963862273
55,2.3081055131
56,2.3256199808
57,2.34319514168
58,2.35023133383
59,2.37600378378
60,2.3984215092
61,2.43136011438
62,2.45055451537
63,2.47573951353
64,2.50451056182
65,2.52437977907
66,2.54792903905
67,2.57998003279
68,2.60157567637
69,2.62464075534
70,2.64849422771
71,2.68091616358
72,2.71101725269
73,2.73165535639
74,2.75210606748
75,2.77406072292
76,2.79561513603
77,2.80996562923
78,2.82879933053
79,2.84398458386
80,2.85578601443
81,2.87095922839
82,2.89619050212
83,2.91121246257
84,2.92764612832
85,2.95158135217
86,2.98008406821
87,3.00262345968
88,3.03367168672
89,3.0378871822
90,3.04748779265
91,3.04268648356
92,3.05932185713
93,3.07957200068
94,3.10336161969
95,3.12239990441
96,3.12714700455
97,3.14110981922
98,3.18375180186
99,3.19866580557
100,3.23616535829
101,3.24807370013
102,3.24761534267
103,3.26260510813
104,3.27726294901
105,3.29065580691
106,3.30528662135
107,3.32147469135
108,3.33494068665
109,3.34541849492
110,3.35933351856
111,3.36542136112
112,3.37747369959
113,3.39512283658
114,3.41849062996
115,3.43389339084
116,3.46245370444
117,3.48345471829
118,3.49388776074
119,3.51501314701
120,3.52548511117
121,3.53828761005
122,3.56919449494
123,3.58673510775
124,3.60356273444
125,3.61756058075
126,3.62819730284
127,3.64604457441
128,3.66951334797
129,3.68337769618
130,3.69916360163
131,3.71466802403
132,3.73031990462
133,3.74296525041
134,3.75782057083
135,3.79994323381
136,3.81373665794
137,3.82321859867
138,3.8391307193
139,3.89106669282
140,3.90596451452
141,3.92183018072
142,3.94069407607
143,3.96179437298
144,3.97414048121
145,3.98547183077
146,3.99745939956
147,4.02105062767
148,4.03589290779
149,4.04739686665
150,4.06157460538
151,4.09170029105
152,4.12406269094
153,4.14019653061
154,4.15497093808
155,4.16976730582
156,4.23194809822
157,4.25866447642
158,4.27065239821
159,4.2814242956
160,4.28973815919
161,4.31381387654
162,4.33583042605
163,4.3508936204
164,4.36635924175
165,4.37671177633
166,4.40611064515
167,4.45428519209
168,4.47217095237
169,4.48433871166
170,4.49414877305
171,4.50836229862
172,4.53225224038
173,4.55235210068
174,4.56750869085
175,4.58629628918
176,4.60939450818
177,4.63063969253
178,4.64517591642
179,4.66091643941
180,4.67533036096
181,4.6861281476
182,4.6991236154
183,4.71117283707
184,4.72035392839
185,4.72248018404
186,4.73125637117
187,4.74522950101
188,4.75504284754
189,4.7632215005
190,4.77004888106
191,4.77621477033
192,4.77730522546
193,4.78568141363
194,4.79608777756
195,4.80820355759
196,4.81851769543
197,4.83246412612
198,4.84854462999
199,4.86709885019
200,4.90550890065
201,4.91788440537
202,4.93388446272
203,4.94705265678
204,4.95961260026
205,4.97040718814
206,4.98568344204
207,4.99556718137
208,4.98997449941
209,4.99041836232
210,4.99965540326
211,5.01033959885
212,5.01880941822
213,5.02801799681
214,5.03924624739
215,5.04759842275
216,5.05711364247
217,5.0313625806
218,5.02568531485
219,5.04207266979
220,5.05282704675
221,5.06208481394
222,5.07078190536
223,5.08481651524
224,5.09686087652
225,5.10621957014
226,5.11784426579
227,5.1723125023
228,5.19903803788
229,5.2120597773
230,5.22048335772
231,5.23601479196
232,5.2465399961
233,5.25310739791
234,5.26761079201
235,5.28009361492
236,5.29288471332
237,5.31358696934
238,5.28524549336
239,5.29262484421
240,5.30269038721
241,5.31468592091
242,5.32501594177
243,5.33195930907
244,5.33943622543
245,5.34559957962
246,5.35370138113
247,5.36436248206
248,5.37812411582
249,5.38975224039
250,5.31217673285
251,5.32089355432
252,5.32696537418
253,5.33523497972
254,5.34498664413
255,5.35674784553
256,5.3640431865
257,5.37394925482
258,5.38227851245
259,5.39078860841
260,5.39760634392
261,5.41028845898
262,5.42578492239
263,5.32321036666
264,5.31715118579
265,5.32645609609
266,5.3384569136
267,5.35067215644
268,5.3595110391
269,5.36554329972
270,5.37480041204
271,5.3875038606
272,5.39497078333
273,5.4016521569
274,5.41183094154
275,5.42673149798
276,5.43560693348
277,5.44001026619
278,5.44060828847
279,5.45125409872
280,5.45894523868
281,5.46549305041
282,5.47085545482
283,5.48377931514
284,5.49933127906
285,5.50367655717
286,5.50971469414
287,5.52063117199
288,5.53060452626
289,5.54136028196
290,5.55066956804
291,5.56439346625
292,5.56969462223
293,5.58001480055
294,5.49737675849
295,5.49827222717
296,5.50559289678
297,5.51415951863
298,5.5234870839
299,5.53130288175
300,5.53864345657
301,5.55215923396
302,5.56237033418
303,5.56888570293
304,5.57815417808
305,5.58722189138
306,5.59429897236
307,5.6002855701
308,5.60861753385
309,5.62424915897
310,5.63357144131
311,5.6388930841
312,5.72966595963
313,5.81129168246
314,5.8223603657
315,5.83260789588
316,5.84308739802
317,5.85194828149
318,5.86340389744
319,5.86967228718
320,5.87606056926
321,5.88456522333
322,5.89506125623
323,5.90108044428
324,5.90959562756
325,5.91595181069
326,5.92486421445
327,5.93072932389
328,5.93869103408
329,5.95429625295
330,5.96871966113
331,5.97367227111
332,5.9835276382
333,5.99000814621
334,6.00140006831
335,6.01035186243
336,6.01885326849
337,6.03299592237
338,6.04893110289
339,6.06591092976
340,6.07175440574
341,6.08242189614
342,6.09200770784
343,6.10292696864
344,6.1108687005
345,6.11932636311
346,6.12523200373
347,6.1329600498
348,6.13906769362
349,6.14617617538
350,6.15327779971
351,6.16523109965
352,6.17284822732
353,6.17887726241
354,6.18945387661
355,6.19790918586
356,6.20668987317
357,6.1115885659
358,6.10971347693
359,6.11439873283
360,6.12448091689
361,6.13586655753
362,6.14055924143
363,6.14517225998
364,6.1489589048
365,6.15384071921
366,6.15713038916
367,6.16369699376
368,6.17437909635
369,6.18071603407
370,6.1945666158
371,6.21220229386
372,6.21849232318
373,6.22416593342
374,6.23433190852
375,6.25112561121
376,6.2619215361
377,6.27393100102
378,6.28531466928
379,6.29455773719
380,6.3001265287
381,6.30830786318
382,6.31354947699
383,6.31734510732
384,6.30676500503
385,6.28666779782
386,6.29479847604
387,6.30023893979
388,6.31215908749
389,6.32557678629
390,6.33772180336
391,6.34630954483
392,6.35105029412
393,6.35706678256
394,6.36614195275
395,6.37167203672
396,6.3772525222
397,6.3888036573
398,6.39666459091
399,6.4048863772
400,6.40895399779
401,6.41860089371
402,6.43052104141
403,6.43769573184
404,6.44592925763
405,6.45222484681
406,6.45840294442
407,6.46462265363
408,6.47009796169
409,6.47912584897
410,6.4876874543
411,6.49259552415
412,6.49545728275
413,6.49730357862
414,6.50607872915
415,6.51507201658
416,6.54413086871
417,6.59142216772
418,6.59385443431
419,6.5961382201
420,6.60960951516
421,6.62344129086
422,6.63217345662
423,6.63911801014
424,6.64687582865
425,6.65410257661
426,6.6613568717
427,6.67047124643
428,6.68524230061
429,6.7003305878
430,6.70871320452
431,6.71492235484
432,6.72425898669
433,6.73026167437
434,6.73906259949
435,6.75688342901
436,6.763939004
437,6.77481127815
438,6.7771165741
439,6.77954648064
440,6.78193957042
441,6.79327994344
442,6.79730858293
443,6.80425150029
444,6.80914600609
445,6.81242482229
446,6.81788413346
447,6.82853973526
448,6.83198210286
449,6.84511054763
450,6.85402894796
451,6.86412895058
452,6.88301269099
453,6.89905111259
454,6.96747616471
455,7.04136778568
456,7.06242292415
457,7.06789277378
458,7.07597142813
459,7.08775773469
460,7.09612660463
461,7.10571571843
462,7.11468978748
463,7.12139943651
464,7.12602755641
465,7.13146674702
466,7.13520230275
467,7.14659805508
468,7.15475624373
469,7.15940138537
470,7.16474202909
471,7.17670601866
472,7.17869860674
473,7.18727392742
474,7.19926118501
475,7.21147689219
476,7.22160482396
477,7.22796073131
478,7.2424239793
479,7.2491592107
480,7.25598477675
481,7.26658991433
482,7.26998365989
483,7.27547352657
484,7.28094454809
485,7.29746906834
486,7.30362630736
487,7.30925990408
488,7.32018740941
489,7.32705209558
490,7.33597083721
491,7.34647802516
492,7.35458873213
493,7.36770800969
494,7.37299826012
495,7.38427224733
496,7.39356111439
497,7.40039181139
498,7.41130259361
499,7.40440147963
500,7.22475406433
501,7.22927077616
502,7.23349390173
503,7.2366394689
504,7.24007539611
505,7.24368181679
506,7.25788050579
507,7.2719425353
508,7.28073506767
509,7.28518402882
510,7.28710363135
511,7.29397434712
512,7.30270469563
513,7.30635893058
514,7.31695492146
515,7.32313959045
516,7.33028567382
517,7.34324863678
518,7.34701393201
519,7.3542966899
520,7.36798265456
521,7.37675494396
522,7.37992739632
523,7.3822233915
524,7.38716097876
525,7.39294031685
526,7.39836037105
527,7.40323841983
528,7.40467555542
529,7.40936472352
530,7.4109229891
531,7.41688504872
532,7.43314521133
533,7.43813940412
534,7.44002674443
535,7.44464024294
536,7.44559197865
537,7.45008762515
538,7.45620852879
539,7.46727447279
540,7.47605517567
541,7.48452078414
542,7.49274119968
543,7.49504472271
544,7.50053575381
545,7.50325830625
546,7.50819613504
547,7.51144816756
548,7.51551320821
549,7.52362169863
550,7.52904755809
551,7.53691859268
552,7.54340804483
553,7.54622150084
554,7.55574202088
555,7.57506177197
556,7.5918266965
557,7.60321638705
558,7.60940258769
559,7.61437960655
560,7.61844806895
561,7.62191528075
562,7.63081378965
563,7.63686637904
564,7.64678701396
565,7.65778989996
566,7.65947340165
567,7.6637943893
568,7.67504980055
569,7.68010030561
570,7.69003296554
571,7.6949992955
572,7.70047067598
573,7.70584719246
574,7.71535630475
575,7.71847078286
576,7.71981758421
577,7.72363352136
578,7.72980636087
579,7.73064811171
580,7.73558638331
581,7.7459759937
582,7.7602095996
583,7.76519888641
584,7.77133601528
585,7.78391016952
586,7.79143782704
587,7.79377772433
588,7.79478782534
589,7.80046363102
590,7.80711747101
591,7.80950243172
592,7.81116722783
593,7.81335578002
594,7.82532601144
595,7.83067714179
596,7.83217358773
597,7.83870316926
598,7.84727967506
599,7.85087114532
600,7.85461226017
601,7.86022393245
602,7.86359093581
603,7.87302789803
604,7.88302262646
605,7.89623811467
606,7.89948353181
607,7.90324335223
608,7.91036762527
609,7.92484063822
610,7.92991452524
611,7.94053461503
612,7.95226167398
613,7.95445022617
614,7.96152093324
615,7.97062386734
616,7.97567437239
617,7.97711737383
618,7.98012362684
619,7.98268629051
620,7.98708210047
621,7.991781876
622,7.99297435636
623,7.99522540217
624,8.00044770364
625,8.01368336597
626,8.02442235036
627,8.02608210139
628,8.03645554538
629,8.05086310646
630,8.06146707143
631,8.06707367091
632,8.07092666439
633,8.07151943262
634,8.07645916785
635,8.08873934963
636,8.10405746858
637,8.10509481298
638,8.10748070509
639,8.10983201906
640,8.11263284894
641,8.11733547688
642,8.1298033686
643,8.13442696078
644,8.13995946423
645,8.14189584044
646,8.14380257824
647,8.14971544131
648,8.15490710304
649,8.15573697856
650,8.1634824834
651,8.16770101729
652,8.17223075449
653,8.17665675726
654,8.18382925281
655,8.19664786574
656,8.19868483292
657,8.20714390497
658,8.22011070994
659,8.22062938214
660,8.22201250801
661,8.22938259297
662,8.2352756971
663,8.2352756971
664,8.2352756971
665,8.23669834085
666,8.24222096484
667,8.25607527558
668,8.27072488369
669,8.27983779706
670,8.2860272853
671,8.28737583302
672,8.29113003179
673,8.29646494584
674,8.29974986977
675,8.31230173699
676,8.31531003575
677,8.31942169172
678,8.32665795477
679,8.33198837815
680,8.33734664367
681,8.34908345458
682,8.3530388353
683,8.35507580248
684,8.35636671996
685,8.36095618305
686,8.36313146282
687,8.36388589511
688,8.36554564615
689,8.37031743038
690,8.38271092669
691,8.39176112039
692,8.39892418554
693,8.40728131942
694,8.41494284876
695,8.43202445319
696,8.44997545101
697,8.45495470412
698,8.4657480256
699,8.46779307599
700,8.4706976403
701,8.47499520995
702,8.48008313724
703,8.48692961027
704,8.49854786753
705,8.50565839186
706,8.51456697982
707,8.51830141965
708,8.52141345284
709,8.53040377096
710,8.53368869489
711,8.53806859346
712,8.53841437493
713,8.54176845515
714,8.91459992224
715,9.012996178
716,9.02214032214
717,9.02561522562
718,9.02793182793
719,9.03329218829
720,9.0400039
721,9.05051441051
722,9.05688077688
723,9.06588978589
724,9.07009399009
725,9.0733972934
726,9.07865527866
727,9.0895029445
728,9.09558402558
729,9.09821165321
730,9.10354198354
731,9.10606450606
732,9.10798642799
733,9.10978822979
734,9.11619106119
735,9.1254960805
736,9.13294781795
737,9.14176377676
738,9.14253597754
739,9.14253597754
740,9.15109453609
741,9.1697045747
742,9.18016146016
743,9.1902965953
744,9.19137767638
745,9.20245875746
746,9.21825026325
747,9.22172516673
748,9.22938282438
749,9.23955481455
750,9.24450567451
751,9.25611013611
752,9.27678795679
753,9.28624332124
754,9.29460531961
755,9.30334405834
756,9.30819254319
757,9.32482293982
758,9.33184996685
759,9.34387699388
760,9.3459040209
761,9.34667622168
762,9.34966849967
763,9.35020904021
764,9.35497562498
765,9.36496333996
766,9.37961584962
767,9.38583206583
768,9.38727350727
769,9.39213837214
770,9.39543953044
771,9.39775613276
772,9.40023361023
773,9.40714480714
774,9.41103155103
775,9.41587925588
776,9.42246226746
777,9.43363343863
778,9.4389037089
779,9.44061542062
780,9.45502983503
781,9.46910962911
782,9.47639288639
783,9.4873967474
784,9.49226161226
785,9.4955048555
786,9.50000936001
787,9.51371592372
788,9.52722943723
789,9.53282789283
790,9.54048555049
791,9.56607347607
792,9.57571136071
793,9.57833684334
794,9.57905756406
795,9.58238270738
796,9.58493798994
797,9.59188779689
798,9.59478354978
799,9.59934655435
800,9.60457177957
801,9.61105826606
802,9.61511232011
803,9.63007371007
804,9.63341347841
805,9.63922428922
806,9.6454984205
807,9.65198490698
808,9.66633926134
809,9.67414706915
810,9.67763055263
811,9.68222514723
812,9.68258550759
813,9.69333079833
814,9.69369115869
815,9.69896786397
816,9.70082114582
817,9.71320853321
818,9.72052084552
819,9.72232264732
820,9.72699231699
821,9.74028060528
822,9.7446049296
823,9.74784817285
824,9.74910943411
825,9.75151183651
826,9.75382414882
827,9.7594998245
828,9.76963495963
829,9.77504036504
830,9.77747279747
831,9.78098631099
832,9.78795327795
833,10.1358506245
834,10.2318826956
835,10.2442337873
836,10.2502846505
837,10.264020023
838,10.2764982989
839,10.28112117
840,10.28112117
841,10.28377545
842,10.2863744325
843,10.2876462751
844,10.295988298
845,10.3006806859
846,10.3068647897
847,10.3068647897
848,10.3068647897
849,10.3068647897
850,10.3112211795
851,10.3180338315
852,10.3260630286
853,10.3370119337
854,10.3388367512
855,10.3482215271
856,10.3489514541
857,10.3562507241
858,10.358753331
859,10.3687116209
860,10.3740035917
861,10.3777748812
862,10.383066852
863,10.3889062681
864,10.3915826671
865,10.3915826671
866,10.3978628833
867,10.4136179311
868,10.4188085232
869,10.4287436408
870,10.4384760009
871,10.4410307454
872,10.4447412077
873,10.4502156603
874,10.4561159036
875,10.4631718646
876,10.4640842734
877,10.4659090909
878,10.4832079923
879,10.5069306201
880,10.5290496203
881,10.5358972941
882,10.5512054855
883,10.5512054855
884,10.5532625525
885,10.5587986223
886,10.5615358486
887,10.5660978924
888,10.5670103011
889,10.5670103011
890,10.5709032452
891,10.5747740702
892,10.5822281733
893,10.5933429709
894,10.6016191635
895,10.6095303926
896,10.6218377729
897,10.631407927
898,10.6383596128
899,10.6390231828
900,10.6459464299
901,10.6474062839
902,10.6483186927
903,10.655435481
904,10.6660628706
905,10.6749842007
906,10.680560032
907,10.6874537871
908,10.6903734951
909,10.6918333491
910,10.6947530572
911,10.6973078017
912,10.6997408917
913,10.7010127342
914,10.7138859924
915,10.7318940184
916,10.7400106382
917,10.745464815
918,10.7529668426
919,10.7635507842
920,10.7690252367
921,10.7726748718
922,10.7772369156
923,10.7827113681
924,10.7866651394
925,10.7916732497
926,10.7987292108
927,10.8035953908
928,10.8115985191
929,10.8144660895
930,10.8163517342
931,10.818967306
932,10.8259016126
933,10.8335658462
934,10.8395485091
935,10.8456259677
936,10.8494414952
937,10.8530476822
938,10.857123108
939,10.8686194584
940,10.8793337441
941,10.880863115
942,10.8881623851
943,10.8918931231
944,10.8942451101
945,10.8989896357
946,10.9015443802
947,10.9095735773
948,10.9174202926
949,10.9210699276
950,10.9289948494
951,10.9341043385
952,10.9341043385
953,10.9360595001
954,10.9369719089
955,10.9431968275
956,10.9479366133
957,10.9505908933
958,10.9544064208
959,10.9550699908
960,10.9550699908
961,10.9579375612
962,10.9652368313
963,10.9661492401
964,10.9699813568
965,10.9729010649
966,10.9761857364
967,10.982390116
968,10.98871615
969,10.98871615
970,10.9943209467
971,10.9997519512
972,11.0007947041
973,11.0051742661
974,11.0075465289
975,11.0122910544
976,11.0164273075
977,11.0189765223
978,11.0212768983
979,11.0245210183
980,11.0254334271
981,11.0325594316
982,11.0382692936
983,11.0402852824
984,11.0402852824
985,11.0402852824
986,11.0439349175
987,11.0473412435
988,11.0505042605
989,11.0614531657
990,11.0629130197
991,11.0643728737
992,11.0718806943
993,11.0749510222
994,11.0776158351
995,11.0797013408
996,11.0807440937
997,11.0822039477
998,11.0845559347
999,11.0237973094
1000,10.6409136521
1001,10.6466607786
1002,10.6541320429
1003,10.6597149657
1004,10.6654620922
1005,10.669772437
1006,10.6753553598
1007,10.6809382827
1008,10.6840171004
1009,10.6974088172
1010,10.7024854456
1011,10.7065722911
1012,10.7091265695
1013,10.7091265695
1014,10.7120001327
1015,10.7158315503
1016,10.7218660331
1017,10.7280920867
1018,10.7367127764
1019,10.7367127764
1020,10.7430756664
1021,10.7459492296
1022,10.7641484633
1023,10.7693208771
1024,10.7788994211
1025,10.7927472591
1026,10.798439651
1027,10.8081550314
1028,10.8158178667
1029,10.8206071387
1030,10.8352623111
1031,10.8441442338
1032,10.8464430844
1033,10.8477202236
1034,10.8529884228
1035,10.8576557861
1036,10.861104062
1037,10.861104062
1038,10.861104062
1039,10.861104062
1040,10.8623812012
1041,10.8649354796
1042,10.870682606
1043,10.8775530344
1044,10.884942197
1045,10.884942197
1046,10.8863789786
1047,10.8878157602
1048,10.8893483273
1049,10.8901146108
1050,10.8901146108
1051,10.8936723557
1052,10.8953143919
1053,10.8965915311
1054,10.9050206498
1055,10.9186221824
1056,10.9295417226
1057,10.9304995771
1058,10.938846594
1059,10.942167156
1060,10.9503408469
1061,10.9503408469
1062,10.9514902722
1063,10.9537891228
1064,10.9622182415
1065,10.9637508086
1066,10.9671990844
1067,10.97275464
1068,10.9765860576
1069,10.9780228392
1070,10.9794596208
1071,10.9794596208
1072,10.9794596208
1073,10.9794596208
1074,10.9861646017
1075,10.9919117281
1076,10.9980419963
1077,11.0122182415
1078,11.018786386
1079,11.0204284222
1080,11.0249440215
1081,11.0335647112
1082,11.0364382744
1083,11.0416106882
1084,11.045058964
1085,11.0557869334
1086,11.0586604966
1087,11.0605762054
1088,11.0605762054
1089,11.0640244813
1090,11.0684579788
1091,11.074588247
1092,11.0768870976
1093,11.0903517938
1094,11.0926506444
1095,11.0962083893
1096,11.1112603871
1097,11.12926805
1098,11.1324028462
1099,11.1349890531
1100,11.144886882
1101,11.1476008028
1102,11.1476008028
1103,11.1476008028
1104,11.1476008028
1105,11.1514322204
1106,11.1616493341
1107,11.1801098008
1108,11.1905504138
1109,11.1957228276
1110,11.1986921763
1111,11.2047403427
1112,11.2063823788
1113,11.2098306547
1114,11.214045214
1115,11.2186429152
1116,11.2215164784
1117,11.2301371681
1118,11.2384705014
1119,11.240769352
1120,11.240769352
1121,11.240769352
1122,11.2439041482
1123,11.2439041482
1124,11.249938631
1125,11.2597087459
1126,11.2614328838
1127,11.2646895888
1128,11.2669884394
1129,11.2669884394
1130,11.2681378647
1131,11.2759922708
1132,11.2809731137
1133,11.2855708149
1134,11.2965177224
1135,11.2993912856
1136,11.3005407109
1137,11.3028395615
1138,11.3143110083
1139,11.3275111542
1140,11.3421936939
1141,11.3563699391
1142,11.3645262145
1143,11.3704242756
1144,11.3727231262
1145,11.3820416812
1146,11.3967242209
1147,11.4013268979
1148,11.4050587982
1149,11.4050587982
1150,11.4050587982
1151,11.4108059246
1152,11.415769352
1153,11.4260096864
1154,11.4283085369
1155,11.4329062381
1156,11.4375039392
1157,11.4421016404
1158,11.4497644756
1159,11.4497644756
1160,11.4497644756
1161,11.4555116021
1162,11.4555116021
1163,11.4566610274
1164,11.4698794182
1165,11.4721782687
1166,11.4767394802
1167,11.4805708978
1168,11.4805708978
1169,11.4870843078
1170,11.4938763663
1171,11.4988397937
1172,11.5153422567
1173,11.5254780979
1174,11.5335153671
1175,11.5395179214
1176,11.5411599575
1177,11.5480701929
1178,11.5495069745
1179,11.5542962465
1180,11.5657220812
1181,11.5768331924
1182,11.5783657594
1183,11.5795151847
1184,11.5862475328
1185,11.5899794331
1186,11.5910243652
1187,11.5962925644
1188,11.5986872004
1189,11.6061584648
1190,11.609442537
1191,11.6110845732
1192,11.6148202053
1193,11.6238240368
1194,11.6238240368
1195,11.6330194391
1196,11.6464294007
1197,11.6464294007
1198,11.6521765272
1199,11.6579236536
1200,11.6579236536
1201,11.6598393624
1202,11.6611165016
1203,11.6636707801
1204,11.6668055763
1205,11.6668055763
1206,11.6682423579
1207,11.6729632118
1208,11.6729632118
1209,11.6729632118
1210,11.691864872
1211,11.6987614238
1212,11.7014434161
1213,11.7037422667
1214,11.709680964
1215,11.7119798146
1216,11.7148533778
1217,11.7277993399
1218,11.7328896519
1219,11.7390199201
1220,11.7483065466
1221,11.7512257219
1222,11.7555360667
1223,11.7569728484
1224,11.7586148845
1225,11.7586148845
1226,11.7600516661
1227,11.7614884477
1228,11.7675229305
1229,11.7721206316
1230,11.7790171833
1231,11.7882125856
1232,11.7894897248
1233,11.7926825729
1234,11.7926825729
1235,11.7987170556
1236,11.8047515384
1237,11.8177783583
1238,11.8196940671
1239,11.8219929177
1240,11.8258243353
1241,11.8267821897
1242,11.8299750377
1243,11.8354941036
1244,11.8387781758
1245,11.8387781758
1246,11.8426966711
1247,11.8527777778
1248,11.8544198139
1249,11.7934402798
1250,11.5024117801
1251,11.5074622852
1252,11.5094824872
1253,11.5135228913
1254,11.5161202938
1255,11.5161202938
1256,11.5183930211
1257,11.5252112029
1258,11.5252112029
1259,11.5288475666
1260,11.5288475666
1261,11.5402112029
1262,11.546271809
1263,11.5521749967
1264,11.5538278893
1265,11.5601915256
1266,11.5738278893
1267,11.5738278893
1268,11.5738278893
1269,11.5738278893
1270,11.5738278893
1271,11.5738278893
1272,11.5774642529
1273,11.5841309196
1274,11.5841309196
1275,11.5951502033
1276,11.5977476059
1277,11.6003450085
1278,11.6003450085
1279,11.6064056146
1280,11.6176610258
1281,11.6429857012
1282,11.6429857012
1283,11.6429857012
1284,11.6557129739
1285,11.6575311557
1286,11.6575311557
1287,11.6575311557
1288,11.659803883
1289,11.6745441427
1290,11.6745441427
1291,11.6781805064
1292,11.68181687
1293,11.6844142726
1294,11.6930722813
1295,11.7021631903
1296,11.7051934934
1297,11.7112540994
1298,11.7112540994
1299,11.7203450085
1300,11.7203450085
1301,11.7233753116
1302,11.7317086449
1303,11.7339813722
1304,11.7339813722
1305,11.7354965237
1306,11.7370116752
1307,11.7461025843
1308,11.7473147055
1309,11.7497389479
1310,11.7497389479
1311,11.7679207661
1312,11.7679207661
1313,11.7679207661
1314,11.7679207661
1315,11.791061262
1316,11.7933339892
1317,11.8001521711
1318,11.8062127771
1319,11.8095185622
1320,11.8111714548
1321,11.8177371114
1322,11.8253128689
1323,11.8288482225
1324,11.8311209498
1325,11.8311209498
1326,11.8311209498
1327,11.8311209498
1328,11.833393677
1329,11.8356664043
1330,11.8417270104
1331,11.845363374
1332,11.845363374
1333,11.845363374
1334,11.8489997376
1335,11.8658828545
1336,11.8658828545
1337,11.8658828545
1338,11.8658828545
1339,11.8695192182
1340,11.8731555818
1341,11.8731555818
1342,11.8731555818
1343,11.8731555818
1344,11.8731555818
1345,11.8955876951
1346,11.9027030041
1347,11.9051272465
1348,11.9087636101
1349,11.9087636101
1350,11.9110363374
1351,11.9201272465
1352,11.9292181556
1353,11.9383090647
1354,11.9443696707
1355,11.9504302768
1356,11.9519454283
1357,11.9519454283
1358,11.9542181556
1359,11.9587636101
1360,11.9587636101
1361,11.9587636101
1362,11.9675514889
1363,11.9742181556
1364,11.9793696707
1365,11.9878545192
1366,11.9948242162
1367,11.9974216188
1368,12.0098170012
1369,12.0122412436
1370,12.0122412436
1371,12.0185543749
1372,12.0208271022
1373,12.0281732914
1374,12.0336645678
1375,12.0373009314
1376,12.0373009314
1377,12.0373009314
1378,12.0463918405
1379,12.0500282041
1380,12.0573009314
1381,12.0618463859
1382,12.0618463859
1383,12.067906992
1384,12.0824524465
1385,12.0836645678
1386,12.0904827496
1387,12.0941191132
1388,12.0994451004
1389,12.1055424374
1390,12.1067545586
1391,12.1067545586
1392,12.1067545586
1393,12.1108671127
1394,12.1149796668
1395,12.1172523941
1396,12.1195251213
1397,12.1219493638
1398,12.126191788
1399,12.126191788
1400,12.1307372426
1401,12.1471008789
1402,12.1471008789
1403,12.1652826971
1404,12.1795251213
1405,12.1810402729
1406,12.1836376755
1407,12.1836376755
1408,12.1836376755
1409,12.1896982815
1410,12.1921225239
1411,12.1933346452
1412,12.1933346452
1413,12.1969710088
1414,12.2006073724
1415,12.2030316148
1416,12.2042437361
1417,12.2042437361
1418,12.2087891906
1419,12.2209104027
1420,12.232165814
1421,12.2344385413
1422,12.2445900564
1423,12.2470142988
1424,12.2515597534
1425,12.2561052079
1426,12.2561052079
1427,12.2561052079
1428,12.2576203594
1429,12.2614082382
1430,12.2636809655
1431,12.2697415716
1432,12.2697415716
1433,12.2712567231
1434,12.2727718746
1435,12.2727718746
1436,12.2773173291
1437,12.2773173291
1438,12.2864082382
1439,12.2890056408
1440,12.3014515283
1441,12.3014515283
1442,12.3040489309
1443,12.3066463335
1444,12.3090705759
1445,12.3140705759
1446,12.3178584547
1447,12.329222091
1448,12.329222091
1449,12.329222091
1450,12.3332624951
1451,12.3451239669
1452,12.3495684114
1453,12.3608815427
1454,12.3608815427
1455,12.3608815427
1456,12.3608815427
1457,12.3608815427
1458,12.3645179063
1459,12.3717906336
1460,12.3754269972
1461,12.3814876033
1462,12.3840850059
1463,12.3891066509
1464,12.4001259347
1465,12.4060350256
1466,12.420428965
1467,12.4219441165
1468,12.423459268
1469,12.4249744195
1470,12.426489571
1471,12.4310350256
1472,12.4369441165
1473,12.4369441165
1474,12.4369441165
1475,12.4393683589
1476,12.4610350256
1477,12.4646713892
1478,12.4646713892
1479,12.4798229044
1480,12.48547947
1481,12.4872976518
1482,12.4872976518
1483,12.4921677817
1484,12.5019080415
1485,12.5087262233
1486,12.5087262233
1487,12.5087262233
1488,12.5253928899
1489,12.5269080415
1490,12.533473698
1491,12.5397868293
1492,12.5397868293
1493,12.5397868293
1494,12.5397868293
1495,12.5397868293
1496,12.5414397219
1497,12.544745507
1498,12.5574727797
1499,12.559745507
1500,12.559745507
1501,12.559745507
1502,12.5612606585
1503,12.56277581
1504,12.5639879313
1505,12.5724727797
1506,12.5765131838
1507,12.5765131838
1508,12.5765131838
1509,12.5882900433
1510,12.6004112554
1511,12.6148051948
1512,12.6170779221
1513,12.6170779221
1514,12.6201082251
1515,12.6291991342
1516,12.6373809524
1517,12.6396536797
1518,12.647987013
1519,12.6525324675
1520,12.6525324675
1521,12.6622294372
1522,12.6622294372
1523,12.6622294372
1524,12.6743506494
1525,12.6766233766
1526,12.6788961039
1527,12.6874819625
1528,12.6935425685
1529,12.7040692641
1530,12.7092640693
1531,12.7118614719
1532,12.7231168831
1533,12.7257142857
1534,12.7257142857
1535,12.732987013
1536,12.732987013
1537,12.7352597403
1538,12.7375324675
1539,12.7428354978
1540,12.7464718615
1541,12.7464718615
1542,12.7519264069
1543,12.7588961039
1544,12.7604112554
1545,12.7634415584
1546,12.7634415584
1547,12.7657142857
1548,12.767987013
1549,12.7734415584
1550,12.7734415584
1551,12.776038961
1552,12.7786363636
1553,12.7871212121
1554,12.7916666667
1555,12.7962121212
1556,12.8022727273
1557,12.8022727273
1558,12.8059090909
1559,12.8095454545
1560,12.8095454545
1561,12.8110606061
1562,12.8197186147
1563,12.8223160173
1564,12.8314069264
1565,12.8314069264
1566,12.8314069264
1567,12.8363656041
1568,12.8363656041
1569,12.8363656041
1570,12.8363656041
1571,12.840304998
1572,12.8475777253
1573,12.8500019677
1574,12.853234291
1575,12.8698215925
1576,12.8841073068
1577,12.8841073068
1578,12.896228519
1579,12.9029384757
1580,12.906271809
1581,12.9099081726
1582,12.9121808999
1583,12.9152112029
1584,12.9152112029
1585,12.9164233242
1586,12.9208677686
1587,12.9249081726
1588,12.9321808999
1589,12.938241506
1590,12.938241506
1591,12.938241506
1592,12.938241506
1593,12.9525272203
1594,12.9551246229
1595,12.960319428
1596,12.9623396301
1597,12.9643598321
1598,12.9666325594
1599,12.9689052866
1600,12.9689052866
1601,12.9701174078
1602,12.9796845074
1603,12.9939702217
1604,12.9976065853
1605,12.9976065853
1606,13.0036671914
1607,13.0036671914
1608,13.0036671914
1609,13.0036671914
1610,13.0066974944
1611,13.0089702217
1612,13.0089702217
1613,13.0089702217
1614,13.0184651712
1615,13.0245257773
1616,13.0245257773
1617,13.0245257773
1618,13.0245257773
1619,13.0245257773
1620,13.0267985045
1621,13.0267985045
1622,13.0386166863
1623,13.0412140889
1624,13.0494680572
1625,13.0514882592
1626,13.0551246229
1627,13.0584579562
1628,13.0599731077
1629,13.0651679129
1630,13.077289125
1631,13.0878951856
1632,13.0958841663
1633,13.1049750754
1634,13.1049750754
1635,13.1049750754
1636,13.1101698806
1637,13.1162304867
1638,13.1288567493
1639,13.135835629
1640,13.135835629
1641,13.135835629
1642,13.135835629
1643,13.1464416896
1644,13.1517447199
1645,13.1569395251
1646,13.1569395251
1647,13.1599698282
1648,13.16678801
1649,13.1690607372
1650,13.1690607372
1651,13.1731011413
1652,13.1751213433
1653,13.1751213433
1654,13.1751213433
1655,13.1751213433
1656,13.1902728585
1657,13.1902728585
1658,13.1902728585
1659,13.2063983996
1660,13.2135412567
1661,13.2135412567
1662,13.2135412567
1663,13.2135412567
1664,13.2180867113
1665,13.2226321658
1666,14.1150820047
1667,14.8442693744
1668,14.8587301587
1669,14.8646125117
1670,14.8712651727
1671,14.8737161531
1672,14.8737161531
1673,14.8761671335
1674,14.8859710551
1675,14.8859710551
1676,14.8859710551
1677,14.8901727358
1678,14.8985760971
1679,14.9022525677
1680,14.9059290383
1681,14.9059290383
1682,14.9059290383
1683,14.9132819795
1684,14.923085901
1685,14.923085901
1686,14.9377917834
1687,14.9377917834
1688,14.9377917834
1689,14.9377917834
1690,14.9377917834
1691,14.9377917834
1692,14.9495564893
1693,14.9554388422
1694,14.9554388422
1695,14.9554388422
1696,14.9554388422
1697,14.9554388422
1698,14.9676937442
1699,14.9774976657
1700,14.9774976657
1701,14.9774976657
1702,14.9774976657
1703,14.9774976657
1704,14.9833800187
1705,14.9966153128
1706,15.0015172736
1707,15.0064192344
1708,15.0064192344
1709,15.0064192344
1710,15.0064192344
1711,15.0064192344
1712,15.0129551821
1713,15.0129551821
1714,15.0129551821
1715,15.0129551821
1716,15.0129551821
1717,15.0129551821
1718,15.0129551821
1719,15.0129551821
1720,15.0129551821
1721,15.0129551821
1722,15.0166316527
1723,15.0283963585
1724,15.0283963585
1725,15.0283963585
1726,15.0320728291
1727,15.0394257703
1728,15.0558823529
1729,15.0558823529
1730,15.0595588235
1731,15.0632352941
1732,15.0632352941
1733,15.0632352941
1734,15.0669117647
1735,15.0779411765
1736,15.0779411765
1737,15.087745098
1738,15.0995098039
1739,15.0995098039
1740,15.0995098039
1741,15.1044117647
1742,15.1044117647
1743,15.1093137255
1744,15.1129901961
1745,15.1166666667
1746,15.1208683473
1747,15.125070028
1748,15.1292717087
1749,15.1329481793
1750,15.1329481793
1751,15.1329481793
1752,15.1353991597
1753,15.1420518207
1754,15.1580182073
1755,15.1580182073
1756,15.1580182073
1757,15.1713235294
1758,15.1713235294
1759,15.1860294118
1760,15.1860294118
1761,15.1897058824
1762,15.1970588235
1763,15.1970588235
1764,15.1970588235
1765,15.2191176471
1766,15.2191176471
1767,15.2387254902
1768,15.2387254902
1769,15.2387254902
1770,15.2387254902
1771,15.2387254902
1772,15.2387254902
1773,15.2387254902
1774,15.2446078431
1775,15.2504901961
1776,15.2504901961
1777,15.2504901961
1778,15.2541666667
1779,15.2578431373
1780,15.262745098
1781,15.262745098
1782,15.2700980392
1783,15.2700980392
1784,15.2700980392
1785,15.2700980392
1786,15.2737745098
1787,15.2774509804
1788,15.2774509804
1789,15.2774509804
1790,15.2848039216
1791,15.2848039216
1792,15.2988095238
1793,15.3114145658
1794,15.3114145658
1795,15.3114145658
1796,15.3114145658
1797,15.318767507
1798,15.318767507
1799,15.3229691877
1800,15.3271708683
1801,15.3271708683
1802,15.3330532213
1803,15.3379551821
1804,15.3379551821
1805,15.3453081232
1806,15.3453081232
1807,15.3453081232
1808,15.3526610644
1809,15.3526610644
1810,15.3526610644
1811,15.3673669468
1812,15.3673669468
1813,15.3673669468
1814,15.3698179272
1815,15.3890756303
1816,15.4116596639
1817,15.4195378151
1818,15.4274159664
1819,15.4274159664
1820,15.4421218487
1821,15.4494747899
1822,15.4592787115
1823,15.4592787115
1824,15.4592787115
1825,15.4676820728
1826,15.4676820728
1827,15.4676820728
1828,15.4843487395
1829,15.493907563
1830,15.4975840336
1831,15.4975840336
1832,15.4975840336
1833,15.4975840336
1834,15.4975840336
1835,15.4975840336
1836,15.5316526611
1837,15.5473389356
1838,15.5581232493
1839,15.5581232493
1840,15.5581232493
1841,15.5581232493
1842,15.5581232493
1843,15.5581232493
1844,15.5613912232
1845,15.564659197
1846,15.564659197
1847,15.564659197
1848,15.5671101774
1849,15.5695611578
1850,15.5737628385
1851,15.5779645191
1852,15.5779645191
1853,15.5926704015
1854,15.5926704015
1855,15.5926704015
1856,15.6024743231
1857,15.6024743231
1858,15.608356676
1859,15.6142390289
1860,15.6142390289
1861,15.6142390289
1862,15.6436507937
1863,15.6436507937
1864,15.6436507937
1865,15.6436507937
1866,15.6436507937
1867,15.6473272642
1868,15.6473272642
1869,15.6473272642
1870,15.6546802054
1871,15.6546802054
1872,15.6546802054
1873,15.6546802054
1874,15.6595821662
1875,15.6669351074
1876,15.6669351074
1877,15.670611578
1878,15.6823762838
1879,15.6823762838
1880,15.6823762838
1881,15.6823762838
1882,15.6823762838
1883,15.6823762838
1884,15.6823762838
1885,15.6823762838
1886,15.7047852474
1887,15.72054155
1888,15.72054155
1889,15.7278944911
1890,15.7327964519
1891,15.7386788049
1892,15.7445611578
1893,15.7592670401
1894,15.7651493931
1895,15.7857376284
1896,15.79554155
1897,15.79554155
1898,15.79554155
1899,15.79554155
1900,15.7992180205
1901,15.8041199813
1902,15.8041199813
1903,15.8041199813
1904,15.8065709617
1905,15.8090219421
1906,15.8090219421
1907,15.8126984127
1908,15.8126984127
1909,15.8126984127
1910,15.8126984127
1911,15.8200513539
1912,15.8200513539
1913,15.8200513539
1914,15.8200513539
1915,15.8249533147
1916,15.8249533147
1917,15.8249533147
1918,15.8291549953
1919,15.833356676
1920,15.8480625584
1921,15.8480625584
1922,15.852264239
1923,15.8601423903
1924,15.8601423903
1925,15.8674953315
1926,15.8733776844
1927,15.8792600373
1928,15.8792600373
1929,15.8792600373
1930,15.8964169001
1931,15.8988678805
1932,15.8988678805
1933,15.9062208217
1934,15.9160247432
1935,15.9160247432
1936,15.9160247432
1937,15.9160247432
1938,15.9160247432
1939,15.9160247432
1940,15.9160247432
1941,15.9160247432
1942,15.9160247432
1943,15.9160247432
1944,15.9160247432
1945,15.9160247432
1946,15.9160247432
1947,15.9307306256
1948,15.9307306256
1949,15.9366129785
1950,15.9424953315
1951,15.9545751634
1952,15.9545751634
1953,15.964379085
1954,15.9717320261
1955,15.9790849673
1956,15.9790849673
1957,15.9965219421
1958,16.0075513539
1959,16.0112278245
1960,16.0112278245
1961,16.0112278245
1962,16.0112278245
1963,16.0149042951
1964,16.0185807656
1965,16.0185807656
1966,16.0357376284
1967,16.0475023343
1968,16.0475023343
1969,16.0511788049
1970,16.0536297852
1971,16.0560807656
1972,16.0560807656
1973,16.0560807656
1974,16.070786648
1975,16.0744631186
1976,16.0781395892
1977,16.0781395892
1978,16.0781395892
1979,16.0781395892
1980,16.0840219421
1981,16.0899042951
1982,16.1058356676
1983,16.1242180205
1984,16.1326213819
1985,16.1326213819
1986,16.1326213819
1987,16.1326213819
1988,16.1326213819
1989,16.1326213819
1990,16.1399743231
1991,16.1399743231
1992,16.1399743231
1993,16.1497782446
1994,16.1608076564
1995,16.1608076564
1996,16.1657096172
1997,16.1657096172
1998,16.1755135387
1999,16.1902194211
2000,16.1987978525
2001,16.2024743231
2002,16.2061507937
2003,16.2061507937
2004,16.2252684407
2005,16.2326213819
2006,16.2452264239
2007,16.2531045752
2008,16.2604575163
2009,16.2604575163
2010,16.2641339869
2011,16.2678104575
2012,16.2678104575
2013,16.2678104575
2014,16.2714869281
2015,16.2788398693
2016,16.2825163399
2017,16.3056255836
2018,16.3213118581
2019,16.3419000934
2020,16.3477824463
2021,16.3578664799
2022,16.370646592
2023,16.370646592
2024,16.370646592
2025,16.3743230626
2026,16.3864028945
2027,16.3864028945
2028,16.3864028945
2029,16.3864028945
2030,16.3864028945
2031,16.3864028945
2032,16.3900793651
2033,16.3949813259
2034,16.3949813259
2035,16.402334267
2036,16.4060107376
2037,16.4158146592
2038,16.4158146592
2039,16.4231676004
2040,16.4305205415
2041,16.4305205415
2042,16.4305205415
2043,16.4305205415
2044,16.4305205415
2045,16.4305205415
2046,16.4305205415
2047,16.4305205415
2048,16.4305205415
2049,16.4305205415
2050,16.4305205415
2051,16.4305205415
2052,16.4305205415
2053,16.4341970121
2054,16.4452264239
2055,16.4452264239
2056,16.4452264239
2057,16.4452264239
2058,16.4452264239
2059,16.4489028945
2060,16.4599323063
2061,16.4697362278
2062,16.4697362278
2063,16.4697362278
2064,16.4697362278
2065,16.4840219421
2066,16.4840219421
2067,16.4840219421
2068,16.4924253035
2069,16.4973272642
2070,16.5090919701
2071,16.5090919701
2072,16.5090919701
2073,16.5090919701
2074,16.5090919701
2075,16.5149743231
2076,16.520856676
2077,16.520856676
2078,16.520856676
2079,16.520856676
2080,16.5257586368
2081,16.5257586368
2082,16.5257586368
2083,16.5257586368
2084,16.5282096172
2085,16.5306605976
2086,16.5306605976
2087,16.5306605976
2088,16.5306605976
2089,16.5306605976
2090,16.5306605976
2091,16.5343370682
2092,16.5392390289
2093,16.5392390289
2094,16.5392390289
2095,16.5802054155
2096,16.5917600373
2097,16.5917600373
2098,16.6015639589
2099,16.6015639589
2100,16.6131185808
2101,16.6173202614
2102,16.6246732026
2103,16.6295751634
2104,16.6442810458
2105,16.6516339869
2106,16.6516339869
2107,16.6516339869
2108,16.6589869281
2109,16.6589869281
2110,16.6589869281
2111,16.6589869281
2112,16.6589869281
2113,16.6589869281
2114,16.6589869281
2115,16.6589869281
2116,16.6589869281
2117,16.6589869281
2118,16.6589869281
2119,16.6589869281
2120,16.6638888889
2121,16.6638888889
2122,16.6638888889
2123,16.6638888889
2124,16.6697712418
2125,16.6903594771
2126,16.6903594771
2127,16.6987628385
2128,16.6987628385
2129,16.6987628385
2130,16.6987628385
2131,16.7134687208
2132,16.7134687208
2133,16.7134687208
2134,16.7134687208
2135,16.7134687208
2136,16.7134687208
2137,16.7171451914
2138,16.7171451914
2139,16.7289098973
2140,16.7289098973
2141,16.7289098973
2142,16.7544701214
2143,16.7544701214
2144,16.7544701214
2145,16.7569211018
2146,16.764274043
2147,16.764274043
2148,16.764274043
2149,16.7789799253
2150,16.7863328665
2151,16.7863328665
2152,16.7863328665
2153,16.7974789916
2154,16.804423436
2155,16.8080999066
2156,16.8117763772
2157,16.8117763772
2158,16.8117763772
2159,16.8117763772
2160,16.8117763772
2161,16.8117763772
2162,16.8215802988
2163,16.8460901027
2164,16.8534430439
2165,16.8534430439
2166,16.8534430439
2167,16.8583450047
2168,16.866748366
2169,16.8874066293
2170,16.8874066293
2171,16.8874066293
2172,16.8874066293
2173,16.8972105509
2174,16.8972105509
2175,16.9266223156
2176,16.9442693744
2177,16.9501517274
2178,16.960235761
2179,16.9644374416
2180,16.9644374416
2181,16.9644374416
2182,16.9765172736
2183,16.9801937442
2184,16.9801937442
2185,16.9801937442
2186,16.9885971055
2187,16.9910480859
2188,17.0082049486
2189,17.0082049486
2190,17.0082049486
2191,17.0082049486
2192,17.022910831
2193,17.022910831
2194,17.022910831
2195,17.0287931839
2196,17.0346755369
2197,17.0405578898
2198,17.0442343604
2199,17.0501167134
2200,17.0618814192
2201,17.0643323996
2202,17.0814892624
2203,17.0912931839
2204,17.0912931839
2205,17.0912931839
2206,17.0912931839
2207,17.0912931839
2208,17.1045284781
2209,17.1045284781
2210,17.1045284781
2211,17.1082049486
2212,17.1082049486
2213,17.122910831
2214,17.122910831
2215,17.122910831
2216,17.1271125117
2217,17.1411181139
2218,17.1642273576
2219,17.1707633053
2220,17.1707633053
2221,17.1707633053
2222,17.1707633053
2223,17.1707633053
2224,17.2043767507
2225,17.2085784314
2226,17.2085784314
2227,17.2232843137
2228,17.2232843137
2229,17.2269607843
2230,17.2269607843
2231,17.2318627451
2232,17.2318627451
2233,17.2318627451
2234,17.2318627451
2235,17.2318627451
2236,17.2318627451
2237,17.2392156863
2238,17.2392156863
2239,17.2392156863
2240,17.2392156863
2241,17.2392156863
2242,17.2392156863
2243,17.2392156863
2244,17.2441176471
2245,17.2441176471
2246,17.2642857143
2247,17.2642857143
2248,17.2642857143
2249,17.2642857143
2250,17.2642857143
2251,17.2721638655
2252,17.2837184874
2253,17.287394958
2254,17.287394958
2255,17.287394958
2256,17.287394958
2257,17.2932773109
2258,17.2957282913
2259,17.2981792717
2260,17.3014472456
2261,17.3096171802
2262,17.3096171802
2263,17.314519141
2264,17.3194211018
2265,17.3236227824
2266,17.3278244631
2267,17.3278244631
2268,17.3278244631
2269,17.3278244631
2270,17.3278244631
2271,17.3278244631
2272,17.3278244631
2273,17.3278244631
2274,17.3400793651
2275,17.3400793651
2276,17.3449813259
2277,17.3780695612
2278,17.3878734827
2279,17.3982026144
2280,17.4024042951
2281,17.4024042951
2282,17.4024042951
2283,17.4097572362
2284,17.4097572362
2285,17.4097572362
2286,17.4097572362
2287,17.4097572362
2288,17.4097572362
2289,17.4195611578
2290,17.4195611578
2291,17.4195611578
2292,17.4286647993
2293,17.4419701214
2294,17.4535247432
2295,17.4692810458
2296,17.4741830065
2297,17.4741830065
2298,17.4741830065
2299,17.4876633987
2300,17.4918650794
2301,17.49606676
2302,17.49606676
2303,17.49606676
2304,17.49606676
2305,17.49606676
2306,17.49606676
2307,17.49606676
2308,17.49606676
2309,17.5009687208
2310,17.5093720822
2311,17.5093720822
2312,17.5093720822
2313,17.5177754435
2314,17.5214519141
2315,17.5251283847
2316,17.5349323063
2317,17.5349323063
2318,17.5391339869
2319,17.545786648
2320,17.5653944911
2321,17.5678454715
2322,17.5678454715
2323,17.5678454715
2324,17.5678454715
2325,17.5678454715
2326,17.5776493931
2327,17.5801003735
2328,17.5801003735
2329,17.5801003735
2330,17.5939892624
2331,17.597665733
2332,17.597665733
2333,17.6123716153
2334,17.6123716153
2335,17.6123716153
2336,17.6123716153
2337,17.6123716153
2338,17.6123716153
2339,17.6123716153
2340,17.6160480859
2341,17.6197245565
2342,17.6197245565
2343,17.6197245565
2344,17.6234010271
2345,17.6368814192
2346,17.6405578898
2347,17.6405578898
2348,17.6405578898
2349,17.6442343604
2350,17.647910831
2351,17.647910831
2352,17.647910831
2353,17.647910831
2354,17.647910831
2355,17.647910831
2356,17.6552637722
2357,17.6552637722
2358,17.660165733
2359,17.660165733
2360,17.660165733
2361,17.660165733
2362,17.660165733
2363,17.660165733
2364,17.6638422035
2365,17.6675186741
2366,17.6675186741
2367,17.6675186741
2368,17.6675186741
2369,17.67928338
2370,17.6866363212
2371,17.6866363212
2372,17.6866363212
2373,17.6866363212
2374,17.6866363212
2375,17.6866363212
2376,17.6866363212
2377,17.6952147526
2378,17.7047735761
2379,17.716538282
2380,17.716538282
2381,17.716538282
2382,17.7312441643
2383,17.7385971055
2384,17.7452497666
2385,17.747700747
2386,17.747700747
2387,17.747700747
2388,17.747700747
2389,17.7513772176
2390,17.7550536881
2391,17.7550536881
2392,17.7550536881
2393,17.7550536881
2394,17.7550536881
2395,17.7550536881
2396,17.7550536881
2397,17.7550536881
2398,17.7550536881
2399,17.7624066293
2400,17.7624066293
2401,17.7825746965
2402,17.7825746965
2403,17.7825746965
2404,17.7867763772
2405,17.7909780579
2406,17.7958800187
2407,17.8017623716
2408,17.8059640523
2409,17.810165733
2410,17.810165733
2411,17.8143674136
2412,17.8259220355
2413,17.8259220355
2414,17.8295985061
2415,17.8295985061
2416,17.835480859
2417,17.835480859
2418,17.835480859
2419,17.8648926237
2420,17.8648926237
2421,17.8648926237
2422,17.8685690943
2423,17.8800070028
2424,17.8800070028
2425,17.8947128852
2426,17.9005952381
2427,17.9005952381
2428,17.9005952381
2429,17.9005952381
2430,17.9047969188
2431,17.9089985994
2432,17.9089985994
2433,17.9174019608
2434,17.9174019608
2435,17.9174019608
2436,17.9174019608
2437,17.9174019608
2438,17.9174019608
2439,17.9272058824
2440,17.9272058824
2441,17.9345588235
2442,17.9382352941
2443,17.9492647059
2444,17.9492647059
2445,17.9492647059
2446,17.9551470588
2447,17.9551470588
2448,17.9551470588
2449,17.9698529412
2450,17.9698529412
2451,17.9698529412
2452,17.9698529412
2453,17.9698529412
2454,17.9740546218
2455,17.9740546218
2456,17.9777310924
2457,17.9912114846
2458,17.9912114846
2459,17.9912114846
2460,17.9912114846
2461,17.9912114846
2462,17.9912114846
2463,17.9912114846
2464,17.9912114846
2465,17.9985644258
2466,17.9985644258
2467,18.0010154062
2468,18.0034663866
2469,18.0034663866
2470,18.0034663866
2471,18.0034663866
2472,18.0034663866
2473,18.0152310924
2474,18.0184990663
2475,18.0291199813
2476,18.0291199813
2477,18.0291199813
2478,18.0291199813
2479,18.0291199813
2480,18.0364729225
2481,18.0438258637
2482,18.0438258637
2483,18.0438258637
2484,18.0475023343
2485,18.0511788049
2486,18.0548552754
2487,18.0590569561
2488,18.0632586368
2489,18.0632586368
2490,18.0848272642
2491,18.0848272642
2492,18.0921802054
2493,18.0995331466
2494,18.0995331466
2495,18.0995331466
2496,18.0995331466
2497,18.0995331466
2498,18.1054154995
2499,17.5054444444
2500,16.2305059524
2501,16.2617559524
2502,16.2617559524
2503,16.2706845238
2504,16.2706845238
2505,16.2874255952
2506,16.2874255952
2507,16.2874255952
2508,16.2874255952
2509,16.3082589286
2510,16.3160714286
2511,16.3316964286
2512,16.3316964286
2513,16.3316964286
2514,16.3316964286
2515,16.3316964286
2516,16.3316964286
2517,16.3316964286
2518,16.3681547619
2519,16.3681547619
2520,16.3681547619
2521,16.3681547619
2522,16.3681547619
2523,16.3759672619
2524,16.3759672619
2525,16.3968005952
2526,16.3968005952
2527,16.3968005952
2528,16.3968005952
2529,16.4046130952
2530,16.4254464286
2531,16.4254464286
2532,16.4358630952
2533,16.4358630952
2534,16.4358630952
2535,16.4358630952
2536,16.4358630952
2537,16.4358630952
2538,16.4358630952
2539,16.4358630952
2540,16.4483630952
2541,16.4483630952
2542,16.4483630952
2543,16.4483630952
2544,16.4483630952
2545,16.4483630952
2546,16.4483630952
2547,16.4483630952
2548,16.4483630952
2549,16.4483630952
2550,16.4483630952
2551,16.4483630952
2552,16.4483630952
2553,16.4483630952
2554,16.4483630952
2555,16.4483630952
2556,16.4483630952
2557,16.4483630952
2558,16.4483630952
2559,16.4483630952
2560,16.4483630952
2561,16.4483630952
2562,16.4483630952
2563,16.4608630952
2564,16.4608630952
2565,16.4921130952
2566,16.4921130952
2567,16.4921130952
2568,16.4921130952
2569,16.4921130952
2570,16.4921130952
2571,16.4999255952
2572,16.4999255952
2573,16.4999255952
2574,16.4999255952
2575,16.4999255952
2576,16.4999255952
2577,16.4999255952
2578,16.4999255952
2579,16.4999255952
2580,16.5207589286
2581,16.5494047619
2582,16.5494047619
2583,16.5494047619
2584,16.5702380952
2585,16.5702380952
2586,16.5702380952
2587,16.5702380952
2588,16.5702380952
2589,16.5702380952
2590,16.5702380952
2591,16.5702380952
2592,16.5702380952
2593,16.5702380952
2594,16.5702380952
2595,16.5702380952
2596,16.5702380952
2597,16.5702380952
2598,16.5702380952
2599,16.5702380952
2600,16.5702380952
2601,16.5702380952
2602,16.5702380952
2603,16.5702380952
2604,16.5702380952
2605,16.5702380952
2606,16.5702380952
2607,16.5702380952
2608,16.5702380952
2609,16.5702380952
2610,16.5702380952
2611,16.5702380952
2612,16.5910714286
2613,16.6035714286
2614,16.6035714286
2615,16.6035714286
2616,16.6035714286
2617,16.6035714286
2618,16.6035714286
2619,16.6035714286
2620,16.6035714286
2621,16.6035714286
2622,16.6035714286
2623,16.6035714286
2624,16.6035714286
2625,16.6035714286
2626,16.6035714286
2627,16.6035714286
2628,16.6035714286
2629,16.6035714286
2630,16.6160714286
2631,16.6316964286
2632,16.6316964286
2633,16.6316964286
2634,16.6316964286
2635,16.6316964286
2636,16.6316964286
2637,16.6316964286
2638,16.6316964286
2639,16.6316964286
2640,16.6316964286
2641,16.6316964286
2642,16.6525297619
2643,16.6525297619
2644,16.6525297619
2645,16.6525297619
2646,16.6525297619
2647,16.6629464286
2648,16.6629464286
2649,16.6629464286
2650,16.6629464286
2651,16.6629464286
2652,16.6629464286
2653,16.6629464286
2654,16.6629464286
2655,16.671875
2656,16.671875
2657,16.6796875
2658,16.6796875
2659,16.75
2660,16.75
2661,16.75
2662,16.75
2663,16.75
2664,16.7708333333
2665,16.7708333333
2666,16.7708333333
2667,16.7708333333
2668,16.7708333333
2669,16.7708333333
2670,16.7708333333
2671,16.7708333333
2672,16.7708333333
2673,16.78125
2674,16.78125
2675,16.78125
2676,16.78125
2677,16.78125
2678,16.796875
2679,16.796875
2680,16.796875
2681,16.796875
2682,16.796875
2683,16.796875
2684,16.796875
2685,16.8046875
2686,16.8046875
2687,16.8046875
2688,16.8046875
2689,16.8046875
2690,16.8359375
2691,16.8359375
2692,16.8359375
2693,16.8359375
2694,16.8359375
2695,16.8359375
2696,16.8359375
2697,16.8567708333
2698,16.8567708333
2699,16.8567708333
2700,16.8567708333
2701,16.8776041667
2702,16.8776041667
2703,16.8776041667
2704,16.8776041667
2705,16.8776041667
2706,16.8776041667
2707,16.8776041667
2708,16.8776041667
2709,16.8776041667
2710,16.8776041667
2711,16.8776041667
2712,16.9088541667
2713,16.9401041667
2714,16.9505208333
2715,16.9505208333
2716,16.9505208333
2717,16.9505208333
2718,16.9505208333
2719,16.9505208333
2720,16.9505208333
2721,16.9505208333
2722,16.9505208333
2723,16.9505208333
2724,16.9505208333
2725,16.9505208333
2726,16.9505208333
2727,16.9505208333
2728,16.9505208333
2729,16.9505208333
2730,16.9505208333
2731,16.9583333333
2732,16.9583333333
2733,16.9583333333
2734,16.9583333333
2735,16.9583333333
2736,16.9583333333
2737,16.9583333333
2738,16.9583333333
2739,16.9739583333
2740,16.9739583333
2741,16.9739583333
2742,16.9739583333
2743,16.9739583333
2744,16.9895833333
2745,16.9895833333
2746,16.9895833333
2747,16.9895833333
2748,16.9895833333
2749,16.9895833333
2750,16.9895833333
2751,16.9895833333
2752,16.9895833333
2753,16.9973958333
2754,16.9973958333
2755,16.9973958333
2756,16.9973958333
2757,16.9973958333
2758,16.9973958333
2759,16.9973958333
2760,16.9973958333
2761,17.0078125
2762,17.0078125
2763,17.0390625
2764,17.0390625
2765,17.0390625
2766,17.0390625
2767,17.0390625
2768,17.0390625
2769,17.0390625
2770,17.0390625
2771,17.0390625
2772,17.0390625
2773,17.0390625
2774,17.0390625
2775,17.0703125
2776,17.0807291667
2777,17.0807291667
2778,17.0807291667
2779,17.0807291667
2780,17.0807291667
2781,17.0807291667
2782,17.0807291667
2783,17.0807291667
2784,17.0807291667
2785,17.0807291667
2786,17.0807291667
2787,17.0807291667
2788,17.0807291667
2789,17.0807291667
2790,17.0807291667
2791,17.0807291667
2792,17.0963541667
2793,17.0963541667
2794,17.0963541667
2795,17.0963541667
2796,17.0963541667
2797,17.0963541667
2798,17.0963541667
2799,17.1067708333
2800,17.1067708333
2801,17.1067708333
2802,17.1067708333
2803,17.1067708333
2804,17.1067708333
2805,17.1067708333
2806,17.1067708333
2807,17.1067708333
2808,17.1067708333
2809,17.1067708333
2810,17.1067708333
2811,17.1067708333
2812,17.1067708333
2813,17.1067708333
2814,17.1067708333
2815,17.1192708333
2816,17.1192708333
2817,17.1192708333
2818,17.1270833333
2819,17.1270833333
2820,17.1270833333
2821,17.1270833333
2822,17.1270833333
2823,17.1270833333
2824,17.1270833333
2825,17.1583333333
2826,17.1895833333
2827,17.1895833333
2828,17.1895833333
2829,17.1895833333
2830,17.1895833333
2831,17.1895833333
2832,17.1895833333
2833,17.1895833333
2834,17.1895833333
2835,17.1895833333
2836,17.1895833333
2837,17.1985119048
2838,17.1985119048
2839,17.1985119048
2840,17.1985119048
2841,17.1985119048
2842,17.1985119048
2843,17.1985119048
2844,17.2297619048
2845,17.2297619048
2846,17.2297619048
2847,17.2297619048
2848,17.2297619048
2849,17.2453869048
2850,17.2453869048
2851,17.2453869048
2852,17.2453869048
2853,17.2453869048
2854,17.2662202381
2855,17.2662202381
2856,17.2870535714
2857,17.2870535714
2858,17.2870535714
2859,17.2870535714
2860,17.2870535714
2861,17.2948660714
2862,17.2948660714
2863,17.2948660714
2864,17.2948660714
2865,17.3026785714
2866,17.3026785714
2867,17.3026785714
2868,17.3026785714
2869,17.3026785714
2870,17.3026785714
2871,17.3026785714
2872,17.4089285714
2873,17.4089285714
2874,17.4089285714
2875,17.4089285714
2876,17.4089285714
2877,17.4089285714
2878,17.4089285714
2879,17.4089285714
2880,17.4089285714
2881,17.4089285714
2882,17.4401785714
2883,17.4401785714
2884,17.4401785714
2885,17.4401785714
2886,17.4401785714
2887,17.4401785714
2888,17.4401785714
2889,17.4714285714
2890,17.4714285714
2891,17.4714285714
2892,17.4714285714
2893,17.4714285714
2894,17.4714285714
2895,17.4714285714
2896,17.4792410714
2897,17.4792410714
2898,17.4917410714
2899,17.4917410714
2900,17.4917410714
2901,17.4917410714
2902,17.4917410714
2903,17.4917410714
2904,17.4917410714
2905,17.4917410714
2906,17.4917410714
2907,17.4995535714
2908,17.4995535714
2909,17.4995535714
2910,17.4995535714
2911,17.4995535714
2912,17.4995535714
2913,17.4995535714
2914,17.4995535714
2915,17.4995535714
2916,17.4995535714
2917,17.4995535714
2918,17.4995535714
2919,17.4995535714
2920,17.4995535714
2921,17.4995535714
2922,17.4995535714
2923,17.5203869048
2924,17.5203869048
2925,17.5203869048
2926,17.5203869048
2927,17.5203869048
2928,17.5203869048
2929,17.5203869048
2930,17.5203869048
2931,17.5412202381
2932,17.5412202381
2933,17.5412202381
2934,17.6037202381
2935,17.6037202381
2936,17.6037202381
2937,17.6037202381
2938,17.6115327381
2939,17.6323660714
2940,17.6323660714
2941,17.6323660714
2942,17.6479910714
2943,17.6479910714
2944,17.6479910714
2945,17.6479910714
2946,17.6479910714
2947,17.6479910714
2948,17.6479910714
2949,17.6479910714
2950,17.6688244048
2951,17.6688244048
2952,17.6688244048
2953,17.6688244048
2954,17.7000744048
2955,17.7000744048
2956,17.7000744048
2957,17.7000744048
2958,17.7000744048
2959,17.7000744048
2960,17.7000744048
2961,17.7000744048
2962,17.7000744048
2963,17.7000744048
2964,17.7000744048
2965,17.7000744048
2966,17.7078869048
2967,17.7078869048
2968,17.7078869048
2969,17.7078869048
2970,17.7078869048
2971,17.7078869048
2972,17.7078869048
2973,17.7156994048
2974,17.7156994048
2975,17.7156994048
2976,17.7156994048
2977,17.7365327381
2978,17.7365327381
2979,17.7365327381
2980,17.7365327381
2981,17.7365327381
2982,17.7365327381
2983,17.7365327381
2984,17.7365327381
2985,17.7365327381
2986,17.7365327381
2987,17.7365327381
2988,17.7365327381
2989,17.7365327381
2990,17.7365327381
2991,17.7365327381
2992,17.7365327381
2993,17.7365327381
2994,17.7365327381
2995,17.7365327381
2996,17.7365327381
2997,17.7365327381
2998,17.7365327381
2999,17.7365327381
3000,17.7365327381
3001,17.7365327381
3002,17.7365327381
3003,17.7365327381
3004,17.7365327381
3005,17.7365327381
3006,17.7365327381
3007,17.7365327381
3008,17.7365327381
3009,17.7365327381
3010,17.7365327381
3011,17.7365327381
3012,17.7365327381
3013,17.7365327381
3014,17.7365327381
3015,17.7365327381
3016,17.7521577381
3017,17.7521577381
3018,17.7521577381
3019,17.7521577381
3020,17.7521577381
3021,17.7521577381
3022,17.7521577381
3023,17.7521577381
3024,17.7521577381
3025,17.7521577381
3026,17.7521577381
3027,17.7521577381
3028,17.7521577381
3029,17.7521577381
3030,17.7834077381
3031,17.7834077381
3032,17.7834077381
3033,17.7834077381
3034,17.7834077381
3035,17.7834077381
3036,17.7834077381
3037,17.7834077381
3038,17.7834077381
3039,17.7834077381
3040,17.7834077381
3041,17.7834077381
3042,17.7834077381
3043,17.7834077381
3044,17.7834077381
3045,17.7834077381
3046,17.7834077381
3047,17.7834077381
3048,17.7834077381
3049,17.7834077381
3050,17.7834077381
3051,17.7834077381
3052,17.7834077381
3053,17.7834077381
3054,17.7834077381
3055,17.7834077381
3056,17.7834077381
3057,17.7834077381
3058,17.7834077381
3059,17.7923363095
3060,17.7923363095
3061,17.7923363095
3062,17.7923363095
3063,17.7923363095
3064,17.7923363095
3065,17.7923363095
3066,17.7923363095
3067,17.8001488095
3068,17.8001488095
3069,17.8001488095
3070,17.8001488095
3071,17.8001488095
3072,17.8001488095
3073,17.8001488095
3074,17.8001488095
3075,17.8001488095
3076,17.8001488095
3077,17.8001488095
3078,17.8001488095
3079,17.8001488095
3080,17.8001488095
3081,17.8001488095
3082,17.8001488095
3083,17.8626488095
3084,17.8626488095
3085,17.8626488095
3086,17.8626488095
3087,17.8626488095
3088,17.8626488095
3089,17.8626488095
3090,17.8626488095
3091,17.8626488095
3092,17.8626488095
3093,17.8626488095
3094,17.8626488095
3095,17.8626488095
3096,17.8626488095
3097,17.8626488095
3098,17.8626488095
3099,17.8626488095
3100,17.8626488095
3101,17.871577381
3102,17.871577381
3103,17.871577381
3104,17.871577381
3105,17.871577381
3106,17.871577381
3107,17.871577381
3108,17.902827381
3109,17.902827381
3110,17.902827381
3111,17.934077381
3112,17.934077381
3113,17.934077381
3114,17.934077381
3115,17.934077381
3116,17.934077381
3117,17.934077381
3118,17.934077381
3119,17.934077381
3120,17.9444940476
3121,17.9444940476
3122,17.9444940476
3123,17.9444940476
3124,17.9444940476
3125,17.9444940476
3126,17.9444940476
3127,17.9444940476
3128,17.9444940476
3129,17.9444940476
3130,17.9444940476
3131,17.9444940476
3132,17.9444940476
3133,17.9444940476
3134,17.9444940476
3135,17.9444940476
3136,17.9444940476
3137,17.9444940476
3138,17.9444940476
3139,17.9444940476
3140,17.9444940476
3141,17.9549107143
3142,17.9861607143
3143,17.9861607143
3144,17.9861607143
3145,17.9861607143
3146,17.9861607143
3147,17.9861607143
3148,17.9861607143
3149,17.9861607143
3150,17.9861607143
3151,18.0174107143
3152,18.0174107143
3153,18.0174107143
3154,18.0174107143
3155,18.0174107143
3156,18.0174107143
3157,18.0299107143
3158,18.0299107143
3159,18.0299107143
3160,18.0299107143
3161,18.0299107143
3162,18.0377232143
3163,18.0377232143
3164,18.0585565476
3165,18.0585565476
3166,18.0898065476
3167,18.0898065476
3168,18.0898065476
3169,18.0898065476
3170,18.0898065476
3171,18.0898065476
3172,18.0898065476
3173,18.0898065476
3174,18.0898065476
3175,18.0898065476
3176,18.0898065476
3177,18.0898065476
3178,18.0898065476
3179,18.1023065476
3180,18.1023065476
3181,18.1023065476
3182,18.1023065476
3183,18.1023065476
3184,18.1023065476
3185,18.1023065476
3186,18.1023065476
3187,18.1023065476
3188,18.1023065476
3189,18.1023065476
3190,18.1023065476
3191,18.1023065476
3192,18.1023065476
3193,18.1023065476
3194,18.1023065476
3195,18.1023065476
3196,18.1023065476
3197,18.1023065476
3198,18.1023065476
3199,18.1101190476
3200,18.1101190476
3201,18.1101190476
3202,18.1101190476
3203,18.1101190476
3204,18.1101190476
3205,18.1101190476
3206,18.1101190476
3207,18.1101190476
3208,18.1101190476
3209,18.1101190476
3210,18.1101190476
3211,18.1101190476
3212,18.1101190476
3213,18.1101190476
3214,18.1101190476
3215,18.1101190476
3216,18.1101190476
3217,18.1101190476
3218,18.1205357143
3219,18.1205357143
3220,18.1205357143
3221,18.1205357143
3222,18.1205357143
3223,18.1205357143
3224,18.1205357143
3225,18.1413690476
3226,18.1413690476
3227,18.1851190476
3228,18.1851190476
3229,18.1851190476
3230,18.1851190476
3231,18.1851190476
3232,18.205952381
3233,18.205952381
3234,18.205952381
3235,18.205952381
3236,18.205952381
3237,18.237202381
3238,18.237202381
3239,18.237202381
3240,18.237202381
3241,18.237202381
3242,18.237202381
3243,18.237202381
3244,18.237202381
3245,18.237202381
3246,18.237202381
3247,18.237202381
3248,18.237202381
3249,18.237202381
3250,18.2580357143
3251,18.2580357143
3252,18.2580357143
3253,18.2580357143
3254,18.2580357143
3255,18.2580357143
3256,18.2580357143
3257,18.2580357143
3258,18.2892857143
3259,18.2892857143
3260,18.2892857143
3261,18.2892857143
3262,18.2892857143
3263,18.2892857143
3264,18.2892857143
3265,18.2892857143
3266,18.3205357143
3267,18.3205357143
3268,18.3205357143
3269,18.3205357143
3270,18.3413690476
3271,18.3413690476
3272,18.3413690476
3273,18.3413690476
3274,18.3413690476
3275,18.3413690476
3276,18.3413690476
3277,18.3413690476
3278,18.3413690476
3279,18.3413690476
3280,18.3569940476
3281,18.3569940476
3282,18.3569940476
3283,18.3648065476
3284,18.3648065476
3285,18.3804315476
3286,18.3960565476
3287,18.3960565476
3288,18.3960565476
3289,18.3960565476
3290,18.3960565476
3291,18.4038690476
3292,18.4038690476
3293,18.4351190476
3294,18.4351190476
3295,18.4351190476
3296,18.455952381
3297,18.455952381
3298,18.455952381
3299,18.455952381
3300,18.455952381
3301,18.455952381
3302,18.455952381
3303,18.455952381
3304,18.455952381
3305,18.455952381
3306,18.455952381
3307,18.455952381
3308,18.455952381
3309,18.455952381
3310,18.455952381
3311,18.455952381
3312,18.455952381
3313,18.455952381
3314,18.455952381
3315,18.455952381
3316,18.455952381
3317,18.455952381
3318,18.455952381
3319,18.455952381
3320,18.455952381
3321,18.455952381
3322,18.455952381
3323,18.455952381
3324,18.455952381
3325,18.455952381
3326,18.455952381
3327,18.455952381
3328,18.455952381
3329,18.487202381
3330,18.487202381
3331,18.487202381
3332,18.487202381
3333,18.487202381
3334,18.487202381
3335,18.487202381
3336,18.487202381
3337,18.487202381
3338,18.487202381
3339,18.487202381
3340,18.487202381
3341,18.487202381
3342,18.487202381
3343,18.487202381
3344,18.487202381
3345,18.487202381
3346,18.487202381
3347,18.487202381
3348,18.487202381
3349,18.487202381
3350,18.487202381
3351,18.518452381
3352,18.518452381
3353,18.518452381
3354,18.518452381
3355,18.518452381
3356,18.580952381
3357,18.580952381
3358,18.580952381
3359,18.580952381
3360,18.580952381
3361,18.580952381
3362,18.580952381
3363,18.580952381
3364,18.580952381
3365,18.580952381
3366,18.6017857143
3367,18.6017857143
3368,18.6017857143
3369,18.6017857143
3370,18.6017857143
3371,18.6017857143
3372,18.6017857143
3373,18.6017857143
3374,18.6017857143
3375,18.6017857143
3376,18.6017857143
3377,18.6017857143
3378,18.6017857143
3379,18.6017857143
3380,18.6017857143
3381,18.6017857143
3382,18.6017857143
3383,18.6017857143
3384,18.6017857143
3385,18.6017857143
3386,18.6017857143
3387,18.6017857143
3388,18.6017857143
3389,18.6017857143
3390,18.6017857143
3391,18.6095982143
3392,18.6095982143
3393,18.6095982143
3394,18.6174107143
3395,18.6174107143
3396,18.6174107143
3397,18.6174107143
3398,18.6174107143
3399,18.6263392857
3400,18.6263392857
3401,18.6263392857
3402,18.6263392857
3403,18.6263392857
3404,18.6263392857
3405,18.6263392857
3406,18.6263392857
3407,18.6263392857
3408,18.6419642857
3409,18.6419642857
3410,18.6419642857
3411,18.6419642857
3412,18.6419642857
3413,18.6419642857
3414,18.6732142857
3415,18.6732142857
3416,18.6732142857
3417,18.6732142857
3418,18.6732142857
3419,18.6732142857
3420,18.6732142857
3421,18.6732142857
3422,18.6732142857
3423,18.6732142857
3424,18.6732142857
3425,18.6732142857
3426,18.6836309524
3427,18.6836309524
3428,18.6836309524
3429,18.6836309524
3430,18.6836309524
3431,18.6836309524
3432,18.6836309524
3433,18.6925595238
3434,18.6925595238
3435,18.6925595238
3436,18.6925595238
3437,18.6925595238
3438,18.6925595238
3439,18.7081845238
3440,18.7081845238
3441,18.7081845238
3442,18.7081845238
3443,18.7081845238
3444,18.7081845238
3445,18.7081845238
3446,18.7081845238
3447,18.7159970238
3448,18.7159970238
3449,18.7159970238
3450,18.7159970238
3451,18.7159970238
3452,18.7238095238
3453,18.7238095238
3454,18.7238095238
3455,18.7316220238
3456,18.7316220238
3457,18.7524553571
3458,18.7524553571
3459,18.7524553571
3460,18.7524553571
3461,18.7524553571
3462,18.7837053571
3463,18.8045386905
3464,18.8045386905
3465,18.8045386905
3466,18.8045386905
3467,18.8045386905
3468,18.8045386905
3469,18.8045386905
3470,18.8045386905
3471,18.8045386905
3472,18.8045386905
3473,18.8045386905
3474,18.8045386905
3475,18.8045386905
3476,18.8045386905
3477,18.8045386905
3478,18.8045386905
3479,18.8045386905
3480,18.8045386905
3481,18.8045386905
3482,18.8045386905
3483,18.8045386905
3484,18.8045386905
3485,18.8045386905
3486,18.8045386905
3487,18.8045386905
3488,18.8045386905
3489,18.8045386905
3490,18.8045386905
3491,18.8045386905
3492,18.8045386905
3493,18.8045386905
3494,18.8123511905
3495,18.8248511905
3496,18.8248511905
3497,18.8248511905
3498,18.8248511905
3499,18.8248511905
3500,18.8373511905
3501,18.8373511905
3502,18.8373511905
3503,18.8373511905
3504,18.8373511905
3505,18.8373511905
3506,18.8498511905
3507,18.8498511905
3508,18.8498511905
3509,18.8498511905
3510,18.8498511905
3511,18.8498511905
3512,18.8498511905
3513,18.8498511905
3514,18.8498511905
3515,18.8498511905
3516,18.8498511905
3517,18.8498511905
3518,18.8498511905
3519,18.8498511905
3520,18.8498511905
3521,18.8498511905
3522,18.8498511905
3523,18.8498511905
3524,18.8498511905
3525,18.8498511905
3526,18.8498511905
3527,18.8498511905
3528,18.8498511905
3529,18.8498511905
3530,18.8498511905
3531,18.8498511905
3532,18.8498511905
3533,18.8498511905
3534,18.8498511905
3535,18.8498511905
3536,18.8498511905
3537,18.8498511905
3538,18.8498511905
3539,18.8498511905
3540,18.8498511905
3541,18.8498511905
3542,18.8498511905
3543,18.8498511905
3544,18.8498511905
3545,18.8498511905
3546,18.8498511905
3547,18.8498511905
3548,18.8498511905
3549,18.8498511905
3550,18.8498511905
3551,18.8498511905
3552,18.8498511905
3553,18.8498511905
3554,18.8498511905
3555,18.8498511905
3556,18.9019345238
3557,18.9019345238
3558,18.9019345238
3559,18.9227678571
3560,18.9227678571
3561,18.9227678571
3562,18.9227678571
3563,18.9305803571
3564,18.9514136905
3565,18.9514136905
3566,18.9514136905
3567,18.9722470238
3568,18.9722470238
3569,18.9722470238
3570,18.9722470238
3571,18.9722470238
3572,18.9722470238
3573,18.9930803571
3574,18.9930803571
3575,18.9930803571
3576,18.9930803571
3577,18.9930803571
3578,18.9930803571
3579,18.9930803571
3580,18.9930803571
3581,18.9930803571
3582,18.9930803571
3583,18.9930803571
3584,19.0139136905
3585,19.0139136905
3586,19.0217261905
3587,19.0217261905
3588,19.0217261905
3589,19.0217261905
3590,19.0425595238
3591,19.0425595238
3592,19.0529761905
3593,19.0529761905
3594,19.0529761905
3595,19.0633928571
3596,19.0633928571
3597,19.0712053571
3598,19.0712053571
3599,19.0712053571
3600,19.0712053571
3601,19.0712053571
3602,19.0712053571
3603,19.0998511905
3604,19.0998511905
3605,19.1311011905
3606,19.1311011905
3607,19.1623511905
3608,19.1623511905
3609,19.1623511905
3610,19.1623511905
3611,19.1701636905
3612,19.1701636905
3613,19.1779761905
3614,19.1779761905
3615,19.1779761905
3616,19.1779761905
3617,19.1779761905
3618,19.1779761905
3619,19.1883928571
3620,19.1883928571
3621,19.1883928571
3622,19.1883928571
3623,19.1962053571
3624,19.1962053571
3625,19.1962053571
3626,19.2587053571
3627,19.2587053571
3628,19.2587053571
3629,19.2587053571
3630,19.2587053571
3631,19.2587053571
3632,19.2587053571
3633,19.2587053571
3634,19.2587053571
3635,19.2587053571
3636,19.2587053571
3637,19.2587053571
3638,19.2587053571
3639,19.2587053571
3640,19.2712053571
3641,19.2712053571
3642,19.2712053571
3643,19.2712053571
3644,19.2712053571
3645,19.2712053571
3646,19.2712053571
3647,19.2712053571
3648,19.2712053571
3649,19.2712053571
3650,19.2712053571
3651,19.2712053571
3652,19.2837053571
3653,19.2837053571
3654,19.2837053571
3655,19.2837053571
3656,19.2837053571
3657,19.2837053571
3658,19.2837053571
3659,19.2837053571
3660,19.2837053571
3661,19.2837053571
3662,19.2837053571
3663,19.2837053571
3664,19.2837053571
3665,19.3045386905
3666,19.3045386905
3667,19.3045386905
3668,19.3045386905
3669,19.3149553571
3670,19.3149553571
3671,19.3149553571
3672,19.3149553571
3673,19.3149553571
3674,19.3149553571
3675,19.3149553571
3676,19.3149553571
3677,19.3149553571
3678,19.3149553571
3679,19.3149553571
3680,19.3149553571
3681,19.3149553571
3682,19.3274553571
3683,19.3274553571
3684,19.3352678571
3685,19.3508928571
3686,19.3508928571
3687,19.3508928571
3688,19.3508928571
3689,19.3508928571
3690,19.3508928571
3691,19.3508928571
3692,19.3508928571
3693,19.3508928571
3694,19.3508928571
3695,19.3508928571
3696,19.3508928571
3697,19.3508928571
3698,19.3508928571
3699,19.3508928571
3700,19.3508928571
3701,19.3508928571
3702,19.3508928571
3703,19.3508928571
3704,19.3598214286
3705,19.3598214286
3706,19.3598214286
3707,19.3598214286
3708,19.3598214286
3709,19.3598214286
3710,19.3598214286
3711,19.3806547619
3712,19.3806547619
3713,19.3806547619
3714,19.3806547619
3715,19.3806547619
3716,19.3806547619
3717,19.4014880952
3718,19.4014880952
3719,19.4014880952
3720,19.4014880952
3721,19.4014880952
3722,19.4119047619
3723,19.4119047619
3724,19.4119047619
3725,19.4119047619
3726,19.4119047619
3727,19.4119047619
3728,19.4119047619
3729,19.4119047619
3730,19.4119047619
3731,19.4327380952
3732,19.4327380952
3733,19.4327380952
3734,19.4327380952
3735,19.4327380952
3736,19.4327380952
3737,19.4327380952
3738,19.4327380952
3739,19.4327380952
3740,19.4327380952
3741,19.4327380952
3742,19.4327380952
3743,19.4327380952
3744,19.4327380952
3745,19.4327380952
3746,19.4416666667
3747,19.4416666667
3748,19.4416666667
3749,19.4520833333
3750,19.4520833333
3751,19.4520833333
3752,19.4520833333
3753,19.4520833333
3754,19.4729166667
3755,19.4729166667
3756,19.4885416667
3757,19.4885416667
3758,19.4885416667
3759,19.4885416667
3760,19.4885416667
3761,19.4885416667
3762,19.4885416667
3763,19.5302083333
3764,19.5302083333
3765,19.5302083333
3766,19.5302083333
3767,19.5302083333
3768,19.5302083333
3769,19.5302083333
3770,19.5302083333
3771,19.5302083333
3772,19.5302083333
3773,19.5302083333
3774,19.5302083333
3775,19.540625
3776,19.540625
3777,19.540625
3778,19.540625
3779,19.5510416667
3780,19.5510416667
3781,19.5510416667
3782,19.5510416667
3783,19.5510416667
3784,19.5510416667
3785,19.5510416667
3786,19.5510416667
3787,19.5510416667
3788,19.5510416667
3789,19.5510416667
3790,19.5510416667
3791,19.5666666667
3792,19.5666666667
3793,19.5666666667
3794,19.5666666667
3795,19.5666666667
3796,19.5666666667
3797,19.5901041667
3798,19.5901041667
3799,19.5901041667
3800,19.6291666667
3801,19.6291666667
3802,19.6291666667
3803,19.6291666667
3804,19.6291666667
3805,19.6291666667
3806,19.6291666667
3807,19.6291666667
3808,19.6291666667
3809,19.6369791667
3810,19.6369791667
3811,19.6369791667
3812,19.6369791667
3813,19.6578125
3814,19.6578125
3815,19.6578125
3816,19.6578125
3817,19.6578125
3818,19.6578125
3819,19.6578125
3820,19.6578125
3821,19.6578125
3822,19.6682291667
3823,19.6682291667
3824,19.6682291667
3825,19.6682291667
3826,19.6682291667
3827,19.6682291667
3828,19.6682291667
3829,19.6682291667
3830,19.6682291667
3831,19.6682291667
3832,19.6807291667
3833,19.6807291667
3834,19.6807291667
3835,19.6807291667
3836,19.6807291667
3837,19.6807291667
3838,19.6807291667
3839,19.6807291667
3840,19.6807291667
3841,19.6807291667
3842,19.6911458333
3843,19.6911458333
3844,19.6911458333
3845,19.6911458333
3846,19.6911458333
3847,19.6911458333
3848,19.6911458333
3849,19.6911458333
3850,19.6911458333
3851,19.7119791667
3852,19.7119791667
3853,19.7119791667
3854,19.7119791667
3855,19.7119791667
3856,19.7119791667
3857,19.7119791667
3858,19.7119791667
3859,19.7119791667
3860,19.7119791667
3861,19.7119791667
3862,19.7119791667
3863,19.7912202381
3864,19.7912202381
3865,19.7912202381
3866,19.7912202381
3867,19.7912202381
3868,19.7912202381
3869,19.7912202381
3870,19.7912202381
3871,19.7912202381
3872,19.7912202381
3873,19.7912202381
3874,19.7912202381
3875,19.7912202381
3876,19.7912202381
3877,19.7912202381
3878,19.7912202381
3879,19.7912202381
3880,19.8120535714
3881,19.8120535714
3882,19.8120535714
3883,19.8120535714
3884,19.8120535714
3885,19.8120535714
3886,19.8120535714
3887,19.8120535714
3888,19.8120535714
3889,19.8120535714
3890,19.8120535714
3891,19.8120535714
3892,19.8328869048
3893,19.8328869048
3894,19.8328869048
3895,19.8328869048
3896,19.8641369048
3897,19.8641369048
3898,19.8641369048
3899,19.8730654762
3900,19.8730654762
3901,19.8730654762
3902,19.8730654762
3903,19.8730654762
3904,19.8730654762
3905,19.8730654762
3906,19.8730654762
3907,19.8730654762
3908,19.8730654762
3909,19.8730654762
3910,19.8730654762
3911,19.8730654762
3912,19.8730654762
3913,19.8730654762
3914,19.8730654762
3915,19.8730654762
3916,19.8730654762
3917,19.8730654762
3918,19.8730654762
3919,19.8730654762
3920,19.8730654762
3921,19.8730654762
3922,19.8730654762
3923,19.8730654762
3924,19.8730654762
3925,19.8730654762
3926,19.8730654762
3927,19.8730654762
3928,19.8730654762
3929,19.8730654762
3930,19.8730654762
3931,19.8730654762
3932,19.8730654762
3933,19.8730654762
3934,19.8730654762
3935,19.8938988095
3936,19.8938988095
3937,19.8938988095
3938,19.8938988095
3939,19.8938988095
3940,19.8938988095
3941,19.8938988095
3942,19.8938988095
3943,19.8938988095
3944,19.8938988095
3945,19.8938988095
3946,19.9063988095
3947,19.9063988095
3948,19.9063988095
3949,19.9063988095
3950,19.9063988095
3951,19.9063988095
3952,19.9063988095
3953,19.9220238095
3954,19.9220238095
3955,19.9298363095
3956,19.938764881
3957,19.938764881
3958,19.938764881
3959,19.938764881
3960,19.938764881
3961,19.938764881
3962,19.938764881
3963,19.946577381
3964,19.946577381
3965,19.954389881
3966,19.954389881
3967,19.9648065476
3968,19.9648065476
3969,19.9648065476
3970,19.9648065476
3971,19.9648065476
3972,19.9648065476
3973,19.9648065476
3974,19.9726190476
3975,19.9726190476
3976,19.9726190476
3977,19.9830357143
3978,19.9830357143
3979,20.0142857143
3980,20.0142857143
3981,20.0142857143
3982,20.0142857143
3983,20.024702381
3984,20.024702381
3985,20.024702381
3986,20.024702381
3987,20.024702381
3988,20.024702381
3989,20.024702381
3990,20.087202381
3991,20.087202381
3992,20.087202381
3993,20.087202381
3994,20.1080357143
3995,20.1080357143
3996,20.1080357143
3997,20.1080357143
3998,20.1080357143
3999,20.1080357143
4000,20.1080357143
4001,20.1080357143
4002,20.1080357143
4003,20.1288690476
4004,20.1288690476
4005,20.1288690476
4006,20.1413690476
4007,20.1413690476
4008,20.1413690476
4009,20.1413690476
4010,20.1726190476
4011,20.1726190476
4012,20.1726190476
4013,20.1726190476
4014,20.1830357143
4015,20.1830357143
4016,20.1830357143
4017,20.1830357143
4018,20.1830357143
4019,20.1830357143
4020,20.1830357143
4021,20.1830357143
4022,20.1830357143
4023,20.1830357143
4024,20.1830357143
4025,20.1830357143
4026,20.1830357143
4027,20.193452381
4028,20.193452381
4029,20.193452381
4030,20.193452381
4031,20.193452381
4032,20.193452381
4033,20.193452381
4034,20.2142857143
4035,20.2142857143
4036,20.2142857143
4037,20.2142857143
4038,20.2142857143
4039,20.2142857143
4040,20.224702381
4041,20.224702381
4042,20.2351190476
4043,20.2663690476
4044,20.2663690476
4045,20.2663690476
4046,20.2663690476
4047,20.2663690476
4048,20.2663690476
4049,20.2663690476
4050,20.2663690476
4051,20.2663690476
4052,20.2663690476
4053,20.2663690476
4054,20.2663690476
4055,20.2663690476
4056,20.287202381
4057,20.2961309524
4058,20.2961309524
4059,20.2961309524
4060,20.2961309524
4061,20.2961309524
4062,20.2961309524
4063,20.2961309524
4064,20.2961309524
4065,20.2961309524
4066,20.3169642857
4067,20.3169642857
4068,20.3169642857
4069,20.3169642857
4070,20.3169642857
4071,20.3169642857
4072,20.3273809524
4073,20.3351934524
4074,20.3351934524
4075,20.3351934524
4076,20.3351934524
4077,20.3351934524
4078,20.3351934524
4079,20.3351934524
4080,20.3351934524
4081,20.3351934524
4082,20.3430059524
4083,20.3430059524
4084,20.3430059524
4085,20.3430059524
4086,20.3430059524
4087,20.3430059524
4088,20.3430059524
4089,20.3430059524
4090,20.3430059524
4091,20.353422619
4092,20.353422619
4093,20.353422619
4094,20.353422619
4095,20.353422619
4096,20.353422619
4097,20.353422619
4098,20.353422619
4099,20.3742559524
4100,20.3742559524
4101,20.3742559524
4102,20.3742559524
4103,20.3742559524
4104,20.3742559524
4105,20.3742559524
4106,20.3742559524
4107,20.3742559524
4108,20.3742559524
4109,20.3742559524
4110,20.3898809524
4111,20.3898809524
4112,20.3898809524
4113,20.3898809524
4114,20.3898809524
4115,20.3988095238
4116,20.3988095238
4117,20.3988095238
4118,20.3988095238
4119,20.4066220238
4120,20.4066220238
4121,20.4066220238
4122,20.4170386905
4123,20.4378720238
4124,20.4378720238
4125,20.4378720238
4126,20.4378720238
4127,20.4378720238
4128,20.4378720238
4129,20.4378720238
4130,20.4378720238
4131,20.4378720238
4132,20.4587053571
4133,20.4587053571
4134,20.4587053571
4135,20.4587053571
4136,20.4587053571
4137,20.4587053571
4138,20.4587053571
4139,20.4587053571
4140,20.4587053571
4141,20.4587053571
4142,20.4795386905
4143,20.4899553571
4144,20.4899553571
4145,20.4899553571
4146,20.4899553571
4147,20.5107886905
4148,20.5107886905
4149,20.5107886905
4150,20.5107886905
4151,20.5107886905
4152,20.5107886905
4153,20.5107886905
4154,20.5107886905
4155,20.5107886905
4156,20.5107886905
4157,20.5107886905
4158,20.5107886905
4159,20.5107886905
4160,20.5107886905
4161,20.5107886905
4162,20.5107886905
4163,20.5107886905
4164,20.5107886905
4165,20.5107886905
4166,20.5107886905
4167,20.5107886905
4168,20.5107886905
4169,20.5107886905
4170,20.5107886905
4171,20.5107886905
4172,20.5107886905
4173,20.5107886905
4174,20.5107886905
4175,20.5107886905
4176,20.5107886905
4177,20.5107886905
4178,20.5212053571
4179,20.5212053571
4180,20.5212053571
4181,20.5212053571
4182,20.5420386905
4183,20.5420386905
4184,20.5732886905
4185,20.5732886905
4186,20.5732886905
4187,20.5732886905
4188,20.5732886905
4189,20.5732886905
4190,20.5732886905
4191,20.5732886905
4192,20.5837053571
4193,20.5962053571
4194,20.5962053571
4195,20.5962053571
4196,20.5962053571
4197,20.6051339286
4198,20.6051339286
4199,20.6051339286
4200,20.6051339286
4201,20.6051339286
4202,20.6051339286
4203,20.6051339286
4204,20.6051339286
4205,20.6051339286
4206,20.6051339286
4207,20.6051339286
4208,20.6051339286
4209,20.6051339286
4210,20.6051339286
4211,20.6155505952
4212,20.6155505952
4213,20.6155505952
4214,20.6155505952
4215,20.6155505952
4216,20.6155505952
4217,20.6155505952
4218,20.6155505952
4219,20.6155505952
4220,20.6155505952
4221,20.6155505952
4222,20.6155505952
4223,20.6155505952
4224,20.6155505952
4225,20.6363839286
4226,20.6363839286
4227,20.6363839286
4228,20.6363839286
4229,20.6363839286
4230,20.6363839286
4231,20.6363839286
4232,20.6363839286
4233,20.6363839286
4234,20.6676339286
4235,20.6676339286
4236,20.6676339286
4237,20.6676339286
4238,20.6884672619
4239,20.6884672619
4240,20.6884672619
4241,20.7353422619
4242,20.7353422619
4243,20.7353422619
4244,20.7353422619
4245,20.7353422619
4246,20.7431547619
4247,20.7431547619
4248,20.7431547619
4249,20.7431547619
4250,20.7431547619
4251,20.7639880952
4252,20.7639880952
4253,20.7639880952
4254,20.7639880952
4255,20.7639880952
4256,20.7639880952
4257,20.7729166667
4258,20.7729166667
4259,20.7729166667
4260,20.7729166667
4261,20.7729166667
4262,20.7729166667
4263,20.7729166667
4264,20.7729166667
4265,20.7729166667
4266,20.7729166667
4267,20.7729166667
4268,20.7729166667
4269,20.7729166667
4270,20.7729166667
4271,20.7885416667
4272,20.7885416667
4273,20.7885416667
4274,20.7989583333
4275,20.840625
4276,20.840625
4277,20.840625
4278,20.8614583333
4279,20.8614583333
4280,20.8614583333
4281,20.8614583333
4282,20.8614583333
4283,20.8614583333
4284,20.8614583333
4285,20.8614583333
4286,20.8614583333
4287,20.8614583333
4288,20.8614583333
4289,20.8614583333
4290,20.8614583333
4291,20.8614583333
4292,20.8614583333
4293,20.8614583333
4294,20.8692708333
4295,20.8692708333
4296,20.8901041667
4297,20.8901041667
4298,20.8901041667
4299,20.8901041667
4300,20.8901041667
4301,20.8901041667
4302,20.8901041667
4303,20.8901041667
4304,20.8979166667
4305,20.8979166667
4306,20.8979166667
4307,20.8979166667
4308,20.8979166667
4309,20.9291666667
4310,20.9291666667
4311,20.9291666667
4312,20.9291666667
4313,20.9380952381
4314,20.9380952381
4315,20.9380952381
4316,20.9380952381
4317,20.9380952381
4318,20.9380952381
4319,20.9380952381
4320,20.9380952381
4321,20.9589285714
4322,20.9589285714
4323,20.9589285714
4324,20.9589285714
4325,20.9589285714
4326,20.9901785714
4327,20.9901785714
4328,20.9901785714
4329,20.9901785714
4330,20.9901785714
4331,20.9901785714
4332,20.9901785714
4333,20.9901785714
4334,20.9979910714
4335,20.9979910714
4336,20.9979910714
4337,21.0292410714
4338,21.0292410714
4339,21.0292410714
4340,21.0292410714
4341,21.0292410714
4342,21.0292410714
4343,21.0381696429
4344,21.0381696429
4345,21.0590029762
4346,21.0668154762
4347,21.0668154762
4348,21.0980654762
4349,21.0980654762
4350,21.0980654762
4351,21.0980654762
4352,21.0980654762
4353,21.0980654762
4354,21.0980654762
4355,21.0980654762
4356,21.1136904762
4357,21.1136904762
4358,21.1136904762
4359,21.1136904762
4360,21.1136904762
4361,21.1136904762
4362,21.1136904762
4363,21.1215029762
4364,21.1215029762
4365,21.1215029762
4366,21.1215029762
4367,21.1215029762
4368,21.1215029762
4369,21.1215029762
4370,21.1215029762
4371,21.1215029762
4372,21.1215029762
4373,21.1340029762
4374,21.1340029762
4375,21.1340029762
4376,21.1340029762
4377,21.1340029762
4378,21.1418154762
4379,21.1418154762
4380,21.1418154762
4381,21.1418154762
4382,21.1418154762
4383,21.1418154762
4384,21.1418154762
4385,21.1418154762
4386,21.1418154762
4387,21.1418154762
4388,21.1418154762
4389,21.1496279762
4390,21.1496279762
4391,21.1574404762
4392,21.1730654762
4393,21.1730654762
4394,21.1730654762
4395,21.1730654762
4396,21.1730654762
4397,21.1730654762
4398,21.1730654762
4399,21.1819940476
4400,21.1819940476
4401,21.1819940476
4402,21.1819940476
4403,21.1819940476
4404,21.1819940476
4405,21.1819940476
4406,21.1819940476
4407,21.1819940476
4408,21.1819940476
4409,21.1819940476
4410,21.1819940476
4411,21.1819940476
4412,21.1819940476
4413,21.1819940476
4414,21.1819940476
4415,21.1819940476
4416,21.1898065476
4417,21.1898065476
4418,21.1898065476
4419,21.1898065476
4420,21.1898065476
4421,21.1898065476
4422,21.226264881
4423,21.226264881
4424,21.226264881
4425,21.226264881
4426,21.226264881
4427,21.234077381
4428,21.234077381
4429,21.234077381
4430,21.234077381
4431,21.234077381
4432,21.234077381
4433,21.234077381
4434,21.234077381
4435,21.234077381
4436,21.265327381
4437,21.265327381
4438,21.265327381
4439,21.265327381
4440,21.265327381
4441,21.265327381
4442,21.273139881
4443,21.273139881
4444,21.273139881
4445,21.273139881
4446,21.304389881
4447,21.304389881
4448,21.304389881
4449,21.304389881
4450,21.304389881
4451,21.304389881
4452,21.304389881
4453,21.304389881
4454,21.304389881
4455,21.304389881
4456,21.304389881
4457,21.304389881
4458,21.304389881
4459,21.304389881
4460,21.304389881
4461,21.304389881
4462,21.304389881
4463,21.304389881
4464,21.304389881
4465,21.335639881
4466,21.335639881
4467,21.335639881
4468,21.335639881
4469,21.335639881
4470,21.335639881
4471,21.335639881
4472,21.335639881
4473,21.335639881
4474,21.335639881
4475,21.335639881
4476,21.335639881
4477,21.335639881
4478,21.335639881
4479,21.3564732143
4480,21.3564732143
4481,21.3564732143
4482,21.3564732143
4483,21.3564732143
4484,21.3564732143
4485,21.3564732143
4486,21.3564732143
4487,21.3564732143
4488,21.3773065476
4489,21.3773065476
4490,21.3773065476
4491,21.3773065476
4492,21.3773065476
4493,21.3773065476
4494,21.3773065476
4495,21.398139881
4496,21.398139881
4497,21.398139881
4498,21.398139881
4499,21.398139881
4500,21.398139881
4501,21.4085565476
4502,21.4085565476
4503,21.4085565476
4504,21.4085565476
4505,21.4085565476
4506,21.4085565476
4507,21.4085565476
4508,21.4085565476
4509,21.4085565476
4510,21.4085565476
4511,21.4085565476
4512,21.4085565476
4513,21.4085565476
4514,21.4085565476
4515,21.4085565476
4516,21.4085565476
4517,21.4085565476
4518,21.4085565476
4519,21.4085565476
4520,21.4085565476
4521,21.4085565476
4522,21.4085565476
4523,21.4085565476
4524,21.4085565476
4525,21.4085565476
4526,21.4085565476
4527,21.4085565476
4528,21.4085565476
4529,21.4085565476
4530,21.4085565476
4531,21.4085565476
4532,21.4189732143
4533,21.4189732143
4534,21.4345982143
4535,21.4345982143
4536,21.4345982143
4537,21.4345982143
4538,21.4345982143
4539,21.4345982143
4540,21.4345982143
4541,21.4345982143
4542,21.4345982143
4543,21.4345982143
4544,21.4345982143
4545,21.4345982143
4546,21.4345982143
4547,21.4345982143
4548,21.4345982143
4549,21.4345982143
4550,21.4345982143
4551,21.4502232143
4552,21.4502232143
4553,21.4502232143
4554,21.4502232143
4555,21.4502232143
4556,21.4502232143
4557,21.4502232143
4558,21.4502232143
4559,21.4502232143
4560,21.4814732143
4561,21.4814732143
4562,21.4814732143
4563,21.4814732143
4564,21.4814732143
4565,21.4814732143
4566,21.4814732143
4567,21.4814732143
4568,21.4814732143
4569,21.4904017857
4570,21.4904017857
4571,21.4904017857
4572,21.4904017857
4573,21.4904017857
4574,21.4904017857
4575,21.4904017857
4576,21.4904017857
4577,21.4904017857
4578,21.4904017857
4579,21.4904017857
4580,21.4982142857
4581,21.5060267857
4582,21.5372767857
4583,21.5372767857
4584,21.5372767857
4585,21.5372767857
4586,21.5462053571
4587,21.5462053571
4588,21.5462053571
4589,21.5462053571
4590,21.5774553571
4591,21.5774553571
4592,21.5774553571
4593,21.5774553571
4594,21.5774553571
4595,21.5774553571
4596,21.5774553571
4597,21.5774553571
4598,21.5774553571
4599,21.5774553571
4600,21.5774553571
4601,21.5774553571
4602,21.5774553571
4603,21.5774553571
4604,21.5774553571
4605,21.5774553571
4606,21.5774553571
4607,21.5774553571
4608,21.5774553571
4609,21.5774553571
4610,21.5774553571
4611,21.5774553571
4612,21.5774553571
4613,21.5774553571
4614,21.5774553571
4615,21.5930803571
4616,21.5930803571
4617,21.5930803571
4618,21.5930803571
4619,21.5930803571
4620,21.5930803571
4621,21.5930803571
4622,21.5930803571
4623,21.5930803571
4624,21.5930803571
4625,21.5930803571
4626,21.6139136905
4627,21.6139136905
4628,21.6139136905
4629,21.6139136905
4630,21.6139136905
4631,21.6139136905
4632,21.6139136905
4633,21.6139136905
4634,21.6139136905
4635,21.6139136905
4636,21.6139136905
4637,21.6139136905
4638,21.6139136905
4639,21.6228422619
4640,21.6228422619
4641,21.6228422619
4642,21.6228422619
4643,21.6228422619
4644,21.6228422619
4645,21.6228422619
4646,21.6228422619
4647,21.6228422619
4648,21.6228422619
4649,21.6332589286
4650,21.6332589286
4651,21.6332589286
4652,21.6332589286
4653,21.6332589286
4654,21.6488839286
4655,21.6488839286
4656,21.6488839286
4657,21.6488839286
4658,21.6488839286
4659,21.6697172619
4660,21.6905505952
4661,21.6905505952
4662,21.7061755952
4663,21.7061755952
4664,21.7061755952
4665,21.7061755952
4666,21.7061755952
4667,21.7061755952
4668,21.7218005952
4669,21.7218005952
4670,21.7307291667
4671,21.7515625
4672,21.7515625
4673,21.759375
4674,21.759375
4675,21.759375
4676,21.759375
4677,21.759375
4678,21.759375
4679,21.759375
4680,21.759375
4681,21.759375
4682,21.759375
4683,21.759375
4684,21.759375
4685,21.759375
4686,21.759375
4687,21.759375
4688,21.7671875
4689,21.7671875
4690,21.7671875
4691,21.7671875
4692,21.7671875
4693,21.7671875
4694,21.7776041667
4695,21.8088541667
4696,21.8088541667
4697,21.8088541667
4698,21.8088541667
4699,21.8088541667
4700,21.8088541667
4701,21.8088541667
4702,21.8088541667
4703,21.8088541667
4704,21.8088541667
4705,21.8088541667
4706,21.8088541667
4707,21.8088541667
4708,21.8088541667
4709,21.8088541667
4710,21.8088541667
4711,21.8088541667
4712,21.8088541667
4713,21.8088541667
4714,21.8244791667
4715,21.8244791667
4716,21.8244791667
4717,21.8244791667
4718,21.8244791667
4719,21.8401041667
4720,21.8401041667
4721,21.8401041667
4722,21.8401041667
4723,21.8401041667
4724,21.8401041667
4725,21.8401041667
4726,21.8401041667
4727,21.8401041667
4728,21.8401041667
4729,21.8401041667
4730,21.8401041667
4731,21.8401041667
4732,21.9026041667
4733,21.9026041667
4734,21.9182291667
4735,21.9182291667
4736,21.9182291667
4737,21.9182291667
4738,21.9182291667
4739,21.9182291667
4740,21.9182291667
4741,21.9182291667
4742,21.9182291667
4743,21.9182291667
4744,21.9182291667
4745,21.9182291667
4746,21.9182291667
4747,21.9182291667
4748,21.9182291667
4749,21.9182291667
4750,21.9182291667
4751,21.9182291667
4752,21.9182291667
4753,21.9182291667
4754,21.9182291667
4755,21.9182291667
4756,21.9307291667
4757,21.9307291667
4758,21.9307291667
4759,21.9307291667
4760,21.9307291667
4761,21.9307291667
4762,21.9307291667
4763,21.9307291667
4764,21.9307291667
4765,21.9307291667
4766,21.9307291667
4767,21.9307291667
4768,21.9385416667
4769,21.9474702381
4770,21.9474702381
4771,21.9474702381
4772,21.9474702381
4773,21.9474702381
4774,21.9474702381
4775,21.9474702381
4776,21.9474702381
4777,21.9474702381
4778,21.9474702381
4779,21.9474702381
4780,21.9474702381
4781,21.9474702381
4782,21.9474702381
4783,21.9474702381
4784,21.9474702381
4785,21.9474702381
4786,21.9474702381
4787,21.9474702381
4788,21.9683035714
4789,21.9683035714
4790,21.9683035714
4791,21.9683035714
4792,21.9683035714
4793,21.9683035714
4794,21.9683035714
4795,21.9683035714
4796,21.9683035714
4797,21.9683035714
4798,21.9683035714
4799,21.9683035714
4800,21.9683035714
4801,21.9683035714
4802,21.9772321429
4803,21.9772321429
4804,21.9772321429
4805,21.9772321429
4806,21.9772321429
4807,21.9772321429
4808,21.9772321429
4809,21.9980654762
4810,21.9980654762
4811,21.9980654762
4812,21.9980654762
4813,21.9980654762
4814,21.9980654762
4815,21.9980654762
4816,22.0188988095
4817,22.0188988095
4818,22.0188988095
4819,22.0188988095
4820,22.0267113095
4821,22.0267113095
4822,22.0267113095
4823,22.0475446429
4824,22.0475446429
4825,22.0475446429
4826,22.0683779762
4827,22.0683779762
4828,22.0683779762
4829,22.0683779762
4830,22.0683779762
4831,22.0683779762
4832,22.0683779762
4833,22.0683779762
4834,22.0683779762
4835,22.0787946429
4836,22.0787946429
4837,22.0787946429
4838,22.0787946429
4839,22.0787946429
4840,22.0787946429
4841,22.0787946429
4842,22.0787946429
4843,22.0787946429
4844,22.0787946429
4845,22.0787946429
4846,22.0787946429
4847,22.0787946429
4848,22.0787946429
4849,22.0787946429
4850,22.0787946429
4851,22.0787946429
4852,22.0787946429
4853,22.0787946429
4854,22.0787946429
4855,22.0787946429
4856,22.0892113095
4857,22.0892113095
4858,22.0892113095
4859,22.0892113095
4860,22.0892113095
4861,22.0892113095
4862,22.0892113095
4863,22.0892113095
4864,22.0892113095
4865,22.0892113095
4866,22.1048363095
4867,22.1048363095
4868,22.1048363095
4869,22.1048363095
4870,22.1048363095
4871,22.1256696429
4872,22.1256696429
4873,22.1334821429
4874,22.1334821429
4875,22.1334821429
4876,22.1334821429
4877,22.1334821429
4878,22.1334821429
4879,22.1334821429
4880,22.1334821429
4881,22.1334821429
4882,22.1334821429
4883,22.1334821429
4884,22.1334821429
4885,22.1334821429
4886,22.1334821429
4887,22.1334821429
4888,22.1334821429
4889,22.1334821429
4890,22.1334821429
4891,22.1334821429
4892,22.1334821429
4893,22.1334821429
4894,22.1334821429
4895,22.1334821429
4896,22.1334821429
4897,22.1334821429
4898,22.1334821429
4899,22.1334821429
4900,22.1412946429
4901,22.1412946429
4902,22.1412946429
4903,22.1491071429
4904,22.1491071429
4905,22.1491071429
4906,22.1491071429
4907,22.1491071429
4908,22.1491071429
4909,22.1491071429
4910,22.1491071429
4911,22.1491071429
4912,22.1491071429
4913,22.1491071429
4914,22.1491071429
4915,22.1491071429
4916,22.1699404762
4917,22.1699404762
4918,22.1699404762
4919,22.1803571429
4920,22.1803571429
4921,22.1803571429
4922,22.1803571429
4923,22.1803571429
4924,22.1803571429
4925,22.1803571429
4926,22.1803571429
4927,22.1803571429
4928,22.1803571429
4929,22.1803571429
4930,22.1803571429
4931,22.1803571429
4932,22.1803571429
4933,22.1803571429
4934,22.1803571429
4935,22.1803571429
4936,22.1803571429
4937,22.1803571429
4938,22.1803571429
4939,22.1803571429
4940,22.1803571429
4941,22.1803571429
4942,22.1803571429
4943,22.1803571429
4944,22.1803571429
4945,22.1881696429
4946,22.1881696429
4947,22.1881696429
4948,22.1881696429
4949,22.1881696429
4950,22.2194196429
4951,22.2194196429
4952,22.2350446429
4953,22.2350446429
4954,22.2439732143
4955,22.2439732143
4956,22.2439732143
4957,22.2439732143
4958,22.2439732143
4959,22.2439732143
4960,22.2439732143
4961,22.2439732143
4962,22.2439732143
4963,22.2439732143
4964,22.2439732143
4965,22.2607142857
4966,22.2607142857
4967,22.2607142857
4968,22.2607142857
4969,22.2607142857
4970,22.2607142857
4971,22.2607142857
4972,22.2607142857
4973,22.2607142857
4974,22.2607142857
4975,22.2607142857
4976,22.2607142857
4977,22.2607142857
4978,22.2919642857
4979,22.2919642857
4980,22.2919642857
4981,22.2919642857
4982,22.2919642857
4983,22.2919642857
4984,22.2919642857
4985,22.3165178571
4986,22.3165178571
4987,22.3165178571
4988,22.3165178571
4989,22.3165178571
4990,22.3373511905
4991,22.3581845238
4992,22.3581845238
4993,22.3998511905
4994,22.3998511905
4995,22.3998511905
4996,22.3998511905
4997,22.3998511905
4998,22.4154761905
