1,0.761130328531
2,0.815875368219
3,0.854851852665
4,0.885396231998
5,0.912312029495
6,0.935286606957
7,0.955570324712
8,0.973827907293
9,0.99160459619
10,1.00865992461
11,1.0271665278
12,1.0479742833
13,1.0619548473
14,1.07419822454
15,1.08957847775
16,1.10502226827
17,1.12170207945
18,1.13028057217
19,1.13605513211
20,1.14766945487
21,1.16144933797
22,1.17914563314
23,1.19028247633
24,1.19821881364
25,1.20828751756
26,1.21420721737
27,1.21914921813
28,1.22802579734
29,1.23678630244
30,1.24706859214
31,1.25355351076
32,1.26416123494
33,1.27567743814
34,1.2855054388
35,1.29560474174
36,1.30202543939
37,1.30690261009
38,1.31478573213
39,1.32538720787
40,1.33087686465
41,1.33903655463
42,1.33715740952
43,1.34607849311
44,1.35232403215
45,1.36291972955
46,1.37013259492
47,1.38031560832
48,1.38896896105
49,1.39690230768
50,1.39828918828
51,1.40778488181
52,1.41573356271
53,1.425796145
54,1.43372263615
55,1.43342768168
56,1.43525874529
57,1.44020291823
58,1.44412071617
59,1.45567216251
60,1.45854530455
61,1.45982771729
62,1.46492315629
63,1.47279350849
64,1.47366000803
65,1.47269147995
66,1.47757576932
67,1.47867036892
68,1.48513111514
69,1.49048226839
70,1.49665501334
71,1.50702551147
72,1.51415216702
73,1.51119657931
74,1.51359078061
75,1.52180693787
76,1.52929872555
77,1.52781540537
78,1.52946827049
79,1.53365901499
80,1.53647811753
81,1.53438191684
82,1.52745128513
83,1.53207329215
84,1.54014346241
85,1.54839664514
86,1.54700028416
87,1.544256413
88,1.53973681497
89,1.54646487309
90,1.55402835391
91,1.55868020194
92,1.56479306378
93,1.57496182376
94,1.57538628783
95,1.57545733441
96,1.57554809892
97,1.58007329321
98,1.58944478266
99,1.59289942316
100,1.58885629672
101,1.59231386237
102,1.59587728801
103,1.59701603225
104,1.59041322905
105,1.59439066914
106,1.6052969668
107,1.61291405687
108,1.61385974382
109,1.61499489018
110,1.61840664485
111,1.62642577998
112,1.62897847064
113,1.63063596087
114,1.63414701913
115,1.63517733058
116,1.63638623952
117,1.63970863863
118,1.64464950612
119,1.64550034809
120,1.65112213951
121,1.65263550339
122,1.66407537819
123,1.66515956186
124,1.66773071031
125,1.67219171831
126,1.67673050947
127,1.68179929612
128,1.67853266832
129,1.68074359024
130,1.68385222119
131,1.6924066652
132,1.70591272448
133,1.71002550501
134,1.71268811437
135,1.7169565022
136,1.71724723337
137,1.71948087572
138,1.72601647107
139,1.74624402196
140,1.74719438087
141,1.74846826622
142,1.74952560709
143,1.75379135298
144,1.75586968711
145,1.7588123274
146,1.76297432815
147,1.76520556806
148,1.76999378011
149,1.77399296285
150,1.77704871555
151,1.78318604421
152,1.78772244524
153,1.78835229021
154,1.78853397625
155,1.79013742771
156,1.80132308594
157,1.80631749284
158,1.8089109867
159,1.81153649899
160,1.81153649899
161,1.8333974441
162,1.84162704925
163,1.84162704925
164,1.84326818711
165,1.846322527
166,1.8376244639
167,1.81920459112
168,1.82150608709
169,1.82430798408
170,1.82529287616
171,1.82661144156
172,1.84237354354
173,1.8549449142
174,1.85540320934
175,1.85662532972
176,1.85800021515
177,1.86467095555
178,1.86470538683
179,1.8638574519
180,1.86467739287
181,1.86508736335
182,1.86762918034
183,1.86839445857
184,1.8685062687
185,1.88401972857
186,1.8894045849
187,1.89179898425
188,1.89400512614
189,1.89566414485
190,1.89845859126
191,1.90491817474
192,1.90547828288
193,1.90476459755
194,1.90591888766
195,1.90890080378
196,1.91010318932
197,1.91010318932
198,1.91010318932
199,1.91078823257
200,1.90888438179
201,1.91148771078
202,1.91295818639
203,1.91422187636
204,1.91513454135
205,1.91616655482
206,1.91637115225
207,1.91770905894
208,1.9373806848
209,1.94801770818
210,1.95142054961
211,1.95533897307
212,1.95710668291
213,1.95904898137
214,1.96638170364
215,1.96683999878
216,1.96683999878
217,1.96246744215
218,1.96212017682
219,1.96396744714
220,1.96449523867
221,1.96771146826
222,1.97076276299
223,1.97076276299
224,1.97084523042
225,1.97162867096
226,1.97674165133
227,1.96768015147
228,1.96504052092
229,1.96504052092
230,1.96676100795
231,1.96865795519
232,1.9722312744
233,1.97426457726
234,1.97590084464
235,1.97616553495
236,1.97960650901
237,1.98273867771
238,1.96732515468
239,1.96807543617
240,1.96834879465
241,1.96834879465
242,1.97045365497
243,1.97179311153
244,1.97351526997
245,1.97667256044
246,1.97753363966
247,1.97810974266
248,1.97917584074
249,1.98106327058
250,2.01657553216
251,2.01657553216
252,2.01753583946
253,2.01945645406
254,2.01996861795
255,2.02009665893
256,2.02009665893
257,2.02035274087
258,2.02073686379
259,2.02265747839
260,2.0256984515
261,2.0266587588
262,2.0276190661
263,2.01407321407
264,2.01415277437
265,2.01566898617
266,2.0160188812
267,2.0160188812
268,2.01671867127
269,2.01811825139
270,2.02488288867
271,2.02814857563
272,2.02861510234
273,2.02943152408
274,2.02954815576
275,2.03024794582
276,2.03228900017
277,2.01690184765
278,1.97008885608
279,1.97040911228
280,1.97351159427
281,1.97701439651
282,1.98141791933
283,1.9816847995
284,1.9816847995
285,1.98208511976
286,1.98228527988
287,1.9830859204
288,1.98946435648
289,1.9909055094
290,1.9909055094
291,1.9909055094
292,1.9909055094
293,1.99250679043
294,1.97482349567
295,1.97354659107
296,1.97398906894
297,1.97457903945
298,1.97811886246
299,1.97856134033
300,1.97885632558
301,1.97885632558
302,1.97885632558
303,1.97885632558
304,1.97907756452
305,1.97918818399
306,1.97918818399
307,1.97918818399
308,1.97918818399
309,1.97918818399
310,1.98019956199
311,1.98851182495
312,1.96965839274
313,1.95477292572
314,1.95976637693
315,1.95988916672
316,1.96222217261
317,1.96615144569
318,1.97155419619
319,1.97892158322
320,1.97965832192
321,1.97965832192
322,1.97965832192
323,1.97965832192
324,1.980182225
325,1.98209774563
326,1.98324378361
327,1.98324378361
328,1.98385773253
329,1.98508563037
330,1.98557678951
331,1.98999722173
332,1.99147069913
333,1.97583572509
334,1.96900019783
335,1.96923061258
336,1.96946102732
337,1.97090111949
338,1.97291724852
339,1.97426133454
340,1.97522139599
341,1.97522139599
342,1.97522139599
343,1.97522139599
344,1.97735098683
345,1.98426342922
346,1.98782937173
347,1.98782937173
348,1.9892694639
349,1.99272568509
350,1.99416577726
351,1.99416577726
352,1.99570187557
353,1.99936756472
354,2.00090366303
355,2.00104767225
356,2.0014796999
357,2.05720855364
358,2.06227408594
359,2.06249053616
360,2.06249053616
361,2.06249053616
362,2.06249053616
363,2.06249053616
364,2.06249053616
365,2.06249053616
366,2.06465503832
367,2.06508793876
368,2.06508793876
369,2.06541261408
370,2.06573728941
371,2.0670359907
372,2.06768534135
373,2.06768534135
374,2.06768534135
375,2.06768534135
376,2.06811824179
377,2.07080222447
378,2.07132170499
379,2.07132170499
380,2.07348620716
381,2.08131776953
382,2.08792933978
383,2.08792933978
384,2.10624043162
385,2.13093932677
386,2.13093932677
387,2.13143982727
388,2.13944783528
389,2.13944783528
390,2.13978150228
391,2.13978150228
392,2.13978150228
393,2.13978150228
394,2.14046400296
395,2.14046400296
396,2.14046400296
397,2.14076430326
398,2.14106460356
399,2.14106460356
400,2.14136490386
401,2.14166520417
402,2.14166520417
403,2.14166520417
404,2.14166520417
405,2.14166520417
406,2.14166520417
407,2.14166520417
408,2.14166520417
409,2.14166520417
410,2.14166520417
411,2.14166520417
412,2.14166520417
413,2.14166520417
414,2.14166520417
415,2.14504358254
416,2.14685680401
417,2.15061232627
418,2.15201583504
419,2.15201583504
420,2.15201583504
421,2.15201583504
422,2.15368250171
423,2.15681115668
424,2.16037840814
425,2.16213279411
426,2.16213279411
427,2.16283454849
428,2.16283454849
429,2.16283454849
430,2.16283454849
431,2.16283454849
432,2.16353630288
433,2.16792226779
434,2.16836086428
435,2.16906261867
436,2.17116788183
437,2.17366655275
438,2.17547410192
439,2.17547410192
440,2.17547410192
441,2.17752088555
442,2.17898287385
443,2.17898287385
444,2.17898287385
445,2.18098788638
446,2.18148913952
447,2.18148913952
448,2.18148913952
449,2.18148913952
450,2.18148913952
451,2.18148913952
452,2.18148913952
453,2.18499791145
454,2.15590854559
455,2.12834142149
456,2.13117227783
457,2.13117227783
458,2.13117227783
459,2.13117227783
460,2.13117227783
461,2.13117227783
462,2.13400313416
463,2.13754170458
464,2.14051410373
465,2.14093873218
466,2.14093873218
467,2.14093873218
468,2.14093873218
469,2.14518501668
470,2.1496082297
471,2.15438529977
472,2.15438529977
473,2.15438529977
474,2.15438529977
475,2.15438529977
476,2.15438529977
477,2.15438529977
478,2.15438529977
479,2.15509301385
480,2.15650844202
481,2.15650844202
482,2.15650844202
483,2.15650844202
484,2.15650844202
485,2.15650844202
486,2.15650844202
487,2.15650844202
488,2.15650844202
489,2.15792387019
490,2.16136133859
491,2.16166464463
492,2.16166464463
493,2.16166464463
494,2.16166464463
495,2.16166464463
496,2.16166464463
497,2.16166464463
498,2.16166464463
499,2.16821867576
500,2.24310422282
501,2.24310422282
502,2.24310422282
503,2.24310422282
504,2.24310422282
505,2.24310422282
506,2.24310422282
507,2.24364330638
508,2.24579964061
509,2.24579964061
510,2.2480458221
511,2.25074123989
512,2.25163971249
513,2.25433513028
514,2.25433513028
515,2.25595238095
516,2.25649146451
517,2.25649146451
518,2.25649146451
519,2.25703054807
520,2.2591868823
521,2.2591868823
522,2.2591868823
523,2.2591868823
524,2.2591868823
525,2.2591868823
526,2.2591868823
527,2.2591868823
528,2.2591868823
529,2.2591868823
530,2.2591868823
531,2.26143306379
532,2.26188230009
533,2.26188230009
534,2.26188230009
535,2.26188230009
536,2.26188230009
537,2.26242138365
538,2.26296046721
539,2.26296046721
540,2.2643081761
541,2.265655885
542,2.265655885
543,2.265655885
544,2.265655885
545,2.265655885
546,2.265655885
547,2.265655885
548,2.28003144654
549,2.28272686433
550,2.28362533693
551,2.28362533693
552,2.28362533693
553,2.28362533693
554,2.28362533693
555,2.30200892857
556,2.31972402597
557,2.31972402597
558,2.31972402597
559,2.32026515152
560,2.3240530303
561,2.3240530303
562,2.32621753247
563,2.33162878788
564,2.33203463203
565,2.33284632035
566,2.33284632035
567,2.33284632035
568,2.33284632035
569,2.33528138528
570,2.3369047619
571,2.3369047619
572,2.34015151515
573,2.34772727273
574,2.3553030303
575,2.35584415584
576,2.35584415584
577,2.35584415584
578,2.35584415584
579,2.35584415584
580,2.35584415584
581,2.35909090909
582,2.36017316017
583,2.36017316017
584,2.36017316017
585,2.36017316017
586,2.36017316017
587,2.36017316017
588,2.36017316017
589,2.36017316017
590,2.36341991342
591,2.36536796537
592,2.36536796537
593,2.36699134199
594,2.36699134199
595,2.36699134199
596,2.36699134199
597,2.3678030303
598,2.37023809524
599,2.37023809524
600,2.37023809524
601,2.37835497835
602,2.38062770563
603,2.38127705628
604,2.38127705628
605,2.38127705628
606,2.38127705628
607,2.38208874459
608,2.38630952381
609,2.38695887446
610,2.38695887446
611,2.38695887446
612,2.38695887446
613,2.38695887446
614,2.38695887446
615,2.38695887446
616,2.38695887446
617,2.38695887446
618,2.38955627706
619,2.38955627706
620,2.3928030303
621,2.3928030303
622,2.3928030303
623,2.3928030303
624,2.38791946309
625,2.34173976608
626,2.34173976608
627,2.34173976608
628,2.34173976608
629,2.34173976608
630,2.34173976608
631,2.34173976608
632,2.34173976608
633,2.34173976608
634,2.34173976608
635,2.3475877193
636,2.34978070175
637,2.34978070175
638,2.35270467836
639,2.36001461988
640,2.36001461988
641,2.36001461988
642,2.36001461988
643,2.36001461988
644,2.36001461988
645,2.37097953216
646,2.37317251462
647,2.37317251462
648,2.37317251462
649,2.37317251462
650,2.37317251462
651,2.37317251462
652,2.37317251462
653,2.37317251462
654,2.37317251462
655,2.37317251462
656,2.37317251462
657,2.37317251462
658,2.37317251462
659,2.37390350877
660,2.37390350877
661,2.37390350877
662,2.37390350877
663,2.37390350877
664,2.37390350877
665,2.37390350877
666,2.37390350877
667,2.37390350877
668,2.37390350877
669,2.37390350877
670,2.37390350877
671,2.37390350877
672,2.37390350877
673,2.37390350877
674,2.37390350877
675,2.37445175439
676,2.37609649123
677,2.37609649123
678,2.37609649123
679,2.37609649123
680,2.37609649123
681,2.37609649123
682,2.37609649123
683,2.37609649123
684,2.37609649123
685,2.37609649123
686,2.37609649123
687,2.37609649123
688,2.37609649123
689,2.37697368421
690,2.37882553606
691,2.38233430799
692,2.38233430799
693,2.38233430799
694,2.38233430799
695,2.38233430799
696,2.38233430799
697,2.38233430799
698,2.38233430799
699,2.38233430799
700,2.38452729045
701,2.38452729045
702,2.38452729045
703,2.38452729045
704,2.38452729045
705,2.38452729045
706,2.38452729045
707,2.38452729045
708,2.38452729045
709,2.38452729045
710,2.38452729045
711,2.3867202729
712,2.39987816764
713,2.39987816764
714,2.45141782407
715,2.4619474313
716,2.46911589008
717,2.47270011947
718,2.47270011947
719,2.48166069295
720,2.49241338112
721,2.49241338112
722,2.49241338112
723,2.49241338112
724,2.49420549582
725,2.49420549582
726,2.49420549582
727,2.49420549582
728,2.49420549582
729,2.49420549582
730,2.49420549582
731,2.49420549582
732,2.49420549582
733,2.49420549582
734,2.49420549582
735,2.49420549582
736,2.49554958184
737,2.4995818399
738,2.50227001195
739,2.5031660693
740,2.5031660693
741,2.5031660693
742,2.50547021676
743,2.5081583888
744,2.5081583888
745,2.5081583888
746,2.5081583888
747,2.5081583888
748,2.5081583888
749,2.5081583888
750,2.5081583888
751,2.5081583888
752,2.5081583888
753,2.51138419526
754,2.51353473289
755,2.51353473289
756,2.51353473289
757,2.51500100855
758,2.51597852566
759,2.51597852566
760,2.51597852566
761,2.51597852566
762,2.51597852566
763,2.51597852566
764,2.51597852566
765,2.51597852566
766,2.51597852566
767,2.51597852566
768,2.51597852566
769,2.51597852566
770,2.51597852566
771,2.51597852566
772,2.51597852566
773,2.51597852566
774,2.51947314931
775,2.52229572996
776,2.52229572996
777,2.52767207404
778,2.52767207404
779,2.52767207404
780,2.52767207404
781,2.52767207404
782,2.52767207404
783,2.52767207404
784,2.52767207404
785,2.52901616006
786,2.53439250415
787,2.53439250415
788,2.53439250415
789,2.53439250415
790,2.53976884824
791,2.54245702028
792,2.54245702028
793,2.54245702028
794,2.54245702028
795,2.54312906329
796,2.54633993545
797,2.54633993545
798,2.54633993545
799,2.54682869401
800,2.54731745256
801,2.54731745256
802,2.54731745256
803,2.54731745256
804,2.54731745256
805,2.54731745256
806,2.54731745256
807,2.54731745256
808,2.55090168195
809,2.55448591134
810,2.55448591134
811,2.55448591134
812,2.55448591134
813,2.55448591134
814,2.55448591134
815,2.55448591134
816,2.55448591134
817,2.55448591134
818,2.55448591134
819,2.55448591134
820,2.55448591134
821,2.55515795435
822,2.55717408338
823,2.55717408338
824,2.55717408338
825,2.55986225543
826,2.56523859951
827,2.56523859951
828,2.56523859951
829,2.56792677156
830,2.57330311564
831,2.57330311564
832,2.57330311564
833,2.61147314073
834,2.6222301478
835,2.6222301478
836,2.6222301478
837,2.6222301478
838,2.6222301478
839,2.6222301478
840,2.6222301478
841,2.6222301478
842,2.6222301478
843,2.6222301478
844,2.6222301478
845,2.6222301478
846,2.6222301478
847,2.6222301478
848,2.6222301478
849,2.6222301478
850,2.62829075386
851,2.62980590537
852,2.62980590537
853,2.62980590537
854,2.63324943154
855,2.63324943154
856,2.63324943154
857,2.63324943154
858,2.63324943154
859,2.63324943154
860,2.63324943154
861,2.63324943154
862,2.63324943154
863,2.63324943154
864,2.63324943154
865,2.63324943154
866,2.63324943154
867,2.63324943154
868,2.63324943154
869,2.63324943154
870,2.63324943154
871,2.63324943154
872,2.63324943154
873,2.63324943154
874,2.63324943154
875,2.63324943154
876,2.63324943154
877,2.63324943154
878,2.63324943154
879,2.63324943154
880,2.63324943154
881,2.63324943154
882,2.63324943154
883,2.63324943154
884,2.63324943154
885,2.63324943154
886,2.63324943154
887,2.63324943154
888,2.63324943154
889,2.63324943154
890,2.63514337094
891,2.64082518912
892,2.64082518912
893,2.64246086405
894,2.64599047838
895,2.64599047838
896,2.64599047838
897,2.64599047838
898,2.64599047838
899,2.64599047838
900,2.64599047838
901,2.64599047838
902,2.64599047838
903,2.64599047838
904,2.64599047838
905,2.64599047838
906,2.64599047838
907,2.64599047838
908,2.64599047838
909,2.64599047838
910,2.64599047838
911,2.64599047838
912,2.64599047838
913,2.65167229656
914,2.65849047838
915,2.66303593292
916,2.66303593292
917,2.66303593292
918,2.66303593292
919,2.66303593292
920,2.66303593292
921,2.66303593292
922,2.66303593292
923,2.66303593292
924,2.664118184
925,2.664118184
926,2.664118184
927,2.664118184
928,2.664118184
929,2.664118184
930,2.664118184
931,2.664118184
932,2.664118184
933,2.664118184
934,2.664118184
935,2.664118184
936,2.664118184
937,2.664118184
938,2.664118184
939,2.664118184
940,2.664118184
941,2.664118184
942,2.664118184
943,2.664118184
944,2.664118184
945,2.664118184
946,2.664118184
947,2.67169394158
948,2.67548182037
949,2.67548182037
950,2.67548182037
951,2.67548182037
952,2.67548182037
953,2.67632357121
954,2.67716532205
955,2.6817107766
956,2.68474107963
957,2.68474107963
958,2.68474107963
959,2.68474107963
960,2.68474107963
961,2.68474107963
962,2.68474107963
963,2.68474107963
964,2.68474107963
965,2.68474107963
966,2.68474107963
967,2.68474107963
968,2.68625623114
969,2.68777138266
970,2.68777138266
971,2.68777138266
972,2.68777138266
973,2.68777138266
974,2.68777138266
975,2.68777138266
976,2.68777138266
977,2.68777138266
978,2.69585219074
979,2.69837744326
980,2.69837744326
981,2.69837744326
982,2.69837744326
983,2.69837744326
984,2.69837744326
985,2.69837744326
986,2.69837744326
987,2.69837744326
988,2.69837744326
989,2.69964006953
990,2.70090269579
991,2.70090269579
992,2.70090269579
993,2.70090269579
994,2.70090269579
995,2.70090269579
996,2.70090269579
997,2.70090269579
998,2.70090269579
999,2.71611850209
1000,2.80846270588
1001,2.80846270588
1002,2.80846270588
1003,2.80846270588
1004,2.80846270588
1005,2.80846270588
1006,2.80846270588
1007,2.80846270588
1008,2.80846270588
1009,2.80846270588
1010,2.80846270588
1011,2.80846270588
1012,2.80846270588
1013,2.80846270588
1014,2.80846270588
1015,2.80846270588
1016,2.80846270588
1017,2.80846270588
1018,2.80846270588
1019,2.80846270588
1020,2.80846270588
1021,2.80846270588
1022,2.80846270588
1023,2.80846270588
1024,2.80846270588
1025,2.80846270588
1026,2.80846270588
1027,2.80846270588
1028,2.80846270588
1029,2.80846270588
1030,2.80846270588
1031,2.80846270588
1032,2.80846270588
1033,2.80846270588
1034,2.80846270588
1035,2.80846270588
1036,2.80846270588
1037,2.80846270588
1038,2.80846270588
1039,2.80846270588
1040,2.80846270588
1041,2.80846270588
1042,2.80846270588
1043,2.80846270588
1044,2.80846270588
1045,2.80846270588
1046,2.80846270588
1047,2.81420983231
1048,2.81612554113
1049,2.81612554113
1050,2.81612554113
1051,2.81612554113
1052,2.81612554113
1053,2.81612554113
1054,2.81804124994
1055,2.81804124994
1056,2.81804124994
1057,2.81804124994
1058,2.81804124994
1059,2.81804124994
1060,2.81804124994
1061,2.81804124994
1062,2.82378837637
1063,2.82666193959
1064,2.82666193959
1065,2.82666193959
1066,2.82666193959
1067,2.82666193959
1068,2.82666193959
1069,2.82666193959
1070,2.82857764841
1071,2.82857764841
1072,2.82857764841
1073,2.82857764841
1074,2.82857764841
1075,2.82857764841
1076,2.82857764841
1077,2.82857764841
1078,2.82857764841
1079,2.82857764841
1080,2.82857764841
1081,2.82857764841
1082,2.83317534955
1083,2.8377730507
1084,2.8377730507
1085,2.8377730507
1086,2.8377730507
1087,2.8377730507
1088,2.8377730507
1089,2.8377730507
1090,2.8377730507
1091,2.8377730507
1092,2.8377730507
1093,2.8377730507
1094,2.8377730507
1095,2.8377730507
1096,2.8377730507
1097,2.84064661392
1098,2.84352017714
1099,2.84352017714
1100,2.84352017714
1101,2.84352017714
1102,2.84352017714
1103,2.84352017714
1104,2.84352017714
1105,2.84352017714
1106,2.84352017714
1107,2.84352017714
1108,2.84352017714
1109,2.84352017714
1110,2.84352017714
1111,2.84352017714
1112,2.84352017714
1113,2.84352017714
1114,2.84352017714
1115,2.84352017714
1116,2.84352017714
1117,2.84352017714
1118,2.84352017714
1119,2.84352017714
1120,2.84352017714
1121,2.84352017714
1122,2.84352017714
1123,2.84352017714
1124,2.84352017714
1125,2.84352017714
1126,2.84352017714
1127,2.84352017714
1128,2.84352017714
1129,2.84352017714
1130,2.84352017714
1131,2.84352017714
1132,2.84352017714
1133,2.84639374036
1134,2.84926730358
1135,2.84926730358
1136,2.84926730358
1137,2.84926730358
1138,2.84926730358
1139,2.84926730358
1140,2.84926730358
1141,2.84926730358
1142,2.85156615415
1143,2.85386500473
1144,2.85386500473
1145,2.85386500473
1146,2.85386500473
1147,2.85386500473
1148,2.85386500473
1149,2.85386500473
1150,2.85386500473
1151,2.85817534955
1152,2.85961213116
1153,2.85961213116
1154,2.85961213116
1155,2.85961213116
1156,2.85961213116
1157,2.86248569438
1158,2.87254316565
1159,2.87254316565
1160,2.87254316565
1161,2.87254316565
1162,2.87254316565
1163,2.87254316565
1164,2.87254316565
1165,2.87254316565
1166,2.87254316565
1167,2.87254316565
1168,2.87254316565
1169,2.87254316565
1170,2.87254316565
1171,2.87254316565
1172,2.87254316565
1173,2.87254316565
1174,2.87254316565
1175,2.87254316565
1176,2.87254316565
1177,2.87254316565
1178,2.87254316565
1179,2.87254316565
1180,2.87254316565
1181,2.87254316565
1182,2.87254316565
1183,2.87254316565
1184,2.87254316565
1185,2.87254316565
1186,2.87254316565
1187,2.87254316565
1188,2.87254316565
1189,2.87254316565
1190,2.87254316565
1191,2.87254316565
1192,2.87254316565
1193,2.87254316565
1194,2.87254316565
1195,2.87254316565
1196,2.87254316565
1197,2.87254316565
1198,2.87254316565
1199,2.87254316565
1200,2.87254316565
1201,2.87254316565
1202,2.87397994726
1203,2.87829029208
1204,2.87829029208
1205,2.87829029208
1206,2.87829029208
1207,2.87829029208
1208,2.87829029208
1209,2.87829029208
1210,2.87829029208
1211,2.87829029208
1212,2.87829029208
1213,2.87829029208
1214,2.87829029208
1215,2.87829029208
1216,2.87829029208
1217,2.87829029208
1218,2.87829029208
1219,2.87829029208
1220,2.87829029208
1221,2.87829029208
1222,2.87829029208
1223,2.87829029208
1224,2.89657660347
1225,2.89762153555
1226,2.89762153555
1227,2.89762153555
1228,2.89762153555
1229,2.89762153555
1230,2.91486291486
1231,2.91486291486
1232,2.91486291486
1233,2.91486291486
1234,2.91486291486
1235,2.91486291486
1236,2.91486291486
1237,2.91486291486
1238,2.91486291486
1239,2.91486291486
1240,2.91486291486
1241,2.91486291486
1242,2.91486291486
1243,2.91486291486
1244,2.91486291486
1245,2.91486291486
1246,2.91486291486
1247,2.91486291486
1248,2.91486291486
1249,2.87691654337
1250,2.6968437623
1251,2.6968437623
1252,2.6968437623
1253,2.6968437623
1254,2.6968437623
1255,2.6968437623
1256,2.6968437623
1257,2.6968437623
1258,2.6968437623
1259,2.6968437623
1260,2.6968437623
1261,2.6968437623
1262,2.6968437623
1263,2.6968437623
1264,2.6968437623
1265,2.6968437623
1266,2.6968437623
1267,2.6968437623
1268,2.6968437623
1269,2.6968437623
1270,2.6968437623
1271,2.6968437623
1272,2.6968437623
1273,2.6968437623
1274,2.6968437623
1275,2.6968437623
1276,2.6968437623
1277,2.6968437623
1278,2.6968437623
1279,2.6968437623
1280,2.6968437623
1281,2.6968437623
1282,2.6968437623
1283,2.6968437623
1284,2.6968437623
1285,2.6968437623
1286,2.6968437623
1287,2.6968437623
1288,2.6968437623
1289,2.6968437623
1290,2.6968437623
1291,2.6968437623
1292,2.6968437623
1293,2.69849665486
1294,2.70014954742
1295,2.70014954742
1296,2.70014954742
1297,2.70014954742
1298,2.70014954742
1299,2.70014954742
1300,2.70014954742
1301,2.70014954742
1302,2.70014954742
1303,2.70014954742
1304,2.70014954742
1305,2.70014954742
1306,2.70014954742
1307,2.70014954742
1308,2.70014954742
1309,2.70014954742
1310,2.70014954742
1311,2.70014954742
1312,2.70014954742
1313,2.70014954742
1314,2.70014954742
1315,2.70014954742
1316,2.70014954742
1317,2.70014954742
1318,2.70014954742
1319,2.70014954742
1320,2.70014954742
1321,2.70014954742
1322,2.70014954742
1323,2.70014954742
1324,2.70014954742
1325,2.70014954742
1326,2.70924045651
1327,2.70924045651
1328,2.70924045651
1329,2.70924045651
1330,2.71443526171
1331,2.71703266431
1332,2.71703266431
1333,2.71703266431
1334,2.71703266431
1335,2.71703266431
1336,2.72157811885
1337,2.7261235734
1338,2.7261235734
1339,2.7261235734
1340,2.7261235734
1341,2.7261235734
1342,2.7261235734
1343,2.7261235734
1344,2.7261235734
1345,2.7261235734
1346,2.7261235734
1347,2.7261235734
1348,2.7261235734
1349,2.7261235734
1350,2.7261235734
1351,2.72915387643
1352,2.72915387643
1353,2.72915387643
1354,2.72915387643
1355,2.72915387643
1356,2.72915387643
1357,2.72915387643
1358,2.72915387643
1359,2.72915387643
1360,2.72915387643
1361,2.72915387643
1362,2.72915387643
1363,2.72915387643
1364,2.72915387643
1365,2.72915387643
1366,2.72915387643
1367,2.72915387643
1368,2.73319428047
1369,2.73319428047
1370,2.73319428047
1371,2.73319428047
1372,2.73319428047
1373,2.73319428047
1374,2.73319428047
1375,2.73319428047
1376,2.73319428047
1377,2.73319428047
1378,2.73319428047
1379,2.73319428047
1380,2.73319428047
1381,2.73319428047
1382,2.73319428047
1383,2.73319428047
1384,2.73319428047
1385,2.73319428047
1386,2.73319428047
1387,2.73319428047
1388,2.73319428047
1389,2.73319428047
1390,2.73319428047
1391,2.73319428047
1392,2.73319428047
1393,2.73319428047
1394,2.73319428047
1395,2.73319428047
1396,2.73319428047
1397,2.73319428047
1398,2.73319428047
1399,2.73319428047
1400,2.73319428047
1401,2.73319428047
1402,2.73319428047
1403,2.73319428047
1404,2.73319428047
1405,2.73319428047
1406,2.73319428047
1407,2.73319428047
1408,2.73319428047
1409,2.73319428047
1410,2.73319428047
1411,2.73319428047
1412,2.73319428047
1413,2.73319428047
1414,2.73319428047
1415,2.73319428047
1416,2.73319428047
1417,2.73319428047
1418,2.73319428047
1419,2.73319428047
1420,2.73319428047
1421,2.73319428047
1422,2.73319428047
1423,2.73319428047
1424,2.73319428047
1425,2.73319428047
1426,2.73319428047
1427,2.73319428047
1428,2.73319428047
1429,2.73319428047
1430,2.73319428047
1431,2.73319428047
1432,2.73319428047
1433,2.73319428047
1434,2.73319428047
1435,2.73319428047
1436,2.73319428047
1437,2.73319428047
1438,2.73319428047
1439,2.73319428047
1440,2.73319428047
1441,2.73319428047
1442,2.73319428047
1443,2.73319428047
1444,2.73319428047
1445,2.73319428047
1446,2.73319428047
1447,2.73521448249
1448,2.73723468451
1449,2.73723468451
1450,2.73723468451
1451,2.73723468451
1452,2.73723468451
1453,2.73723468451
1454,2.74329529057
1455,2.74329529057
1456,2.74329529057
1457,2.74329529057
1458,2.74329529057
1459,2.74329529057
1460,2.74329529057
1461,2.74329529057
1462,2.74329529057
1463,2.74329529057
1464,2.74329529057
1465,2.74329529057
1466,2.74329529057
1467,2.74329529057
1468,2.74329529057
1469,2.74329529057
1470,2.74329529057
1471,2.74329529057
1472,2.74329529057
1473,2.74329529057
1474,2.74329529057
1475,2.74329529057
1476,2.74329529057
1477,2.74329529057
1478,2.74329529057
1479,2.74329529057
1480,2.74329529057
1481,2.74329529057
1482,2.74329529057
1483,2.74329529057
1484,2.74329529057
1485,2.74329529057
1486,2.74329529057
1487,2.74329529057
1488,2.74329529057
1489,2.74329529057
1490,2.74329529057
1491,2.74329529057
1492,2.74329529057
1493,2.74329529057
1494,2.74329529057
1495,2.74329529057
1496,2.74329529057
1497,2.74329529057
1498,2.74329529057
1499,2.74329529057
1500,2.74329529057
1501,2.74329529057
1502,2.74329529057
1503,2.74329529057
1504,2.74329529057
1505,2.74329529057
1506,2.74329529057
1507,2.74329529057
1508,2.76147710875
1509,2.76147710875
1510,2.76147710875
1511,2.76147710875
1512,2.76147710875
1513,2.76147710875
1514,2.76147710875
1515,2.76147710875
1516,2.76147710875
1517,2.76147710875
1518,2.76147710875
1519,2.76147710875
1520,2.76147710875
1521,2.76147710875
1522,2.76147710875
1523,2.76147710875
1524,2.76147710875
1525,2.77056801784
1526,2.77511347239
1527,2.77511347239
1528,2.77511347239
1529,2.77511347239
1530,2.77511347239
1531,2.77511347239
1532,2.77511347239
1533,2.77511347239
1534,2.77814377542
1535,2.78117407845
1536,2.78117407845
1537,2.78117407845
1538,2.78117407845
1539,2.78117407845
1540,2.78117407845
1541,2.78117407845
1542,2.78117407845
1543,2.78117407845
1544,2.78117407845
1545,2.78117407845
1546,2.78117407845
1547,2.78117407845
1548,2.78117407845
1549,2.78117407845
1550,2.78117407845
1551,2.78117407845
1552,2.78117407845
1553,2.78117407845
1554,2.78117407845
1555,2.78117407845
1556,2.78117407845
1557,2.78117407845
1558,2.78117407845
1559,2.78117407845
1560,2.78117407845
1561,2.78117407845
1562,2.78117407845
1563,2.78117407845
1564,2.78117407845
1565,2.78117407845
1566,2.79026498754
1567,2.79481044208
1568,2.79481044208
1569,2.79481044208
1570,2.79481044208
1571,2.79481044208
1572,2.79481044208
1573,2.79481044208
1574,2.79481044208
1575,2.79481044208
1576,2.79481044208
1577,2.79481044208
1578,2.79481044208
1579,2.79481044208
1580,2.79481044208
1581,2.79481044208
1582,2.79481044208
1583,2.79481044208
1584,2.79481044208
1585,2.79481044208
1586,2.79481044208
1587,2.79481044208
1588,2.79481044208
1589,2.79481044208
1590,2.79481044208
1591,2.80390135117
1592,2.80390135117
1593,2.80390135117
1594,2.80390135117
1595,2.80390135117
1596,2.80390135117
1597,2.80390135117
1598,2.80844680572
1599,2.81753771481
1600,2.81753771481
1601,2.81753771481
1602,2.81753771481
1603,2.81753771481
1604,2.81753771481
1605,2.81753771481
1606,2.81753771481
1607,2.81753771481
1608,2.81753771481
1609,2.81753771481
1610,2.81753771481
1611,2.81753771481
1612,2.81753771481
1613,2.81753771481
1614,2.81753771481
1615,2.81753771481
1616,2.8266286239
1617,2.8266286239
1618,2.8266286239
1619,2.8266286239
1620,2.8266286239
1621,2.8266286239
1622,2.8266286239
1623,2.8266286239
1624,2.8266286239
1625,2.8266286239
1626,2.83390135117
1627,2.83390135117
1628,2.83390135117
1629,2.83390135117
1630,2.83390135117
1631,2.83390135117
1632,2.83390135117
1633,2.83390135117
1634,2.83390135117
1635,2.83390135117
1636,2.83390135117
1637,2.83390135117
1638,2.83390135117
1639,2.83390135117
1640,2.83390135117
1641,2.83390135117
1642,2.83390135117
1643,2.83390135117
1644,2.83390135117
1645,2.83390135117
1646,2.83390135117
1647,2.83390135117
1648,2.83390135117
1649,2.83390135117
1650,2.83390135117
1651,2.83390135117
1652,2.83390135117
1653,2.83390135117
1654,2.83390135117
1655,2.83390135117
1656,2.83390135117
1657,2.83996195723
1658,2.83996195723
1659,2.83996195723
1660,2.83996195723
1661,2.83996195723
1662,2.83996195723
1663,2.83996195723
1664,2.83996195723
1665,2.83996195723
1666,2.70111040721
1667,2.58880400645
1668,2.58880400645
1669,2.58880400645
1670,2.58880400645
1671,2.58880400645
1672,2.58880400645
1673,2.58880400645
1674,2.58880400645
1675,2.58880400645
1676,2.58880400645
1677,2.58880400645
1678,2.58880400645
1679,2.58880400645
1680,2.58880400645
1681,2.58880400645
1682,2.58880400645
1683,2.58880400645
1684,2.58880400645
1685,2.58880400645
1686,2.58880400645
1687,2.58880400645
1688,2.58880400645
1689,2.58880400645
1690,2.58880400645
1691,2.58880400645
1692,2.58880400645
1693,2.58880400645
1694,2.58880400645
1695,2.58880400645
1696,2.58880400645
1697,2.58880400645
1698,2.58880400645
1699,2.58880400645
1700,2.58880400645
1701,2.60056871233
1702,2.60056871233
1703,2.60056871233
1704,2.60056871233
1705,2.60056871233
1706,2.60056871233
1707,2.60056871233
1708,2.60056871233
1709,2.60056871233
1710,2.60056871233
1711,2.60056871233
1712,2.60056871233
1713,2.60056871233
1714,2.60056871233
1715,2.60056871233
1716,2.60056871233
1717,2.60056871233
1718,2.60056871233
1719,2.60056871233
1720,2.60056871233
1721,2.60056871233
1722,2.60056871233
1723,2.60056871233
1724,2.60056871233
1725,2.60056871233
1726,2.60056871233
1727,2.60056871233
1728,2.60056871233
1729,2.60056871233
1730,2.60056871233
1731,2.60056871233
1732,2.60056871233
1733,2.60056871233
1734,2.60056871233
1735,2.60056871233
1736,2.60056871233
1737,2.60645106527
1738,2.61233341822
1739,2.61233341822
1740,2.61233341822
1741,2.61233341822
1742,2.61233341822
1743,2.61233341822
1744,2.61233341822
1745,2.61233341822
1746,2.61233341822
1747,2.61233341822
1748,2.61233341822
1749,2.61233341822
1750,2.61233341822
1751,2.61233341822
1752,2.61233341822
1753,2.61233341822
1754,2.61233341822
1755,2.61233341822
1756,2.61233341822
1757,2.61233341822
1758,2.61233341822
1759,2.61233341822
1760,2.61233341822
1761,2.61233341822
1762,2.61233341822
1763,2.61233341822
1764,2.61233341822
1765,2.61233341822
1766,2.61233341822
1767,2.61233341822
1768,2.61233341822
1769,2.61233341822
1770,2.61233341822
1771,2.61233341822
1772,2.61233341822
1773,2.61233341822
1774,2.61233341822
1775,2.61233341822
1776,2.61233341822
1777,2.61233341822
1778,2.61233341822
1779,2.61233341822
1780,2.61233341822
1781,2.61233341822
1782,2.61233341822
1783,2.61233341822
1784,2.61233341822
1785,2.61233341822
1786,2.61233341822
1787,2.61233341822
1788,2.61500721501
1789,2.6176810118
1790,2.6176810118
1791,2.6176810118
1792,2.6176810118
1793,2.6176810118
1794,2.6176810118
1795,2.6176810118
1796,2.6176810118
1797,2.6176810118
1798,2.6176810118
1799,2.6176810118
1800,2.6176810118
1801,2.6176810118
1802,2.6176810118
1803,2.6176810118
1804,2.6176810118
1805,2.6176810118
1806,2.6176810118
1807,2.6176810118
1808,2.6176810118
1809,2.6176810118
1810,2.6176810118
1811,2.6176810118
1812,2.6176810118
1813,2.6176810118
1814,2.6176810118
1815,2.6176810118
1816,2.6176810118
1817,2.6176810118
1818,2.62421695951
1819,2.62421695951
1820,2.62421695951
1821,2.62421695951
1822,2.62421695951
1823,2.62421695951
1824,2.62421695951
1825,2.62421695951
1826,2.62421695951
1827,2.62421695951
1828,2.62421695951
1829,2.62421695951
1830,2.62421695951
1831,2.62421695951
1832,2.62421695951
1833,2.62421695951
1834,2.62421695951
1835,2.62421695951
1836,2.62421695951
1837,2.62421695951
1838,2.62421695951
1839,2.62421695951
1840,2.62421695951
1841,2.62421695951
1842,2.62421695951
1843,2.62421695951
1844,2.62421695951
1845,2.62421695951
1846,2.62421695951
1847,2.62421695951
1848,2.62421695951
1849,2.62421695951
1850,2.62421695951
1851,2.62421695951
1852,2.62421695951
1853,2.62421695951
1854,2.62421695951
1855,2.62421695951
1856,2.62421695951
1857,2.62421695951
1858,2.62421695951
1859,2.62421695951
1860,2.62421695951
1861,2.62421695951
1862,2.62421695951
1863,2.62421695951
1864,2.62421695951
1865,2.62421695951
1866,2.62421695951
1867,2.62421695951
1868,2.62421695951
1869,2.62421695951
1870,2.62421695951
1871,2.6268907563
1872,2.62956455309
1873,2.62956455309
1874,2.62956455309
1875,2.62956455309
1876,2.62956455309
1877,2.62956455309
1878,2.62956455309
1879,2.62956455309
1880,2.62956455309
1881,2.62956455309
1882,2.62956455309
1883,2.62956455309
1884,2.62956455309
1885,2.62956455309
1886,2.62956455309
1887,2.62956455309
1888,2.62956455309
1889,2.62956455309
1890,2.62956455309
1891,2.62956455309
1892,2.62956455309
1893,2.62956455309
1894,2.62956455309
1895,2.62956455309
1896,2.62956455309
1897,2.62956455309
1898,2.62956455309
1899,2.62956455309
1900,2.62956455309
1901,2.62956455309
1902,2.62956455309
1903,2.62956455309
1904,2.62956455309
1905,2.64132925898
1906,2.64132925898
1907,2.64132925898
1908,2.64132925898
1909,2.64132925898
1910,2.64132925898
1911,2.64132925898
1912,2.64132925898
1913,2.64132925898
1914,2.64132925898
1915,2.64132925898
1916,2.64132925898
1917,2.64132925898
1918,2.64132925898
1919,2.64132925898
1920,2.64132925898
1921,2.64132925898
1922,2.64132925898
1923,2.64132925898
1924,2.64132925898
1925,2.64132925898
1926,2.64132925898
1927,2.64132925898
1928,2.64132925898
1929,2.64132925898
1930,2.64132925898
1931,2.64132925898
1932,2.64132925898
1933,2.64132925898
1934,2.64132925898
1935,2.64132925898
1936,2.64132925898
1937,2.64132925898
1938,2.64132925898
1939,2.64132925898
1940,2.64132925898
1941,2.64132925898
1942,2.64132925898
1943,2.64132925898
1944,2.64132925898
1945,2.64132925898
1946,2.64132925898
1947,2.64132925898
1948,2.64132925898
1949,2.64132925898
1950,2.64132925898
1951,2.64132925898
1952,2.64132925898
1953,2.64132925898
1954,2.64132925898
1955,2.64132925898
1956,2.64132925898
1957,2.64132925898
1958,2.64132925898
1959,2.64132925898
1960,2.64132925898
1961,2.64132925898
1962,2.64132925898
1963,2.64132925898
1964,2.64132925898
1965,2.64132925898
1966,2.64132925898
1967,2.64132925898
1968,2.64132925898
1969,2.64132925898
1970,2.64132925898
1971,2.64132925898
1972,2.64132925898
1973,2.64132925898
1974,2.64132925898
1975,2.64132925898
1976,2.64132925898
1977,2.64132925898
1978,2.64132925898
1979,2.64132925898
1980,2.64132925898
1981,2.64132925898
1982,2.64132925898
1983,2.64132925898
1984,2.64132925898
1985,2.64132925898
1986,2.64132925898
1987,2.64132925898
1988,2.64132925898
1989,2.64132925898
1990,2.64132925898
1991,2.64132925898
1992,2.64132925898
1993,2.64132925898
1994,2.64132925898
1995,2.64132925898
1996,2.64132925898
1997,2.64132925898
1998,2.64132925898
1999,2.64132925898
2000,2.64132925898
2001,2.64132925898
2002,2.64132925898
2003,2.64132925898
2004,2.64132925898
2005,2.64132925898
2006,2.64132925898
2007,2.64132925898
2008,2.64132925898
2009,2.64132925898
2010,2.64132925898
2011,2.64132925898
2012,2.64132925898
2013,2.64132925898
2014,2.64132925898
2015,2.64132925898
2016,2.64132925898
2017,2.64132925898
2018,2.64132925898
2019,2.64132925898
2020,2.64132925898
2021,2.64132925898
2022,2.64132925898
2023,2.64132925898
2024,2.64132925898
2025,2.64132925898
2026,2.64132925898
2027,2.64132925898
2028,2.64132925898
2029,2.64132925898
2030,2.64132925898
2031,2.64132925898
2032,2.64132925898
2033,2.64132925898
2034,2.64132925898
2035,2.64132925898
2036,2.64132925898
2037,2.64132925898
2038,2.64132925898
2039,2.64132925898
2040,2.64132925898
2041,2.64132925898
2042,2.64132925898
2043,2.64132925898
2044,2.64132925898
2045,2.64132925898
2046,2.64132925898
2047,2.64132925898
2048,2.64132925898
2049,2.64132925898
2050,2.64132925898
2051,2.64132925898
2052,2.64132925898
2053,2.64132925898
2054,2.64132925898
2055,2.64132925898
2056,2.64132925898
2057,2.64132925898
2058,2.64132925898
2059,2.64132925898
2060,2.64132925898
2061,2.64132925898
2062,2.64132925898
2063,2.64132925898
2064,2.64132925898
2065,2.64132925898
2066,2.64132925898
2067,2.64132925898
2068,2.64132925898
2069,2.64132925898
2070,2.64132925898
2071,2.64132925898
2072,2.64132925898
2073,2.64132925898
2074,2.64132925898
2075,2.64132925898
2076,2.64132925898
2077,2.64132925898
2078,2.64132925898
2079,2.64132925898
2080,2.64132925898
2081,2.64132925898
2082,2.64132925898
2083,2.64132925898
2084,2.64132925898
2085,2.64132925898
2086,2.64132925898
2087,2.64132925898
2088,2.64132925898
2089,2.64132925898
2090,2.64132925898
2091,2.64132925898
2092,2.64132925898
2093,2.64132925898
2094,2.64132925898
2095,2.64132925898
2096,2.64132925898
2097,2.64132925898
2098,2.64132925898
2099,2.64132925898
2100,2.64132925898
2101,2.64132925898
2102,2.64132925898
2103,2.64132925898
2104,2.64132925898
2105,2.64132925898
2106,2.64132925898
2107,2.64132925898
2108,2.64132925898
2109,2.64132925898
2110,2.64132925898
2111,2.64132925898
2112,2.64132925898
2113,2.64132925898
2114,2.64132925898
2115,2.64132925898
2116,2.64132925898
2117,2.64132925898
2118,2.64132925898
2119,2.64132925898
2120,2.64132925898
2121,2.64132925898
2122,2.64132925898
2123,2.64132925898
2124,2.64132925898
2125,2.64132925898
2126,2.64132925898
2127,2.64132925898
2128,2.64132925898
2129,2.64132925898
2130,2.64132925898
2131,2.64132925898
2132,2.64132925898
2133,2.64132925898
2134,2.64132925898
2135,2.64132925898
2136,2.64132925898
2137,2.64132925898
2138,2.64132925898
2139,2.64132925898
2140,2.64132925898
2141,2.64132925898
2142,2.64132925898
2143,2.64132925898
2144,2.64132925898
2145,2.64132925898
2146,2.64132925898
2147,2.64132925898
2148,2.64132925898
2149,2.64132925898
2150,2.64132925898
2151,2.64132925898
2152,2.64132925898
2153,2.64132925898
2154,2.64132925898
2155,2.64132925898
2156,2.64132925898
2157,2.64132925898
2158,2.64132925898
2159,2.64132925898
2160,2.64132925898
2161,2.64132925898
2162,2.64132925898
2163,2.64132925898
2164,2.64132925898
2165,2.64132925898
2166,2.64132925898
2167,2.64132925898
2168,2.64132925898
2169,2.64132925898
2170,2.64132925898
2171,2.64132925898
2172,2.64132925898
2173,2.64132925898
2174,2.64132925898
2175,2.64132925898
2176,2.65309396486
2177,2.65309396486
2178,2.65309396486
2179,2.65309396486
2180,2.65309396486
2181,2.65309396486
2182,2.65309396486
2183,2.65309396486
2184,2.65309396486
2185,2.65309396486
2186,2.65309396486
2187,2.65309396486
2188,2.65309396486
2189,2.65309396486
2190,2.65309396486
2191,2.65309396486
2192,2.65309396486
2193,2.65309396486
2194,2.65309396486
2195,2.66485867074
2196,2.66485867074
2197,2.66485867074
2198,2.66485867074
2199,2.66485867074
2200,2.66485867074
2201,2.66485867074
2202,2.66485867074
2203,2.66485867074
2204,2.66485867074
2205,2.66485867074
2206,2.66485867074
2207,2.66485867074
2208,2.66485867074
2209,2.66485867074
2210,2.66485867074
2211,2.66485867074
2212,2.66485867074
2213,2.66485867074
2214,2.66485867074
2215,2.66485867074
2216,2.66485867074
2217,2.66485867074
2218,2.66485867074
2219,2.66485867074
2220,2.66485867074
2221,2.66485867074
2222,2.66485867074
2223,2.66485867074
2224,2.66485867074
2225,2.66485867074
2226,2.66485867074
2227,2.66485867074
2228,2.66485867074
2229,2.66485867074
2230,2.66485867074
2231,2.66485867074
2232,2.66906035141
2233,2.66906035141
2234,2.66906035141
2235,2.66906035141
2236,2.66906035141
2237,2.66906035141
2238,2.66906035141
2239,2.66906035141
2240,2.66906035141
2241,2.66906035141
2242,2.66906035141
2243,2.66906035141
2244,2.66906035141
2245,2.66906035141
2246,2.66906035141
2247,2.66906035141
2248,2.66906035141
2249,2.66906035141
2250,2.66906035141
2251,2.66906035141
2252,2.66906035141
2253,2.66906035141
2254,2.66906035141
2255,2.66906035141
2256,2.66906035141
2257,2.66906035141
2258,2.66906035141
2259,2.66906035141
2260,2.66906035141
2261,2.66906035141
2262,2.66906035141
2263,2.66906035141
2264,2.66906035141
2265,2.66906035141
2266,2.66906035141
2267,2.66906035141
2268,2.66906035141
2269,2.66906035141
2270,2.66906035141
2271,2.66906035141
2272,2.66906035141
2273,2.66906035141
2274,2.66906035141
2275,2.66906035141
2276,2.66906035141
2277,2.66906035141
2278,2.66906035141
2279,2.66906035141
2280,2.66906035141
2281,2.66906035141
2282,2.66906035141
2283,2.66906035141
2284,2.66906035141
2285,2.66906035141
2286,2.66906035141
2287,2.66906035141
2288,2.66906035141
2289,2.66906035141
2290,2.66906035141
2291,2.66906035141
2292,2.66906035141
2293,2.66906035141
2294,2.66906035141
2295,2.66906035141
2296,2.66906035141
2297,2.66906035141
2298,2.66906035141
2299,2.66906035141
2300,2.66906035141
2301,2.66906035141
2302,2.66906035141
2303,2.66906035141
2304,2.66906035141
2305,2.66906035141
2306,2.66906035141
2307,2.66906035141
2308,2.66906035141
2309,2.66906035141
2310,2.66906035141
2311,2.66906035141
2312,2.66906035141
2313,2.66906035141
2314,2.66906035141
2315,2.66906035141
2316,2.66906035141
2317,2.66906035141
2318,2.66906035141
2319,2.66906035141
2320,2.66906035141
2321,2.66906035141
2322,2.66906035141
2323,2.66906035141
2324,2.66906035141
2325,2.66906035141
2326,2.66906035141
2327,2.66906035141
2328,2.66906035141
2329,2.66906035141
2330,2.66906035141
2331,2.66906035141
2332,2.66906035141
2333,2.66906035141
2334,2.66906035141
2335,2.66906035141
2336,2.66906035141
2337,2.66906035141
2338,2.66906035141
2339,2.66906035141
2340,2.66906035141
2341,2.66906035141
2342,2.66906035141
2343,2.66906035141
2344,2.66906035141
2345,2.66906035141
2346,2.66906035141
2347,2.66906035141
2348,2.66906035141
2349,2.66906035141
2350,2.66906035141
2351,2.66906035141
2352,2.66906035141
2353,2.66906035141
2354,2.66906035141
2355,2.66906035141
2356,2.66906035141
2357,2.66906035141
2358,2.66906035141
2359,2.66906035141
2360,2.66906035141
2361,2.66906035141
2362,2.66906035141
2363,2.66906035141
2364,2.66906035141
2365,2.66906035141
2366,2.66906035141
2367,2.66906035141
2368,2.66906035141
2369,2.66906035141
2370,2.66906035141
2371,2.66906035141
2372,2.66906035141
2373,2.66906035141
2374,2.66906035141
2375,2.66906035141
2376,2.66906035141
2377,2.66906035141
2378,2.66906035141
2379,2.69847211612
2380,2.69847211612
2381,2.69847211612
2382,2.69847211612
2383,2.70827603769
2384,2.70827603769
2385,2.71807995926
2386,2.71807995926
2387,2.71807995926
2388,2.71807995926
2389,2.71807995926
2390,2.71807995926
2391,2.71807995926
2392,2.71807995926
2393,2.71807995926
2394,2.71807995926
2395,2.71807995926
2396,2.72134793311
2397,2.72461590697
2398,2.72461590697
2399,2.72461590697
2400,2.72461590697
2401,2.72461590697
2402,2.72461590697
2403,2.72461590697
2404,2.72461590697
2405,2.72461590697
2406,2.72461590697
2407,2.72461590697
2408,2.72461590697
2409,2.72461590697
2410,2.72461590697
2411,2.72461590697
2412,2.72461590697
2413,2.72461590697
2414,2.72461590697
2415,2.72461590697
2416,2.72461590697
2417,2.72461590697
2418,2.72461590697
2419,2.72461590697
2420,2.72461590697
2421,2.72461590697
2422,2.72461590697
2423,2.72461590697
2424,2.72461590697
2425,2.72461590697
2426,2.72461590697
2427,2.72461590697
2428,2.72461590697
2429,2.72461590697
2430,2.72461590697
2431,2.72461590697
2432,2.72461590697
2433,2.72461590697
2434,2.72461590697
2435,2.72461590697
2436,2.72461590697
2437,2.72461590697
2438,2.72461590697
2439,2.72461590697
2440,2.72461590697
2441,2.72461590697
2442,2.72461590697
2443,2.72461590697
2444,2.72461590697
2445,2.72461590697
2446,2.72461590697
2447,2.72461590697
2448,2.72461590697
2449,2.72461590697
2450,2.72881758764
2451,2.72881758764
2452,2.72881758764
2453,2.72881758764
2454,2.72881758764
2455,2.72881758764
2456,2.72881758764
2457,2.72881758764
2458,2.72881758764
2459,2.72881758764
2460,2.72881758764
2461,2.72881758764
2462,2.72881758764
2463,2.72881758764
2464,2.72881758764
2465,2.72881758764
2466,2.72881758764
2467,2.72881758764
2468,2.72881758764
2469,2.72881758764
2470,2.72881758764
2471,2.72881758764
2472,2.72881758764
2473,2.72881758764
2474,2.72881758764
2475,2.72881758764
2476,2.7320855615
2477,2.73535353535
2478,2.73535353535
2479,2.73535353535
2480,2.73535353535
2481,2.73535353535
2482,2.73535353535
2483,2.73535353535
2484,2.73535353535
2485,2.73535353535
2486,2.73535353535
2487,2.73535353535
2488,2.73535353535
2489,2.73535353535
2490,2.73535353535
2491,2.73535353535
2492,2.73535353535
2493,2.73535353535
2494,2.73535353535
2495,2.73535353535
2496,2.73535353535
2497,2.73535353535
2498,2.76476530006
2499,2.78670707071
2500,2.83333333333
2501,2.83333333333
2502,2.83333333333
2503,2.83333333333
2504,2.83333333333
2505,2.83333333333
2506,2.83333333333
2507,2.83333333333
2508,2.83333333333
2509,2.83333333333
2510,2.83333333333
2511,2.83333333333
2512,2.83333333333
2513,2.83333333333
2514,2.83333333333
2515,2.83333333333
2516,2.83333333333
2517,2.83333333333
2518,2.83333333333
2519,2.83333333333
2520,2.83333333333
2521,2.83333333333
2522,2.83333333333
2523,2.83333333333
2524,2.83333333333
2525,2.83333333333
2526,2.83333333333
2527,2.83333333333
2528,2.83333333333
2529,2.83333333333
2530,2.83333333333
2531,2.83333333333
2532,2.83333333333
2533,2.83333333333
2534,2.83333333333
2535,2.83333333333
2536,2.83333333333
2537,2.83333333333
2538,2.83333333333
2539,2.83333333333
2540,2.83333333333
2541,2.83333333333
2542,2.83333333333
2543,2.83333333333
2544,2.83333333333
2545,2.83333333333
2546,2.83333333333
2547,2.83333333333
2548,2.83333333333
2549,2.83333333333
2550,2.83333333333
2551,2.83333333333
2552,2.83333333333
2553,2.83333333333
2554,2.83333333333
2555,2.83333333333
2556,2.83333333333
2557,2.83333333333
2558,2.83333333333
2559,2.83333333333
2560,2.83333333333
2561,2.83333333333
2562,2.83333333333
2563,2.83333333333
2564,2.83333333333
2565,2.83333333333
2566,2.83333333333
2567,2.83333333333
2568,2.83333333333
2569,2.83333333333
2570,2.83333333333
2571,2.83333333333
2572,2.83333333333
2573,2.83333333333
2574,2.83333333333
2575,2.83333333333
2576,2.83333333333
2577,2.83333333333
2578,2.83333333333
2579,2.83333333333
2580,2.83333333333
2581,2.83333333333
2582,2.83333333333
2583,2.83333333333
2584,2.83333333333
2585,2.83333333333
2586,2.83333333333
2587,2.83333333333
2588,2.83333333333
2589,2.83333333333
2590,2.83333333333
2591,2.83333333333
2592,2.84375
2593,2.84375
2594,2.84375
2595,2.84375
2596,2.84375
2597,2.84375
2598,2.84375
2599,2.84375
2600,2.84375
2601,2.84375
2602,2.84375
2603,2.84375
2604,2.84375
2605,2.84375
2606,2.84375
2607,2.84375
2608,2.84375
2609,2.85625
2610,2.85625
2611,2.85625
2612,2.85625
2613,2.85625
2614,2.85625
2615,2.85625
2616,2.85625
2617,2.85625
2618,2.85625
2619,2.85625
2620,2.85625
2621,2.85625
2622,2.85625
2623,2.85625
2624,2.85625
2625,2.85625
2626,2.85625
2627,2.85625
2628,2.85625
2629,2.85625
2630,2.85625
2631,2.85625
2632,2.85625
2633,2.85625
2634,2.85625
2635,2.85625
2636,2.85625
2637,2.85625
2638,2.85625
2639,2.85625
2640,2.85625
2641,2.85625
2642,2.85625
2643,2.85625
2644,2.85625
2645,2.85625
2646,2.85625
2647,2.85625
2648,2.85625
2649,2.85625
2650,2.85625
2651,2.85625
2652,2.85625
2653,2.85625
2654,2.85625
2655,2.85625
2656,2.85625
2657,2.85625
2658,2.85625
2659,2.85625
2660,2.85625
2661,2.85625
2662,2.85625
2663,2.85625
2664,2.85625
2665,2.85625
2666,2.85625
2667,2.85625
2668,2.85625
2669,2.85625
2670,2.85625
2671,2.85625
2672,2.85625
2673,2.85625
2674,2.85625
2675,2.85625
2676,2.85625
2677,2.85625
2678,2.86666666667
2679,2.86666666667
2680,2.86666666667
2681,2.86666666667
2682,2.86666666667
2683,2.86666666667
2684,2.86666666667
2685,2.86666666667
2686,2.86666666667
2687,2.86666666667
2688,2.86666666667
2689,2.86666666667
2690,2.86666666667
2691,2.86666666667
2692,2.86666666667
2693,2.86666666667
2694,2.86666666667
2695,2.86666666667
2696,2.86666666667
2697,2.86666666667
2698,2.86666666667
2699,2.86666666667
2700,2.86666666667
2701,2.86666666667
2702,2.86666666667
2703,2.86666666667
2704,2.86666666667
2705,2.86666666667
2706,2.86666666667
2707,2.86666666667
2708,2.86666666667
2709,2.86666666667
2710,2.86666666667
2711,2.86666666667
2712,2.86666666667
2713,2.86666666667
2714,2.86666666667
2715,2.86666666667
2716,2.86666666667
2717,2.86666666667
2718,2.86666666667
2719,2.86666666667
2720,2.86666666667
2721,2.86666666667
2722,2.86666666667
2723,2.86666666667
2724,2.86666666667
2725,2.86666666667
2726,2.86666666667
2727,2.86666666667
2728,2.86666666667
2729,2.86666666667
2730,2.86666666667
2731,2.86666666667
2732,2.86666666667
2733,2.86666666667
2734,2.86666666667
2735,2.86666666667
2736,2.86666666667
2737,2.86666666667
2738,2.86666666667
2739,2.86666666667
2740,2.86666666667
2741,2.86666666667
2742,2.86666666667
2743,2.86666666667
2744,2.86666666667
2745,2.86666666667
2746,2.86666666667
2747,2.86666666667
2748,2.86666666667
2749,2.86666666667
2750,2.86666666667
2751,2.86666666667
2752,2.86666666667
2753,2.86666666667
2754,2.86666666667
2755,2.86666666667
2756,2.86666666667
2757,2.86666666667
2758,2.86666666667
2759,2.86666666667
2760,2.86666666667
2761,2.86666666667
2762,2.86666666667
2763,2.86666666667
2764,2.86666666667
2765,2.86666666667
2766,2.86666666667
2767,2.86666666667
2768,2.86666666667
2769,2.86666666667
2770,2.86666666667
2771,2.86666666667
2772,2.86666666667
2773,2.86666666667
2774,2.86666666667
2775,2.86666666667
2776,2.86666666667
2777,2.86666666667
2778,2.86666666667
2779,2.86666666667
2780,2.86666666667
2781,2.86666666667
2782,2.86666666667
2783,2.86666666667
2784,2.86666666667
2785,2.86666666667
2786,2.86666666667
2787,2.86666666667
2788,2.86666666667
2789,2.86666666667
2790,2.89791666667
2791,2.89791666667
2792,2.89791666667
2793,2.89791666667
2794,2.89791666667
2795,2.89791666667
2796,2.89791666667
2797,2.89791666667
2798,2.89791666667
2799,2.89791666667
2800,2.89791666667
2801,2.89791666667
2802,2.89791666667
2803,2.89791666667
2804,2.89791666667
2805,2.89791666667
2806,2.89791666667
2807,2.89791666667
2808,2.89791666667
2809,2.89791666667
2810,2.89791666667
2811,2.89791666667
2812,2.89791666667
2813,2.89791666667
2814,2.89791666667
2815,2.89791666667
2816,2.89791666667
2817,2.89791666667
2818,2.89791666667
2819,2.89791666667
2820,2.89791666667
2821,2.89791666667
2822,2.89791666667
2823,2.89791666667
2824,2.89791666667
2825,2.89791666667
2826,2.89791666667
2827,2.96041666667
2828,2.96041666667
2829,2.96041666667
2830,2.96041666667
2831,2.96041666667
2832,2.96041666667
2833,2.96041666667
2834,2.96041666667
2835,2.96041666667
2836,2.96041666667
2837,2.96041666667
2838,2.96041666667
2839,2.96041666667
2840,2.96041666667
2841,2.96041666667
2842,2.96041666667
2843,2.96041666667
2844,2.96041666667
2845,2.96041666667
2846,2.96041666667
2847,2.96041666667
2848,2.96041666667
2849,2.96041666667
2850,2.96041666667
2851,2.96041666667
2852,2.96041666667
2853,2.96041666667
2854,2.96041666667
2855,2.96041666667
2856,2.96041666667
2857,2.96041666667
2858,2.96041666667
2859,2.96041666667
2860,2.96041666667
2861,2.96041666667
2862,2.96041666667
2863,2.96041666667
2864,2.96041666667
2865,2.96041666667
2866,2.96041666667
2867,2.96041666667
2868,2.96041666667
2869,2.96041666667
2870,2.96041666667
2871,2.96041666667
2872,2.96041666667
2873,2.96041666667
2874,2.96041666667
2875,2.96041666667
2876,2.96041666667
2877,2.96041666667
2878,2.96041666667
2879,2.96041666667
2880,2.96041666667
2881,2.96041666667
2882,2.96041666667
2883,2.96041666667
2884,2.96041666667
2885,2.96041666667
2886,2.96041666667
2887,2.96041666667
2888,2.96041666667
2889,2.96041666667
2890,2.96041666667
2891,2.96041666667
2892,2.96041666667
2893,2.96041666667
2894,2.96041666667
2895,2.97083333333
2896,2.98125
2897,2.98125
2898,2.98125
2899,2.98125
2900,2.98125
2901,2.98125
2902,2.98125
2903,2.98125
2904,2.98125
2905,2.99375
2906,2.99375
2907,2.99375
2908,2.99375
2909,2.99375
2910,2.99375
2911,2.99375
2912,2.99375
2913,2.99375
2914,2.99375
2915,2.99375
2916,2.99375
2917,2.99375
2918,2.99375
2919,2.99375
2920,2.99375
2921,2.99375
2922,2.99375
2923,2.99375
2924,2.99375
2925,2.99375
2926,2.99375
2927,2.99375
2928,2.99375
2929,2.99375
2930,2.99375
2931,2.99375
2932,2.99375
2933,2.99375
2934,2.99375
2935,2.99375
2936,2.99375
2937,2.99375
2938,2.99375
2939,2.99375
2940,2.99375
2941,2.99375
2942,2.99375
2943,2.99375
2944,2.99375
2945,2.99375
2946,2.99375
2947,2.99375
2948,2.99375
2949,2.99375
2950,2.99375
2951,2.99375
2952,2.99375
2953,2.99375
2954,2.99375
2955,2.99375
2956,2.99375
2957,2.99375
2958,2.99375
2959,2.99375
2960,2.99375
2961,2.99375
2962,2.99375
2963,2.99375
2964,2.99375
2965,2.99375
2966,2.99375
2967,2.99375
2968,2.99375
2969,2.99375
2970,2.99375
2971,2.99375
2972,2.99375
2973,2.99375
2974,2.99375
2975,2.99375
2976,2.99375
2977,2.99375
2978,2.99375
2979,2.99375
2980,2.99375
2981,2.99375
2982,2.99375
2983,2.99375
2984,2.99375
2985,2.99375
2986,2.99375
2987,2.99375
2988,2.99375
2989,2.99375
2990,2.99375
2991,2.99375
2992,2.99375
2993,2.99375
2994,2.99375
2995,2.99375
2996,2.99375
2997,2.99375
2998,2.99375
2999,2.99375
3000,2.99375
3001,2.99375
3002,2.99375
3003,2.99375
3004,2.99375
3005,2.99375
3006,2.99375
3007,2.99375
3008,2.99375
3009,2.99375
3010,2.99375
3011,2.99375
3012,2.99375
3013,2.99375
3014,2.99375
3015,2.99375
3016,2.99375
3017,2.99375
3018,2.99375
3019,2.99375
3020,2.99375
3021,2.99375
3022,2.99375
3023,2.99375
3024,2.99375
3025,2.99375
3026,2.99375
3027,2.99375
3028,2.99375
3029,2.99375
3030,2.99375
3031,2.99375
3032,2.99375
3033,2.99375
3034,2.99375
3035,2.99375
3036,2.99375
3037,2.99375
3038,2.99375
3039,2.99375
3040,2.99375
3041,2.99375
3042,2.99375
3043,2.99375
3044,2.99375
3045,2.99375
3046,2.99375
3047,2.99375
3048,2.99375
3049,2.99375
3050,2.99375
3051,2.99375
3052,2.99375
3053,2.99375
3054,2.99375
3055,2.99375
3056,2.99375
3057,2.99375
3058,2.99375
3059,2.99375
3060,2.99375
3061,2.99375
3062,2.99375
3063,2.99375
3064,2.99375
3065,2.99375
3066,2.99375
3067,2.99375
3068,2.99375
3069,2.99375
3070,2.99375
3071,2.99375
3072,2.99375
3073,2.99375
3074,2.99375
3075,2.99375
3076,2.99375
3077,2.99375
3078,2.99375
3079,2.99375
3080,2.99375
3081,2.99375
3082,2.99375
3083,2.99375
3084,2.99375
3085,2.99375
3086,2.99375
3087,2.99375
3088,2.99375
3089,2.99375
3090,2.99375
3091,2.99375
3092,2.99375
3093,2.99375
3094,2.99375
3095,2.99375
3096,2.99375
3097,2.99375
3098,2.99375
3099,2.99375
3100,2.99375
3101,2.99375
3102,2.99375
3103,2.99375
3104,2.99375
3105,2.99375
3106,2.99375
3107,2.99375
3108,2.99375
3109,2.99375
3110,2.99375
3111,2.99375
3112,2.99375
3113,2.99375
3114,2.99375
3115,2.99375
3116,2.99375
3117,2.99375
3118,2.99375
3119,2.99375
3120,2.99375
3121,2.99375
3122,2.99375
3123,2.99375
3124,2.99375
3125,2.99375
3126,2.99375
3127,2.99375
3128,2.99375
3129,2.99375
3130,2.99375
3131,2.99375
3132,2.99375
3133,2.99375
3134,2.99375
3135,2.99375
3136,2.99375
3137,2.99375
3138,2.99375
3139,2.99375
3140,2.99375
3141,2.99375
3142,2.99375
3143,2.99375
3144,2.99375
3145,2.99375
3146,2.99375
3147,2.99375
3148,2.99375
3149,2.99375
3150,2.99375
3151,2.99375
3152,2.99375
3153,2.99375
3154,2.99375
3155,2.99375
3156,2.99375
3157,2.99375
3158,2.99375
3159,2.99375
3160,2.99375
3161,2.99375
3162,2.99375
3163,2.99375
3164,2.99375
3165,2.99375
3166,2.99375
3167,2.99375
3168,2.99375
3169,2.99375
3170,2.99375
3171,2.99375
3172,2.99375
3173,2.99375
3174,2.99375
3175,2.99375
3176,2.99375
3177,2.99375
3178,2.99375
3179,2.99375
3180,2.99375
3181,2.99375
3182,2.99375
3183,2.99375
3184,2.99375
3185,2.99375
3186,2.99375
3187,2.99375
3188,2.99375
3189,2.99375
3190,2.99375
3191,2.99375
3192,2.99375
3193,2.99375
3194,2.99375
3195,2.99375
3196,2.99375
3197,2.99375
3198,2.99375
3199,2.99375
3200,2.99375
3201,2.99375
3202,2.99375
3203,2.99375
3204,2.99375
3205,2.99375
3206,2.99375
3207,2.99375
3208,2.99375
3209,2.99375
3210,2.99375
3211,2.99375
3212,2.99375
3213,2.99375
3214,2.99375
3215,2.99375
3216,2.99375
3217,2.99375
3218,2.99375
3219,2.99375
3220,2.99375
3221,2.99375
3222,2.99375
3223,2.99375
3224,2.99375
3225,2.99375
3226,2.99375
3227,2.99375
3228,2.99375
3229,2.99375
3230,2.99375
3231,2.99375
3232,2.99375
3233,2.99375
3234,2.99375
3235,2.99375
3236,2.99375
3237,2.99375
3238,2.99375
3239,2.99375
3240,2.99375
3241,2.99375
3242,2.99375
3243,2.99375
3244,2.99375
3245,2.99375
3246,2.99375
3247,2.99375
3248,2.99375
3249,2.99375
3250,2.99375
3251,2.99375
3252,2.99375
3253,2.99375
3254,2.99375
3255,2.99375
3256,2.99375
3257,2.99375
3258,2.99375
3259,2.99375
3260,2.99375
3261,2.99375
3262,2.99375
3263,2.99375
3264,2.99375
3265,2.99375
3266,2.99375
3267,2.99375
3268,2.99375
3269,2.99375
3270,2.99375
3271,2.99375
3272,2.99375
3273,2.99375
3274,2.99375
3275,2.99375
3276,2.99375
3277,2.99375
3278,2.99375
3279,2.99375
3280,2.99375
3281,2.99375
3282,2.99375
3283,2.99375
3284,2.99375
3285,2.99375
3286,2.99375
3287,2.99375
3288,2.99375
3289,2.99375
3290,2.99375
3291,2.99375
3292,2.99375
3293,2.99375
3294,2.99375
3295,2.99375
3296,2.99375
3297,2.99375
3298,2.99375
3299,2.99375
3300,2.99375
3301,2.99375
3302,2.99375
3303,2.99375
3304,2.99375
3305,2.99375
3306,2.99375
3307,2.99375
3308,2.99375
3309,2.99375
3310,2.99375
3311,2.99375
3312,2.99375
3313,2.99375
3314,2.99375
3315,2.99375
3316,2.99375
3317,2.99375
3318,2.99375
3319,2.99375
3320,2.99375
3321,2.99375
3322,2.99375
3323,2.99375
3324,2.99375
3325,2.99375
3326,2.99375
3327,2.99375
3328,3.01458333333
3329,3.01458333333
3330,3.01458333333
3331,3.01458333333
3332,3.01458333333
3333,3.01458333333
3334,3.01458333333
3335,3.01458333333
3336,3.01458333333
3337,3.01458333333
3338,3.01458333333
3339,3.01458333333
3340,3.01458333333
3341,3.01458333333
3342,3.01458333333
3343,3.01458333333
3344,3.01458333333
3345,3.01458333333
3346,3.01458333333
3347,3.01458333333
3348,3.01458333333
3349,3.01458333333
3350,3.01458333333
3351,3.01458333333
3352,3.01458333333
3353,3.01458333333
3354,3.01458333333
3355,3.01458333333
3356,3.01458333333
3357,3.01458333333
3358,3.01458333333
3359,3.01458333333
3360,3.01458333333
3361,3.01458333333
3362,3.01458333333
3363,3.01458333333
3364,3.01458333333
3365,3.01458333333
3366,3.01458333333
3367,3.01458333333
3368,3.01458333333
3369,3.01458333333
3370,3.01458333333
3371,3.01458333333
3372,3.01458333333
3373,3.01458333333
3374,3.01458333333
3375,3.01458333333
3376,3.01458333333
3377,3.01458333333
3378,3.01458333333
3379,3.01458333333
3380,3.01458333333
3381,3.01458333333
3382,3.01458333333
3383,3.01458333333
3384,3.01458333333
3385,3.01458333333
3386,3.01458333333
3387,3.01458333333
3388,3.01458333333
3389,3.01458333333
3390,3.01458333333
3391,3.01458333333
3392,3.01458333333
3393,3.01458333333
3394,3.01458333333
3395,3.01458333333
3396,3.01458333333
3397,3.01458333333
3398,3.01458333333
3399,3.01458333333
3400,3.01458333333
3401,3.01458333333
3402,3.01458333333
3403,3.01458333333
3404,3.01458333333
3405,3.01458333333
3406,3.01458333333
3407,3.01458333333
3408,3.01458333333
3409,3.01458333333
3410,3.01458333333
3411,3.01458333333
3412,3.01458333333
3413,3.01458333333
3414,3.01458333333
3415,3.01458333333
3416,3.01458333333
3417,3.01458333333
3418,3.01458333333
3419,3.01458333333
3420,3.01458333333
3421,3.01458333333
3422,3.01458333333
3423,3.01458333333
3424,3.01458333333
3425,3.01458333333
3426,3.01458333333
3427,3.01458333333
3428,3.01458333333
3429,3.01458333333
3430,3.01458333333
3431,3.01458333333
3432,3.01458333333
3433,3.01458333333
3434,3.01458333333
3435,3.01458333333
3436,3.01458333333
3437,3.01458333333
3438,3.01458333333
3439,3.01458333333
3440,3.01458333333
3441,3.01458333333
3442,3.01458333333
3443,3.01458333333
3444,3.01458333333
3445,3.01458333333
3446,3.01458333333
3447,3.01458333333
3448,3.01458333333
3449,3.01458333333
3450,3.01458333333
3451,3.01458333333
3452,3.01458333333
3453,3.01458333333
3454,3.01458333333
3455,3.01458333333
3456,3.01458333333
3457,3.01458333333
3458,3.01458333333
3459,3.01458333333
3460,3.01458333333
3461,3.01458333333
3462,3.01458333333
3463,3.01458333333
3464,3.01458333333
3465,3.01458333333
3466,3.01458333333
3467,3.01458333333
3468,3.01458333333
3469,3.01458333333
3470,3.01458333333
3471,3.01458333333
3472,3.01458333333
3473,3.01458333333
3474,3.01458333333
3475,3.01458333333
3476,3.01458333333
3477,3.01458333333
3478,3.01458333333
3479,3.01458333333
3480,3.01458333333
3481,3.01458333333
3482,3.01458333333
3483,3.01458333333
3484,3.01458333333
3485,3.01458333333
3486,3.01458333333
3487,3.01458333333
3488,3.01458333333
3489,3.01458333333
3490,3.01458333333
3491,3.01458333333
3492,3.01458333333
3493,3.01458333333
3494,3.01458333333
3495,3.01458333333
3496,3.01458333333
3497,3.01458333333
3498,3.01458333333
3499,3.01458333333
3500,3.01458333333
3501,3.01458333333
3502,3.01458333333
3503,3.01458333333
3504,3.01458333333
3505,3.01458333333
3506,3.01458333333
3507,3.01458333333
3508,3.01458333333
3509,3.01458333333
3510,3.01458333333
3511,3.01458333333
3512,3.01458333333
3513,3.01458333333
3514,3.01458333333
3515,3.01458333333
3516,3.01458333333
3517,3.01458333333
3518,3.01458333333
3519,3.01458333333
3520,3.01458333333
3521,3.01458333333
3522,3.01458333333
3523,3.01458333333
3524,3.01458333333
3525,3.01458333333
3526,3.01458333333
3527,3.01458333333
3528,3.01458333333
3529,3.01458333333
3530,3.01458333333
3531,3.01458333333
3532,3.01458333333
3533,3.01458333333
3534,3.01458333333
3535,3.01458333333
3536,3.01458333333
3537,3.01458333333
3538,3.01458333333
3539,3.01458333333
3540,3.01458333333
3541,3.01458333333
3542,3.01458333333
3543,3.01458333333
3544,3.01458333333
3545,3.01458333333
3546,3.01458333333
3547,3.01458333333
3548,3.01458333333
3549,3.01458333333
3550,3.01458333333
3551,3.01458333333
3552,3.01458333333
3553,3.01458333333
3554,3.01458333333
3555,3.01458333333
3556,3.01458333333
3557,3.01458333333
3558,3.01458333333
3559,3.01458333333
3560,3.01458333333
3561,3.01458333333
3562,3.01458333333
3563,3.01458333333
3564,3.01458333333
3565,3.01458333333
3566,3.01458333333
3567,3.01458333333
3568,3.01458333333
3569,3.01458333333
3570,3.01458333333
3571,3.01458333333
3572,3.01458333333
3573,3.01458333333
3574,3.01458333333
3575,3.01458333333
3576,3.01458333333
3577,3.01458333333
3578,3.01458333333
3579,3.01458333333
3580,3.01458333333
3581,3.01458333333
3582,3.01458333333
3583,3.01458333333
3584,3.01458333333
3585,3.01458333333
3586,3.01458333333
3587,3.01458333333
3588,3.01458333333
3589,3.01458333333
3590,3.01458333333
3591,3.01458333333
3592,3.01458333333
3593,3.01458333333
3594,3.01458333333
3595,3.01458333333
3596,3.01458333333
3597,3.01458333333
3598,3.01458333333
3599,3.01458333333
3600,3.01458333333
3601,3.01458333333
3602,3.01458333333
3603,3.01458333333
3604,3.01458333333
3605,3.01458333333
3606,3.01458333333
3607,3.01458333333
3608,3.01458333333
3609,3.01458333333
3610,3.01458333333
3611,3.01458333333
3612,3.01458333333
3613,3.01458333333
3614,3.01458333333
3615,3.01458333333
3616,3.01458333333
3617,3.01458333333
3618,3.01458333333
3619,3.01458333333
3620,3.01458333333
3621,3.01458333333
3622,3.01458333333
3623,3.01458333333
3624,3.01458333333
3625,3.01458333333
3626,3.01458333333
3627,3.01458333333
3628,3.01458333333
3629,3.01458333333
3630,3.01458333333
3631,3.01458333333
3632,3.01458333333
3633,3.01458333333
3634,3.01458333333
3635,3.01458333333
3636,3.01458333333
3637,3.01458333333
3638,3.01458333333
3639,3.01458333333
3640,3.01458333333
3641,3.01458333333
3642,3.01458333333
3643,3.01458333333
3644,3.01458333333
3645,3.01458333333
3646,3.01458333333
3647,3.01458333333
3648,3.01458333333
3649,3.01458333333
3650,3.01458333333
3651,3.01458333333
3652,3.01458333333
3653,3.01458333333
3654,3.01458333333
3655,3.01458333333
3656,3.01458333333
3657,3.01458333333
3658,3.01458333333
3659,3.01458333333
3660,3.01458333333
3661,3.01458333333
3662,3.01458333333
3663,3.01458333333
3664,3.01458333333
3665,3.01458333333
3666,3.01458333333
3667,3.01458333333
3668,3.01458333333
3669,3.01458333333
3670,3.01458333333
3671,3.01458333333
3672,3.01458333333
3673,3.01458333333
3674,3.01458333333
3675,3.01458333333
3676,3.01458333333
3677,3.01458333333
3678,3.01458333333
3679,3.01458333333
3680,3.01458333333
3681,3.01458333333
3682,3.01458333333
3683,3.01458333333
3684,3.01458333333
3685,3.01458333333
3686,3.01458333333
3687,3.01458333333
3688,3.01458333333
3689,3.01458333333
3690,3.01458333333
3691,3.01458333333
3692,3.01458333333
3693,3.01458333333
3694,3.01458333333
3695,3.01458333333
3696,3.01458333333
3697,3.01458333333
3698,3.01458333333
3699,3.01458333333
3700,3.01458333333
3701,3.01458333333
3702,3.01458333333
3703,3.01458333333
3704,3.01458333333
3705,3.01458333333
3706,3.01458333333
3707,3.01458333333
3708,3.01458333333
3709,3.01458333333
3710,3.01458333333
3711,3.01458333333
3712,3.01458333333
3713,3.01458333333
3714,3.01458333333
3715,3.01458333333
3716,3.01458333333
3717,3.01458333333
3718,3.01458333333
3719,3.01458333333
3720,3.01458333333
3721,3.01458333333
3722,3.01458333333
3723,3.01458333333
3724,3.01458333333
3725,3.01458333333
3726,3.01458333333
3727,3.01458333333
3728,3.01458333333
3729,3.01458333333
3730,3.01458333333
3731,3.01458333333
3732,3.01458333333
3733,3.01458333333
3734,3.01458333333
3735,3.01458333333
3736,3.01458333333
3737,3.01458333333
3738,3.01458333333
3739,3.01458333333
3740,3.01458333333
3741,3.01458333333
3742,3.01458333333
3743,3.01458333333
3744,3.01458333333
3745,3.01458333333
3746,3.01458333333
3747,3.01458333333
3748,3.01458333333
3749,3.01458333333
3750,3.01458333333
3751,3.01458333333
3752,3.01458333333
3753,3.01458333333
3754,3.01458333333
3755,3.01458333333
3756,3.01458333333
3757,3.01458333333
3758,3.01458333333
3759,3.01458333333
3760,3.01458333333
3761,3.01458333333
3762,3.01458333333
3763,3.01458333333
3764,3.01458333333
3765,3.01458333333
3766,3.01458333333
3767,3.01458333333
3768,3.01458333333
3769,3.01458333333
3770,3.01458333333
3771,3.01458333333
3772,3.01458333333
3773,3.01458333333
3774,3.01458333333
3775,3.01458333333
3776,3.01458333333
3777,3.01458333333
3778,3.01458333333
3779,3.01458333333
3780,3.01458333333
3781,3.01458333333
3782,3.01458333333
3783,3.01458333333
3784,3.01458333333
3785,3.01458333333
3786,3.01458333333
3787,3.01458333333
3788,3.01458333333
3789,3.01458333333
3790,3.01458333333
3791,3.01458333333
3792,3.01458333333
3793,3.01458333333
3794,3.01458333333
3795,3.01458333333
3796,3.01458333333
3797,3.01458333333
3798,3.01458333333
3799,3.01458333333
3800,3.01458333333
3801,3.01458333333
3802,3.01458333333
3803,3.01458333333
3804,3.01458333333
3805,3.01458333333
3806,3.01458333333
3807,3.01458333333
3808,3.01458333333
3809,3.01458333333
3810,3.07708333333
3811,3.07708333333
3812,3.07708333333
3813,3.07708333333
3814,3.07708333333
3815,3.07708333333
3816,3.07708333333
3817,3.07708333333
3818,3.07708333333
3819,3.07708333333
3820,3.07708333333
3821,3.07708333333
3822,3.07708333333
3823,3.07708333333
3824,3.07708333333
3825,3.07708333333
3826,3.07708333333
3827,3.07708333333
3828,3.07708333333
3829,3.07708333333
3830,3.07708333333
3831,3.07708333333
3832,3.07708333333
3833,3.07708333333
3834,3.07708333333
3835,3.07708333333
3836,3.07708333333
3837,3.07708333333
3838,3.07708333333
3839,3.07708333333
3840,3.07708333333
3841,3.07708333333
3842,3.07708333333
3843,3.07708333333
3844,3.07708333333
3845,3.07708333333
3846,3.07708333333
3847,3.07708333333
3848,3.07708333333
3849,3.07708333333
3850,3.07708333333
3851,3.07708333333
3852,3.07708333333
3853,3.07708333333
3854,3.07708333333
3855,3.07708333333
3856,3.07708333333
3857,3.07708333333
3858,3.07708333333
3859,3.07708333333
3860,3.07708333333
3861,3.07708333333
3862,3.07708333333
3863,3.07708333333
3864,3.07708333333
3865,3.07708333333
3866,3.07708333333
3867,3.07708333333
3868,3.07708333333
3869,3.07708333333
3870,3.07708333333
3871,3.07708333333
3872,3.07708333333
3873,3.07708333333
3874,3.07708333333
3875,3.07708333333
3876,3.07708333333
3877,3.07708333333
3878,3.07708333333
3879,3.07708333333
3880,3.07708333333
3881,3.07708333333
3882,3.07708333333
3883,3.07708333333
3884,3.07708333333
3885,3.07708333333
3886,3.07708333333
3887,3.07708333333
3888,3.07708333333
3889,3.07708333333
3890,3.07708333333
3891,3.07708333333
3892,3.07708333333
3893,3.07708333333
3894,3.07708333333
3895,3.07708333333
3896,3.07708333333
3897,3.07708333333
3898,3.07708333333
3899,3.07708333333
3900,3.07708333333
3901,3.07708333333
3902,3.07708333333
3903,3.07708333333
3904,3.07708333333
3905,3.07708333333
3906,3.07708333333
3907,3.07708333333
3908,3.07708333333
3909,3.07708333333
3910,3.07708333333
3911,3.07708333333
3912,3.07708333333
3913,3.07708333333
3914,3.07708333333
3915,3.07708333333
3916,3.07708333333
3917,3.07708333333
3918,3.07708333333
3919,3.07708333333
3920,3.07708333333
3921,3.07708333333
3922,3.07708333333
3923,3.07708333333
3924,3.07708333333
3925,3.07708333333
3926,3.07708333333
3927,3.07708333333
3928,3.07708333333
3929,3.07708333333
3930,3.07708333333
3931,3.07708333333
3932,3.07708333333
3933,3.07708333333
3934,3.07708333333
3935,3.07708333333
3936,3.07708333333
3937,3.07708333333
3938,3.07708333333
3939,3.07708333333
3940,3.07708333333
3941,3.07708333333
3942,3.07708333333
3943,3.07708333333
3944,3.07708333333
3945,3.07708333333
3946,3.07708333333
3947,3.07708333333
3948,3.07708333333
3949,3.07708333333
3950,3.07708333333
3951,3.07708333333
3952,3.07708333333
3953,3.07708333333
3954,3.07708333333
3955,3.07708333333
3956,3.07708333333
3957,3.07708333333
3958,3.07708333333
3959,3.07708333333
3960,3.07708333333
3961,3.07708333333
3962,3.07708333333
3963,3.07708333333
3964,3.07708333333
3965,3.07708333333
3966,3.07708333333
3967,3.07708333333
3968,3.07708333333
3969,3.07708333333
3970,3.07708333333
3971,3.07708333333
3972,3.07708333333
3973,3.07708333333
3974,3.07708333333
3975,3.07708333333
3976,3.07708333333
3977,3.07708333333
3978,3.07708333333
3979,3.07708333333
3980,3.07708333333
3981,3.07708333333
3982,3.07708333333
3983,3.07708333333
3984,3.07708333333
3985,3.07708333333
3986,3.07708333333
3987,3.07708333333
3988,3.07708333333
3989,3.07708333333
3990,3.07708333333
3991,3.07708333333
3992,3.07708333333
3993,3.07708333333
3994,3.07708333333
3995,3.07708333333
3996,3.07708333333
3997,3.07708333333
3998,3.07708333333
3999,3.07708333333
4000,3.07708333333
4001,3.07708333333
4002,3.07708333333
4003,3.07708333333
4004,3.07708333333
4005,3.07708333333
4006,3.07708333333
4007,3.07708333333
4008,3.07708333333
4009,3.07708333333
4010,3.07708333333
4011,3.07708333333
4012,3.07708333333
4013,3.07708333333
4014,3.07708333333
4015,3.07708333333
4016,3.07708333333
4017,3.07708333333
4018,3.07708333333
4019,3.07708333333
4020,3.07708333333
4021,3.07708333333
4022,3.07708333333
4023,3.07708333333
4024,3.07708333333
4025,3.07708333333
4026,3.07708333333
4027,3.07708333333
4028,3.07708333333
4029,3.07708333333
4030,3.07708333333
4031,3.07708333333
4032,3.07708333333
4033,3.07708333333
4034,3.07708333333
4035,3.07708333333
4036,3.07708333333
4037,3.07708333333
4038,3.07708333333
4039,3.07708333333
4040,3.07708333333
4041,3.07708333333
4042,3.07708333333
4043,3.07708333333
4044,3.07708333333
4045,3.07708333333
4046,3.07708333333
4047,3.07708333333
4048,3.07708333333
4049,3.07708333333
4050,3.07708333333
4051,3.07708333333
4052,3.07708333333
4053,3.07708333333
4054,3.07708333333
4055,3.07708333333
4056,3.07708333333
4057,3.07708333333
4058,3.07708333333
4059,3.07708333333
4060,3.07708333333
4061,3.07708333333
4062,3.07708333333
4063,3.07708333333
4064,3.07708333333
4065,3.07708333333
4066,3.07708333333
4067,3.07708333333
4068,3.07708333333
4069,3.07708333333
4070,3.07708333333
4071,3.07708333333
4072,3.07708333333
4073,3.07708333333
4074,3.07708333333
4075,3.07708333333
4076,3.07708333333
4077,3.07708333333
4078,3.07708333333
4079,3.07708333333
4080,3.07708333333
4081,3.07708333333
4082,3.07708333333
4083,3.07708333333
4084,3.07708333333
4085,3.07708333333
4086,3.07708333333
4087,3.07708333333
4088,3.07708333333
4089,3.07708333333
4090,3.07708333333
4091,3.07708333333
4092,3.07708333333
4093,3.07708333333
4094,3.07708333333
4095,3.07708333333
4096,3.07708333333
4097,3.07708333333
4098,3.07708333333
4099,3.07708333333
4100,3.07708333333
4101,3.07708333333
4102,3.07708333333
4103,3.07708333333
4104,3.07708333333
4105,3.07708333333
4106,3.07708333333
4107,3.07708333333
4108,3.07708333333
4109,3.07708333333
4110,3.07708333333
4111,3.07708333333
4112,3.07708333333
4113,3.07708333333
4114,3.07708333333
4115,3.07708333333
4116,3.07708333333
4117,3.07708333333
4118,3.07708333333
4119,3.07708333333
4120,3.07708333333
4121,3.07708333333
4122,3.07708333333
4123,3.07708333333
4124,3.07708333333
4125,3.07708333333
4126,3.07708333333
4127,3.07708333333
4128,3.07708333333
4129,3.07708333333
4130,3.07708333333
4131,3.07708333333
4132,3.07708333333
4133,3.07708333333
4134,3.07708333333
4135,3.07708333333
4136,3.07708333333
4137,3.07708333333
4138,3.07708333333
4139,3.07708333333
4140,3.07708333333
4141,3.07708333333
4142,3.07708333333
4143,3.07708333333
4144,3.07708333333
4145,3.07708333333
4146,3.07708333333
4147,3.07708333333
4148,3.07708333333
4149,3.07708333333
4150,3.07708333333
4151,3.07708333333
4152,3.07708333333
4153,3.07708333333
4154,3.07708333333
4155,3.07708333333
4156,3.07708333333
4157,3.07708333333
4158,3.07708333333
4159,3.07708333333
4160,3.07708333333
4161,3.07708333333
4162,3.07708333333
4163,3.07708333333
4164,3.07708333333
4165,3.07708333333
4166,3.07708333333
4167,3.07708333333
4168,3.07708333333
4169,3.07708333333
4170,3.07708333333
4171,3.07708333333
4172,3.07708333333
4173,3.07708333333
4174,3.07708333333
4175,3.07708333333
4176,3.07708333333
4177,3.07708333333
4178,3.07708333333
4179,3.07708333333
4180,3.07708333333
4181,3.07708333333
4182,3.07708333333
4183,3.07708333333
4184,3.07708333333
4185,3.07708333333
4186,3.07708333333
4187,3.07708333333
4188,3.07708333333
4189,3.07708333333
4190,3.07708333333
4191,3.07708333333
4192,3.07708333333
4193,3.07708333333
4194,3.07708333333
4195,3.07708333333
4196,3.07708333333
4197,3.07708333333
4198,3.07708333333
4199,3.07708333333
4200,3.07708333333
4201,3.07708333333
4202,3.07708333333
4203,3.07708333333
4204,3.07708333333
4205,3.0875
4206,3.0875
4207,3.0875
4208,3.0875
4209,3.0875
4210,3.0875
4211,3.0875
4212,3.0875
4213,3.0875
4214,3.0875
4215,3.0875
4216,3.0875
4217,3.0875
4218,3.0875
4219,3.0875
4220,3.0875
4221,3.0875
4222,3.0875
4223,3.0875
4224,3.0875
4225,3.0875
4226,3.0875
4227,3.0875
4228,3.0875
4229,3.0875
4230,3.0875
4231,3.0875
4232,3.0875
4233,3.0875
4234,3.0875
4235,3.0875
4236,3.0875
4237,3.0875
4238,3.0875
4239,3.0875
4240,3.0875
4241,3.0875
4242,3.0875
4243,3.0875
4244,3.0875
4245,3.0875
4246,3.0875
4247,3.0875
4248,3.0875
4249,3.0875
4250,3.0875
4251,3.0875
4252,3.0875
4253,3.0875
4254,3.0875
4255,3.0875
4256,3.0875
4257,3.0875
4258,3.0875
4259,3.0875
4260,3.0875
4261,3.0875
4262,3.0875
4263,3.0875
4264,3.0875
4265,3.0875
4266,3.0875
4267,3.0875
4268,3.0875
4269,3.0875
4270,3.11875
4271,3.11875
4272,3.11875
4273,3.11875
4274,3.11875
4275,3.11875
4276,3.11875
4277,3.11875
4278,3.11875
4279,3.11875
4280,3.11875
4281,3.11875
4282,3.11875
4283,3.11875
4284,3.11875
4285,3.11875
4286,3.11875
4287,3.11875
4288,3.11875
4289,3.11875
4290,3.11875
4291,3.11875
4292,3.11875
4293,3.11875
4294,3.11875
4295,3.11875
4296,3.11875
4297,3.11875
4298,3.11875
4299,3.11875
4300,3.11875
4301,3.11875
4302,3.11875
4303,3.11875
4304,3.11875
4305,3.11875
4306,3.11875
4307,3.11875
4308,3.11875
4309,3.11875
4310,3.11875
4311,3.11875
4312,3.11875
4313,3.11875
4314,3.11875
4315,3.11875
4316,3.11875
4317,3.11875
4318,3.11875
4319,3.11875
4320,3.11875
4321,3.11875
4322,3.11875
4323,3.11875
4324,3.11875
4325,3.11875
4326,3.11875
4327,3.11875
4328,3.11875
4329,3.11875
4330,3.11875
4331,3.11875
4332,3.11875
4333,3.11875
4334,3.11875
4335,3.11875
4336,3.11875
4337,3.11875
4338,3.11875
4339,3.11875
4340,3.11875
4341,3.11875
4342,3.11875
4343,3.11875
4344,3.11875
4345,3.11875
4346,3.11875
4347,3.11875
4348,3.11875
4349,3.11875
4350,3.11875
4351,3.11875
4352,3.11875
4353,3.11875
4354,3.11875
4355,3.11875
4356,3.11875
4357,3.11875
4358,3.11875
4359,3.11875
4360,3.11875
4361,3.11875
4362,3.11875
4363,3.11875
4364,3.11875
4365,3.11875
4366,3.11875
4367,3.11875
4368,3.11875
4369,3.11875
4370,3.11875
4371,3.11875
4372,3.11875
4373,3.11875
4374,3.11875
4375,3.11875
4376,3.11875
4377,3.11875
4378,3.11875
4379,3.11875
4380,3.12916666667
4381,3.12916666667
4382,3.12916666667
4383,3.12916666667
4384,3.12916666667
4385,3.12916666667
4386,3.12916666667
4387,3.12916666667
4388,3.12916666667
4389,3.12916666667
4390,3.12916666667
4391,3.12916666667
4392,3.12916666667
4393,3.12916666667
4394,3.12916666667
4395,3.12916666667
4396,3.12916666667
4397,3.12916666667
4398,3.12916666667
4399,3.12916666667
4400,3.12916666667
4401,3.12916666667
4402,3.12916666667
4403,3.12916666667
4404,3.12916666667
4405,3.12916666667
4406,3.12916666667
4407,3.12916666667
4408,3.12916666667
4409,3.12916666667
4410,3.12916666667
4411,3.12916666667
4412,3.12916666667
4413,3.12916666667
4414,3.12916666667
4415,3.12916666667
4416,3.12916666667
4417,3.12916666667
4418,3.12916666667
4419,3.12916666667
4420,3.12916666667
4421,3.12916666667
4422,3.12916666667
4423,3.12916666667
4424,3.12916666667
4425,3.12916666667
4426,3.12916666667
4427,3.12916666667
4428,3.12916666667
4429,3.12916666667
4430,3.12916666667
4431,3.12916666667
4432,3.12916666667
4433,3.12916666667
4434,3.12916666667
4435,3.12916666667
4436,3.12916666667
4437,3.12916666667
4438,3.12916666667
4439,3.12916666667
4440,3.12916666667
4441,3.12916666667
4442,3.12916666667
4443,3.12916666667
4444,3.12916666667
4445,3.12916666667
4446,3.12916666667
4447,3.12916666667
4448,3.12916666667
4449,3.12916666667
4450,3.12916666667
4451,3.12916666667
4452,3.12916666667
4453,3.12916666667
4454,3.12916666667
4455,3.12916666667
4456,3.12916666667
4457,3.12916666667
4458,3.12916666667
4459,3.12916666667
4460,3.12916666667
4461,3.12916666667
4462,3.12916666667
4463,3.12916666667
4464,3.12916666667
4465,3.12916666667
4466,3.12916666667
4467,3.12916666667
4468,3.12916666667
4469,3.12916666667
4470,3.12916666667
4471,3.12916666667
4472,3.12916666667
4473,3.12916666667
4474,3.12916666667
4475,3.12916666667
4476,3.12916666667
4477,3.12916666667
4478,3.12916666667
4479,3.12916666667
4480,3.12916666667
4481,3.12916666667
4482,3.12916666667
4483,3.12916666667
4484,3.12916666667
4485,3.12916666667
4486,3.12916666667
4487,3.12916666667
4488,3.12916666667
4489,3.12916666667
4490,3.12916666667
4491,3.12916666667
4492,3.12916666667
4493,3.12916666667
4494,3.12916666667
4495,3.12916666667
4496,3.12916666667
4497,3.12916666667
4498,3.12916666667
4499,3.12916666667
4500,3.12916666667
4501,3.12916666667
4502,3.12916666667
4503,3.12916666667
4504,3.12916666667
4505,3.12916666667
4506,3.12916666667
4507,3.12916666667
4508,3.12916666667
4509,3.12916666667
4510,3.12916666667
4511,3.12916666667
4512,3.12916666667
4513,3.12916666667
4514,3.12916666667
4515,3.12916666667
4516,3.12916666667
4517,3.12916666667
4518,3.12916666667
4519,3.12916666667
4520,3.12916666667
4521,3.12916666667
4522,3.12916666667
4523,3.12916666667
4524,3.12916666667
4525,3.12916666667
4526,3.12916666667
4527,3.12916666667
4528,3.12916666667
4529,3.12916666667
4530,3.12916666667
4531,3.12916666667
4532,3.12916666667
4533,3.12916666667
4534,3.12916666667
4535,3.12916666667
4536,3.12916666667
4537,3.12916666667
4538,3.1380952381
4539,3.1380952381
4540,3.1380952381
4541,3.1380952381
4542,3.1380952381
4543,3.1380952381
4544,3.1380952381
4545,3.1380952381
4546,3.1380952381
4547,3.1380952381
4548,3.1380952381
4549,3.1380952381
4550,3.1380952381
4551,3.1380952381
4552,3.1380952381
4553,3.1380952381
4554,3.1380952381
4555,3.1380952381
4556,3.1380952381
4557,3.1380952381
4558,3.1380952381
4559,3.1380952381
4560,3.1380952381
4561,3.1380952381
4562,3.1380952381
4563,3.1380952381
4564,3.1380952381
4565,3.1380952381
4566,3.1380952381
4567,3.1380952381
4568,3.1380952381
4569,3.1380952381
4570,3.1380952381
4571,3.1380952381
4572,3.1380952381
4573,3.1380952381
4574,3.1380952381
4575,3.1380952381
4576,3.1380952381
4577,3.1380952381
4578,3.1380952381
4579,3.1380952381
4580,3.1380952381
4581,3.1380952381
4582,3.1380952381
4583,3.1380952381
4584,3.1380952381
4585,3.1380952381
4586,3.1380952381
4587,3.1380952381
4588,3.1380952381
4589,3.1380952381
4590,3.1380952381
4591,3.1380952381
4592,3.1380952381
4593,3.1380952381
4594,3.1380952381
4595,3.1380952381
4596,3.1380952381
4597,3.1380952381
4598,3.1380952381
4599,3.1380952381
4600,3.1380952381
4601,3.1380952381
4602,3.1380952381
4603,3.1380952381
4604,3.1380952381
4605,3.1380952381
4606,3.1380952381
4607,3.1380952381
4608,3.1380952381
4609,3.1380952381
4610,3.1380952381
4611,3.1380952381
4612,3.1380952381
4613,3.1380952381
4614,3.1380952381
4615,3.1380952381
4616,3.1380952381
4617,3.1380952381
4618,3.1380952381
4619,3.1380952381
4620,3.1380952381
4621,3.1380952381
4622,3.1380952381
4623,3.1380952381
4624,3.1380952381
4625,3.1380952381
4626,3.1380952381
4627,3.1380952381
4628,3.1380952381
4629,3.1380952381
4630,3.1380952381
4631,3.1380952381
4632,3.1380952381
4633,3.1380952381
4634,3.1380952381
4635,3.1380952381
4636,3.1380952381
4637,3.1380952381
4638,3.1380952381
4639,3.1380952381
4640,3.1380952381
4641,3.1380952381
4642,3.1380952381
4643,3.1380952381
4644,3.1380952381
4645,3.1380952381
4646,3.1380952381
4647,3.1380952381
4648,3.1380952381
4649,3.1380952381
4650,3.1380952381
4651,3.1380952381
4652,3.1380952381
4653,3.1380952381
4654,3.1380952381
4655,3.1380952381
4656,3.1380952381
4657,3.1380952381
4658,3.1380952381
4659,3.1380952381
4660,3.1380952381
4661,3.1380952381
4662,3.1380952381
4663,3.1380952381
4664,3.1380952381
4665,3.1380952381
4666,3.1380952381
4667,3.1380952381
4668,3.1380952381
4669,3.1380952381
4670,3.1380952381
4671,3.1380952381
4672,3.1380952381
4673,3.1380952381
4674,3.1380952381
4675,3.1380952381
4676,3.1380952381
4677,3.1380952381
4678,3.1380952381
4679,3.1380952381
4680,3.1380952381
4681,3.1380952381
4682,3.1380952381
4683,3.1380952381
4684,3.1380952381
4685,3.1380952381
4686,3.1380952381
4687,3.1380952381
4688,3.1380952381
4689,3.1380952381
4690,3.1380952381
4691,3.1380952381
4692,3.1380952381
4693,3.1380952381
4694,3.1380952381
4695,3.1380952381
4696,3.1380952381
4697,3.1380952381
4698,3.1380952381
4699,3.1380952381
4700,3.1380952381
4701,3.1380952381
4702,3.1380952381
4703,3.1380952381
4704,3.1380952381
4705,3.1380952381
4706,3.1380952381
4707,3.1380952381
4708,3.1380952381
4709,3.1380952381
4710,3.1380952381
4711,3.1380952381
4712,3.1380952381
4713,3.1380952381
4714,3.1380952381
4715,3.1380952381
4716,3.1380952381
4717,3.1380952381
4718,3.1380952381
4719,3.1380952381
4720,3.1380952381
4721,3.1380952381
4722,3.1380952381
4723,3.1380952381
4724,3.1380952381
4725,3.1380952381
4726,3.1380952381
4727,3.1380952381
4728,3.1380952381
4729,3.1380952381
4730,3.1380952381
4731,3.1380952381
4732,3.1380952381
4733,3.1380952381
4734,3.1380952381
4735,3.1380952381
4736,3.1380952381
4737,3.1380952381
4738,3.1380952381
4739,3.1380952381
4740,3.1380952381
4741,3.1380952381
4742,3.1380952381
4743,3.1380952381
4744,3.1380952381
4745,3.1380952381
4746,3.1380952381
4747,3.1380952381
4748,3.1380952381
4749,3.1380952381
4750,3.1380952381
4751,3.1380952381
4752,3.1380952381
4753,3.1380952381
4754,3.1380952381
4755,3.1380952381
4756,3.1380952381
4757,3.1380952381
4758,3.1380952381
4759,3.1380952381
4760,3.1380952381
4761,3.1380952381
4762,3.1380952381
4763,3.1380952381
4764,3.1380952381
4765,3.1380952381
4766,3.1380952381
4767,3.1380952381
4768,3.1380952381
4769,3.1380952381
4770,3.1380952381
4771,3.1380952381
4772,3.1380952381
4773,3.1380952381
4774,3.1380952381
4775,3.1380952381
4776,3.1380952381
4777,3.1380952381
4778,3.1380952381
4779,3.1380952381
4780,3.1380952381
4781,3.1380952381
4782,3.1380952381
4783,3.1380952381
4784,3.1380952381
4785,3.1380952381
4786,3.1380952381
4787,3.1380952381
4788,3.1380952381
4789,3.1380952381
4790,3.1380952381
4791,3.1380952381
4792,3.1380952381
4793,3.1380952381
4794,3.1380952381
4795,3.1380952381
4796,3.1380952381
4797,3.1380952381
4798,3.1380952381
4799,3.1380952381
4800,3.1380952381
4801,3.1380952381
4802,3.1380952381
4803,3.1380952381
4804,3.1380952381
4805,3.1380952381
4806,3.1380952381
4807,3.1380952381
4808,3.1380952381
4809,3.1380952381
4810,3.1380952381
4811,3.1380952381
4812,3.1380952381
4813,3.1380952381
4814,3.1380952381
4815,3.1380952381
4816,3.1380952381
4817,3.1380952381
4818,3.1380952381
4819,3.1380952381
4820,3.1380952381
4821,3.1380952381
4822,3.1380952381
4823,3.1380952381
4824,3.1380952381
4825,3.1380952381
4826,3.1380952381
4827,3.1380952381
4828,3.1380952381
4829,3.1380952381
4830,3.1380952381
4831,3.1380952381
4832,3.1380952381
4833,3.1380952381
4834,3.1380952381
4835,3.1380952381
4836,3.1380952381
4837,3.1380952381
4838,3.1380952381
4839,3.1380952381
4840,3.1380952381
4841,3.1380952381
4842,3.1380952381
4843,3.1380952381
4844,3.1380952381
4845,3.1380952381
4846,3.1380952381
4847,3.1380952381
4848,3.1380952381
4849,3.1380952381
4850,3.1380952381
4851,3.1380952381
4852,3.1380952381
4853,3.1380952381
4854,3.1380952381
4855,3.1380952381
4856,3.1380952381
4857,3.1380952381
4858,3.1380952381
4859,3.1380952381
4860,3.1380952381
4861,3.1380952381
4862,3.1380952381
4863,3.1380952381
4864,3.1380952381
4865,3.1380952381
4866,3.1380952381
4867,3.1380952381
4868,3.1380952381
4869,3.1380952381
4870,3.1380952381
4871,3.1380952381
4872,3.1380952381
4873,3.1380952381
4874,3.1380952381
4875,3.1380952381
4876,3.1380952381
4877,3.1380952381
4878,3.1380952381
4879,3.1380952381
4880,3.1380952381
4881,3.1380952381
4882,3.1380952381
4883,3.1380952381
4884,3.1380952381
4885,3.1380952381
4886,3.1380952381
4887,3.1380952381
4888,3.1380952381
4889,3.1380952381
4890,3.1380952381
4891,3.1380952381
4892,3.1380952381
4893,3.1380952381
4894,3.1380952381
4895,3.1380952381
4896,3.1380952381
4897,3.1380952381
4898,3.1380952381
4899,3.1380952381
4900,3.1380952381
4901,3.1380952381
4902,3.1380952381
4903,3.1380952381
4904,3.1380952381
4905,3.1380952381
4906,3.1380952381
4907,3.1380952381
4908,3.1380952381
4909,3.1380952381
4910,3.1380952381
4911,3.1380952381
4912,3.1380952381
4913,3.15892857143
4914,3.15892857143
4915,3.15892857143
4916,3.15892857143
4917,3.15892857143
4918,3.15892857143
4919,3.15892857143
4920,3.15892857143
4921,3.15892857143
4922,3.15892857143
4923,3.15892857143
4924,3.15892857143
4925,3.15892857143
4926,3.15892857143
4927,3.15892857143
4928,3.15892857143
4929,3.15892857143
4930,3.15892857143
4931,3.15892857143
4932,3.15892857143
4933,3.15892857143
4934,3.15892857143
4935,3.15892857143
4936,3.15892857143
4937,3.15892857143
4938,3.15892857143
4939,3.15892857143
4940,3.15892857143
4941,3.15892857143
4942,3.15892857143
4943,3.15892857143
4944,3.15892857143
4945,3.15892857143
4946,3.15892857143
4947,3.15892857143
4948,3.15892857143
4949,3.15892857143
4950,3.15892857143
4951,3.15892857143
4952,3.15892857143
4953,3.15892857143
4954,3.15892857143
4955,3.15892857143
4956,3.15892857143
4957,3.15892857143
4958,3.15892857143
4959,3.15892857143
4960,3.15892857143
4961,3.15892857143
4962,3.15892857143
4963,3.15892857143
4964,3.15892857143
4965,3.15892857143
4966,3.15892857143
4967,3.15892857143
4968,3.15892857143
4969,3.15892857143
4970,3.15892857143
4971,3.15892857143
4972,3.15892857143
4973,3.15892857143
4974,3.15892857143
4975,3.15892857143
4976,3.15892857143
4977,3.15892857143
4978,3.15892857143
4979,3.15892857143
4980,3.15892857143
4981,3.15892857143
4982,3.15892857143
4983,3.15892857143
4984,3.15892857143
4985,3.15892857143
4986,3.15892857143
4987,3.15892857143
4988,3.15892857143
4989,3.15892857143
4990,3.15892857143
4991,3.15892857143
4992,3.15892857143
4993,3.15892857143
4994,3.15892857143
4995,3.15892857143
4996,3.15892857143
4997,3.15892857143
4998,3.15892857143
