1,0.469518158878
2,0.566486656087
3,0.644791812815
4,0.712795211667
5,0.774107271164
6,0.828799582252
7,0.880342573257
8,0.930268103939
9,0.977471530745
10,1.02649938053
11,1.07476107388
12,1.11902424898
13,1.16245702102
14,1.20279382211
15,1.24087488291
16,1.28479106317
17,1.32438778623
18,1.36379719848
19,1.40416943646
20,1.44401196706
21,1.47675114407
22,1.51013177464
23,1.54201159061
24,1.56920661133
25,1.59232663484
26,1.61740343452
27,1.64945780454
28,1.68958436905
29,1.72174626247
30,1.7545129352
31,1.79142239935
32,1.82728602727
33,1.85856686636
34,1.887328541
35,1.91718671715
36,1.94339513605
37,1.97554642693
38,2.00964480689
39,2.03145647394
40,2.05624602442
41,2.0796479288
42,2.10451911294
43,2.13474059331
44,2.15679261073
45,2.17723531546
46,2.19702753583
47,2.22558845107
48,2.26074672118
49,2.29158527062
50,2.32292990852
51,2.34283293615
52,2.36822258565
53,2.3773079467
54,2.39722700607
55,2.40485540546
56,2.42417052988
57,2.44388815491
58,2.47238235005
59,2.49906256327
60,2.52046833498
61,2.55252129739
62,2.57828492889
63,2.58149215481
64,2.59145476338
65,2.6354863703
66,2.65512619729
67,2.68925303456
68,2.70146417523
69,2.71262361988
70,2.73015635429
71,2.74387335057
72,2.76357067276
73,2.78468657766
74,2.80323349023
75,2.83236413391
76,2.8591487957
77,2.86141264625
78,2.87324443049
79,2.90696807563
80,2.94231734643
81,2.96756457797
82,2.99569821258
83,3.02402318899
84,3.0390895973
85,3.04357171584
86,3.06198421607
87,3.07910846686
88,3.10105697332
89,3.12475912637
90,3.14378083233
91,3.17753071989
92,3.19930186552
93,3.22687929778
94,3.25597708083
95,3.27651134539
96,3.3000802817
97,3.31974950885
98,3.35638469338
99,3.37811616361
100,3.41247920047
101,3.43226092188
102,3.45491062482
103,3.47118144023
104,3.4650641507
105,3.47979868973
106,3.50757144046
107,3.53351739316
108,3.56405276427
109,3.59993319457
110,3.61501301198
111,3.63714482242
112,3.65049070416
113,3.68270751644
114,3.73071752262
115,3.75067224542
116,3.76141721724
117,3.77389633367
118,3.79090280838
119,3.7657953187
120,3.77922403916
121,3.78934309024
122,3.79890266563
123,3.82008656331
124,3.84194744229
125,3.86305939382
126,3.87817762247
127,3.89234935584
128,3.92397976701
129,3.94142821832
130,3.96134672867
131,3.94884293253
132,3.92542652689
133,3.94225995492
134,3.96279657691
135,3.92415292257
136,3.93142099406
137,3.94545836591
138,3.96027567367
139,3.96287019975
140,3.97407669749
141,3.98852942261
142,4.00495144945
143,4.0292657011
144,4.04391348618
145,4.05349255135
146,4.06925433005
147,4.05002388418
148,4.06939645056
149,4.0823202963
150,4.09587672872
151,4.10738040619
152,4.11951630175
153,4.13013099962
154,4.14756293382
155,4.16520726104
156,4.18127076164
157,4.18886636481
158,4.1983768375
159,4.21128977827
160,4.22723071382
161,4.2465893951
162,4.25920199529
163,4.27010039648
164,4.28169014505
165,4.29348708439
166,4.3120774733
167,4.33747652962
168,4.35125090879
169,4.36112424904
170,4.37004614925
171,4.3859425565
172,4.43366679879
173,4.46726387203
174,4.47416909584
175,4.4795532855
176,4.4875061914
177,4.49607093788
178,4.49174365109
179,4.4810485176
180,4.49383532033
181,4.50902643706
182,4.52501782213
183,4.53665890734
184,4.5497313016
185,4.51908767005
186,4.52258614605
187,4.5352957934
188,4.54846408536
189,4.5598499626
190,4.57136777434
191,4.58870784817
192,4.60027223155
193,4.61078678474
194,4.62016448427
195,4.62911987976
196,4.63936458376
197,4.65141408612
198,4.66890276175
199,4.68400149257
200,4.74300155097
201,4.75246400005
202,4.7655765427
203,4.77659359933
204,4.79274028839
205,4.80706899372
206,4.82412734723
207,4.83358479853
208,4.87358120623
209,4.897752752
210,4.90598736518
211,4.91411962507
212,4.92551830042
213,4.9378696155
214,4.94884858837
215,4.9558345502
216,4.97202470871
217,5.00250871318
218,5.02020032537
219,5.03177123207
220,5.0460549846
221,5.06088229528
222,5.07169499676
223,5.08526435704
224,5.09251975651
225,5.1021852235
226,5.1087705928
227,5.15908984689
228,5.17840551752
229,5.19315832921
230,5.20442768175
231,5.21688126981
232,5.22856247834
233,5.23757789933
234,5.24908271933
235,5.26251890432
236,5.27118600806
237,5.27910074318
238,5.35341544855
239,5.36505851756
240,5.37385609124
241,5.38285600887
242,5.39414929915
243,5.40188648687
244,5.41764957662
245,5.43225501379
246,5.45246291967
247,5.46740007976
248,5.48046463985
249,5.49124008612
250,5.54089766572
251,5.55226282278
252,5.57391524292
253,5.5855648277
254,5.59407760041
255,5.59969256505
256,5.60846061175
257,5.62386668657
258,5.63352672232
259,5.64241405835
260,5.64830257777
261,5.66190047439
262,5.66775103286
263,5.66637759963
264,5.67461649281
265,5.68316089141
266,5.69331200424
267,5.71146179125
268,5.72661266888
269,5.74177479197
270,5.76071952237
271,5.77165672024
272,5.77680217371
273,5.78281002171
274,5.78779111704
275,5.79486901325
276,5.8049070865
277,5.86231985528
278,6.01570946097
279,6.03227397103
280,6.04841537358
281,6.0648331668
282,6.07749198433
283,6.09077390363
284,6.10358883458
285,6.11754516488
286,6.12780646497
287,6.13806929484
288,6.14411205347
289,6.15035188055
290,6.1639776632
291,6.1747326472
292,6.18315697573
293,6.19527073017
294,6.17071406381
295,6.17654260929
296,6.18699292413
297,6.19408358851
298,6.19984892396
299,6.20813866564
300,6.21300874505
301,6.2197169964
302,6.22951612404
303,6.24779191316
304,6.25733286122
305,6.265766188
306,6.28076409914
307,6.29359972988
308,6.30779706033
309,6.3115552592
310,6.32512617858
311,6.33663559088
312,6.12955452374
313,5.9514743792
314,5.95730187075
315,5.9710050029
316,5.97721081449
317,5.98498469078
318,5.99454984557
319,6.00633047748
320,6.01519059028
321,6.02517253206
322,6.03871865731
323,6.05376814543
324,6.06509067065
325,6.08245566162
326,6.09418125163
327,6.10673951414
328,6.12014208349
329,6.12785589603
330,6.13824705951
331,6.14531525994
332,6.15836456864
333,6.16335508581
334,6.16809222217
335,6.17233252087
336,6.18572100054
337,6.20437097976
338,6.21627652404
339,6.23048276967
340,6.23690855242
341,6.24485011203
342,6.25309840391
343,6.25991159919
344,6.26998982952
345,6.27914562452
346,6.28944166471
347,6.29797645934
348,6.31010338089
349,6.3216762538
350,6.32928109679
351,6.3372235694
352,6.34841530491
353,6.35283828151
354,6.3578377226
355,6.36525656224
356,6.37467815248
357,6.23398867464
358,6.22969398247
359,6.2406298378
360,6.24847792841
361,6.25512693889
362,6.26492169375
363,6.27682884421
364,6.29177178515
365,6.30143463188
366,6.31025537568
367,6.31879743413
368,6.32688412713
369,6.33429312691
370,6.34001096492
371,6.34916451032
372,6.35462730396
373,6.36027088905
374,6.3673936035
375,6.37383739916
376,6.37790383082
377,6.38284982639
378,6.38853765307
379,6.3982768179
380,6.40881170925
381,6.4254801425
382,6.43184709562
383,6.44394878703
384,6.40172422089
385,6.34367910812
386,6.35164836109
387,6.35831213321
388,6.37634110851
389,6.39285198652
390,6.40225003292
391,6.41784282609
392,6.43134115401
393,6.44482114837
394,6.45854344531
395,6.46437912245
396,6.47263958129
397,6.48590567777
398,6.49511933838
399,6.50191946807
400,6.50542179907
401,6.51313425329
402,6.51598407014
403,6.52423914839
404,6.5286962191
405,6.53236352402
406,6.53371350737
407,6.5381985501
408,6.54630270674
409,6.55800016583
410,6.56203069086
411,6.57093137497
412,6.57825282837
413,6.58361180273
414,6.59209623496
415,6.60000740712
416,6.62221394725
417,6.65656726947
418,6.66011555632
419,6.66651694174
420,6.67572461449
421,6.68667948156
422,6.69265429796
423,6.69903645371
424,6.70264403746
425,6.70968752836
426,6.71831152359
427,6.72240132669
428,6.72742539408
429,6.73964490947
430,6.75255124676
431,6.75912323975
432,6.76386209295
433,6.76725887667
434,6.77746343951
435,6.78620389153
436,6.80224100324
437,6.81821612318
438,6.82809694132
439,6.84042635379
440,6.85261125072
441,6.85551529112
442,6.86263925921
443,6.87093387406
444,6.87933673221
445,6.88985571834
446,6.89888344602
447,6.91086153011
448,6.92152265947
449,6.92775194357
450,6.9394140662
451,6.95296439975
452,6.9634921642
453,6.9817893704
454,7.02411295901
455,7.05944451603
456,7.06897664475
457,7.07889977542
458,7.08961511198
459,7.10638344792
460,7.12842304201
461,7.13792833376
462,7.14968818008
463,7.15465473693
464,7.16417397381
465,7.17294485876
466,7.1768374459
467,7.18245750718
468,7.19650990017
469,7.20329766259
470,7.21398743808
471,7.21968100065
472,7.22726604865
473,7.23172367006
474,7.24156239876
475,7.25012965261
476,7.25476722329
477,7.25920956641
478,7.26895261861
479,7.2764152779
480,7.28504238813
481,7.2944978523
482,7.3006653396
483,7.30962466371
484,7.3184847445
485,7.3227929974
486,7.33021749114
487,7.33816110239
488,7.34647014503
489,7.3535828409
490,7.35707152552
491,7.36105475403
492,7.36864888945
493,7.37888666742
494,7.38953073971
495,7.39453293528
496,7.40252203202
497,7.4108450599
498,7.41492063143
499,7.41010831367
500,7.28842577706
501,7.29480441071
502,7.30161372207
503,7.30506882552
504,7.31912151458
505,7.32112611658
506,7.33038423834
507,7.34528602029
508,7.35169460624
509,7.35990756445
510,7.36984087439
511,7.3829167011
512,7.39121520031
513,7.39686630596
514,7.4088061679
515,7.41831756832
516,7.42833114197
517,7.4307660944
518,7.43353967218
519,7.44491500855
520,7.44780281144
521,7.45243331607
522,7.46090997455
523,7.47276415231
524,7.47675620857
525,7.4783085874
526,7.49092296592
527,7.50244935245
528,7.50775710776
529,7.5181954682
530,7.52213021758
531,7.52792775066
532,7.53578430851
533,7.54569684342
534,7.5560761038
535,7.56285891968
536,7.56802199302
537,7.57026493845
538,7.58516880335
539,7.59062880881
540,7.59766477039
541,7.60425028152
542,7.61136718864
543,7.6180243453
544,7.62011864739
545,7.62548625276
546,7.62965730693
547,7.64759216691
548,7.66248909431
549,7.67269509429
550,7.67776886641
551,7.68213616168
552,7.68446552765
553,7.69201203519
554,7.70155977656
555,7.68890258759
556,7.67182456262
557,7.67924827388
558,7.69031731731
559,7.69603750033
560,7.70095465203
561,7.70536609777
562,7.70743819916
563,7.71079220711
564,7.71343103046
565,7.72604606113
566,7.73928173905
567,7.75090010535
568,7.77478388176
569,7.78345224135
570,7.78549723113
571,7.79169549775
572,7.80143841332
573,7.80737862172
574,7.81086971141
575,7.81252517932
576,7.81752529168
577,7.82487938953
578,7.82641313186
579,7.83232590518
580,7.83834626519
581,7.8396243838
582,7.8456911868
583,7.85262031765
584,7.86148325941
585,7.87030470382
586,7.87605851885
587,7.87908705133
588,7.8815416945
589,7.89038529211
590,7.89592961571
591,7.8997007849
592,7.90326247543
593,7.91148307214
594,7.91839474431
595,7.92009890246
596,7.92272817503
597,7.92513834155
598,7.93557144117
599,7.94230087397
600,7.94873539889
601,7.95224109565
602,7.95997067009
603,7.97386224886
604,7.98168826742
605,7.9896847018
606,7.99904905081
607,7.99938988244
608,8.01015042388
609,8.01622087864
610,8.02099860773
611,8.02414399677
612,8.03269887066
613,8.04026271104
614,8.04406953816
615,8.04767551807
616,8.05602205395
617,8.06423881163
618,8.07243116461
619,8.07986881898
620,8.08600744007
621,8.10576958828
622,8.12014781401
623,8.13277955855
624,8.1127982165
625,7.86752351979
626,7.870730254
627,7.87568592824
628,7.88080403848
629,7.88108525333
630,7.88221011272
631,7.88434265865
632,7.88696733057
633,7.89588184126
634,7.90445264491
635,7.91564872136
636,7.9194948752
637,7.92163210805
638,7.92594016329
639,7.93033144677
640,7.93958213702
641,7.94715363377
642,7.94890341505
643,7.95450271513
644,7.96367560698
645,7.97106170295
646,7.98159788593
647,7.99249496129
648,7.99834579244
649,7.99976748973
650,8.00554375633
651,8.01025765573
652,8.01209833474
653,8.01556381064
654,8.01699829042
655,8.0198596515
656,8.02240230242
657,8.02781568825
658,8.03410396471
659,8.03900864009
660,8.04826349285
661,8.05653120939
662,8.05989953834
663,8.06635654372
664,8.07727449716
665,8.08682132063
666,8.09465705991
667,8.102698062
668,8.1081026148
669,8.11182090001
670,8.11881987217
671,8.12909180714
672,8.13838920266
673,8.14627457516
674,8.15520476898
675,8.16425690451
676,8.17432013525
677,8.1797323193
678,8.18719729527
679,8.20026469593
680,8.2164398375
681,8.21939469651
682,8.23255633256
683,8.2353544203
684,8.240554994
685,8.24793573662
686,8.25371965087
687,8.2624264952
688,8.27362209094
689,8.27875894884
690,8.28802900402
691,8.29362283604
692,8.29609937307
693,8.29977590214
694,8.30319891176
695,8.30529864929
696,8.31341368605
697,8.32420130176
698,8.32903387077
699,8.32942757155
700,8.33025871766
701,8.33266466692
702,8.336207974
703,8.34408198975
704,8.34942507187
705,8.35026871641
706,8.36575428071
707,8.37681071116
708,8.37769653793
709,8.38228971379
710,8.38707974003
711,8.39283058368
712,8.4045088114
713,8.40968004
714,8.49499709912
715,8.51904036483
716,8.52775797572
717,8.53151291643
718,8.53909955534
719,8.54931241765
720,8.55670976065
721,8.56517543447
722,8.56811927505
723,8.57373521708
724,8.58629560355
725,8.59592956862
726,8.59927405023
727,8.60011017063
728,8.61024647152
729,8.62648611956
730,8.63482642056
731,8.64285782153
732,8.65765847981
733,8.6729032441
734,8.68726659814
735,8.6950993451
736,8.70649502973
737,8.71454268859
738,8.71891377041
739,8.72660716397
740,8.72905281615
741,8.7349404973
742,8.73730203975
743,8.74190650835
744,8.74791388412
745,8.75482980184
746,8.75941760534
747,8.7652935229
748,8.76773917508
749,8.77141412332
750,8.77584390247
751,8.77706672856
752,8.7844256438
753,8.78777121128
754,8.79452586966
755,8.79996065227
756,8.80571893384
757,8.80911567297
758,8.81923040727
759,8.82363861983
760,8.82990952284
761,8.8425115042
762,8.85390575608
763,8.85450962081
764,8.86299117549
765,8.87220521025
766,8.87220521025
767,8.87822594073
768,8.89040617444
769,8.90096277515
770,8.9077143946
771,8.91445777954
772,8.91921902071
773,8.92704012473
774,8.9447527563
775,8.95661987469
776,8.96504927741
777,8.97089382538
778,8.9811465859
779,8.98646059556
780,8.99325407382
781,8.99665081296
782,9.00831638169
783,9.02457171452
784,9.03613650842
785,9.04247708813
786,9.04289514833
787,9.04883561487
788,9.05802376971
789,9.06363971174
790,9.06726290014
791,9.06847062961
792,9.07097666826
793,9.07447908372
794,9.08027054467
795,9.08609153528
796,9.09158670436
797,9.0979737352
798,9.0997568253
799,9.10309180554
800,9.10497888283
801,9.10985044545
802,9.1237894352
803,9.13096016303
804,9.14741879497
805,9.15312531671
806,9.15502749063
807,9.15557096889
808,9.16158133081
809,9.16527544014
810,9.16997439457
811,9.17473669145
812,9.17944683638
813,9.18790094266
814,9.19025601512
815,9.19713078286
816,9.20790744582
817,9.21686090178
818,9.22754930758
819,9.2348165874
820,9.24049590204
821,9.25402820308
822,9.25975217415
823,9.26290187771
824,9.26723460718
825,9.2708728922
826,9.27121256612
827,9.2763831579
828,9.28324966851
829,9.29027714435
830,9.30122866264
831,9.30500281723
832,9.30693792922
833,9.17079629533
834,9.13749160785
835,9.14213190483
836,9.14798951049
837,9.15349744342
838,9.15584348447
839,9.16574245647
840,9.17006273297
841,9.17723119175
842,9.17895930235
843,9.18300928462
844,9.19100831964
845,9.19825801439
846,9.21209520766
847,9.2195369147
848,9.22427321782
849,9.22870870169
850,9.23500522775
851,9.23759000856
852,9.2420702953
853,9.24482739483
854,9.25242195081
855,9.25357402454
856,9.25920987615
857,9.27178551735
858,9.280858098
859,9.28455433455
860,9.28455433455
861,9.28455433455
862,9.29054511796
863,9.2982160089
864,9.30119219938
865,9.30388037142
866,9.30455241443
867,9.30656854346
868,9.31390932097
869,9.31639071054
870,9.32055590019
871,9.32513760881
872,9.33100038402
873,9.33215245776
874,9.33877688172
875,9.34712941628
876,9.35479827073
877,9.36068664758
878,9.36901998092
879,9.3725180957
880,9.38009385328
881,9.39056344641
882,9.39967664504
883,9.40393291744
884,9.40623706491
885,9.40623706491
886,9.40900204186
887,9.41517203674
888,9.41978033168
889,9.42263491437
890,9.43883976686
891,9.46240779829
892,9.46580863133
893,9.47008902836
894,9.47586859825
895,9.48660644911
896,9.49547741685
897,9.50014971588
898,9.5037142517
899,9.50619564128
900,9.50900600296
901,9.51450453668
902,9.51450453668
903,9.51450453668
904,9.51680868415
905,9.51680868415
906,9.52046971845
907,9.52862827137
908,9.53086152199
909,9.53086152199
910,9.53086152199
911,9.53718279928
912,9.54183618801
913,9.54379471335
914,9.55631391458
915,9.56194627505
916,9.56456724279
917,9.56900272666
918,9.57761521632
919,9.58434598556
920,9.58581226122
921,9.58858771157
922,9.59322800855
923,9.60084449601
924,9.60353266805
925,9.61118017287
926,9.61867628339
927,9.62115767297
928,9.62769889161
929,9.6336128701
930,9.64021809284
931,9.64528721726
932,9.64836639615
933,9.65229392024
934,9.65959038721
935,9.65959038721
936,9.65959038721
937,9.66174092485
938,9.6653699571
939,9.68217103237
940,9.69507425818
941,9.69737840564
942,9.69933693099
943,9.70486688491
944,9.70647978813
945,9.70930236878
946,9.71326131306
947,9.71684321503
948,9.72058745466
949,9.73576078939
950,9.73997398211
951,9.74222274142
952,9.74527311846
953,9.75282967481
954,9.7569515386
955,9.76308953144
956,9.76594312945
957,9.78179300538
958,9.7831370914
959,9.79568189427
960,9.80443881835
961,9.81263774308
962,9.81586354953
963,9.82113748706
964,9.82766841134
965,9.83425411954
966,9.83837598334
967,9.84309948564
968,9.84604367407
969,9.84900066332
970,9.8586834984
971,9.86506963019
972,9.86506963019
973,9.86865385958
974,9.8820947198
975,9.88433486317
976,9.88523092051
977,9.89177213915
978,9.89250527698
979,9.89766167972
980,9.90209716359
981,9.90572619585
982,9.92095917076
983,9.92682834638
984,9.92924770122
985,9.92924770122
986,9.93435522811
987,9.93985958038
988,9.94405184869
989,9.94539593471
990,9.94989345332
991,9.95281794818
992,9.95886633528
993,9.9725760127
994,9.97324805571
995,9.98058292514
996,9.9833479021
997,9.99141241823
998,9.99361183172
999,10.1038963211
1000,10.7885514275
1001,10.7939361974
1002,10.7998634628
1003,10.8023951084
1004,10.804504813
1005,10.8106530951
1006,10.8148725044
1007,10.8199357956
1008,10.8199357956
1009,10.8259196851
1010,10.833399547
1011,10.833399547
1012,10.836614335
1013,10.8440485323
1014,10.8505182932
1015,10.8606448755
1016,10.8606448755
1017,10.8620513453
1018,10.863457815
1019,10.8652661333
1020,10.8698691252
1021,10.8808395894
1022,10.8961098325
1023,10.8961098325
1024,10.8975163023
1025,10.9089941001
1026,10.9108024184
1027,10.9117065775
1028,10.9169507005
1029,10.9237017553
1030,10.9249675781
1031,10.9277805177
1032,10.937625806
1033,10.9570350887
1034,10.9638117157
1035,10.9746479259
1036,10.9937708916
1037,10.9994670941
1038,11.0007329169
1039,11.0032645624
1040,11.0064291194
1041,11.0159227903
1042,11.0184544359
1043,11.0242561236
1044,11.0507479862
1045,11.0580314903
1046,11.0645012512
1047,11.0729400698
1048,11.0729400698
1049,11.0729400698
1050,11.0729400698
1051,11.0729400698
1052,11.0750497744
1053,11.0750497744
1054,11.0775110965
1055,11.0877080023
1056,11.0908725592
1057,11.0924548377
1058,11.1069364531
1059,11.1118590973
1060,11.1118590973
1061,11.116289477
1062,11.1224076205
1063,11.1249392661
1064,11.1274709116
1065,11.1274709116
1066,11.1344781449
1067,11.1410332986
1068,11.1523804957
1069,11.155228597
1070,11.1613768791
1071,11.1661237145
1072,11.1705189325
1073,11.1705189325
1074,11.1735930736
1075,11.1834584543
1076,11.1861709317
1077,11.2010895574
1078,11.2058715546
1079,11.2154656876
1080,11.2202627541
1081,11.2298468409
1082,11.2528627139
1083,11.261231209
1084,11.2698618189
1085,11.2830634555
1086,11.2893925695
1087,11.2893925695
1088,11.295376459
1089,11.3003246753
1090,11.3076031563
1091,11.3179023508
1092,11.3226491863
1093,11.327220213
1094,11.3376043436
1095,11.3396592507
1096,11.3396592507
1097,11.3432758873
1098,11.3474952965
1099,11.3546555062
1100,11.3620458655
1101,11.3677722067
1102,11.3715696751
1103,11.3753671434
1104,11.3766329662
1105,11.3808523755
1106,11.3876034303
1107,11.3977300126
1108,11.3977300126
1109,11.4030745977
1110,11.4157328255
1111,11.4209317406
1112,11.4221975633
1113,11.4272608545
1114,11.4272608545
1115,11.4272608545
1116,11.4335899684
1117,11.4367545254
1118,11.4435357189
1119,11.4463486584
1120,11.4463486584
1121,11.4463486584
1122,11.4491615979
1123,11.4554907118
1124,11.4585648529
1125,11.4603731711
1126,11.4635377281
1127,11.4669283248
1128,11.4723532796
1129,11.4741615979
1130,11.4741615979
1131,11.4805409429
1132,11.4851119696
1133,11.4975190421
1134,11.4975190421
1135,11.4987848649
1136,11.501859006
1137,11.5036673242
1138,11.5204810309
1139,11.5271571958
1140,11.528061355
1141,11.5342096371
1142,11.5430854659
1143,11.5505899867
1144,11.5563916744
1145,11.5606462455
1146,11.5644437138
1147,11.5815323214
1148,11.5878614353
1149,11.5913136793
1150,11.5945741319
1151,11.5945741319
1152,11.6048413612
1153,11.6089201235
1154,11.6129988858
1155,11.6172182951
1156,11.6242858056
1157,11.6328301094
1158,11.6374331014
1159,11.6478007927
1160,11.6547628181
1161,11.6598261092
1162,11.6661552231
1163,11.6699526915
1164,11.6699526915
1165,11.6807889017
1166,11.682994502
1167,11.682994502
1168,11.6905542769
1169,11.6946330393
1170,11.6994661808
1171,11.7017676768
1172,11.7017676768
1173,11.7045806163
1174,11.7219806565
1175,11.7270439476
1176,11.730841416
1177,11.7369896981
1178,11.7441426014
1179,11.7455490712
1180,11.7502959066
1181,11.7597320401
1182,11.7701910607
1183,11.7768014686
1184,11.7818647597
1185,11.7818647597
1186,11.7898816373
1187,11.7936791057
1188,11.7987423968
1189,11.8055235903
1190,11.8116768955
1191,11.8146656438
1192,11.8171972893
1193,11.8184631121
1194,11.8249680348
1195,11.8295390615
1196,11.8468002813
1197,11.8535513361
1198,11.8563642757
1199,11.8627637131
1200,11.8638185654
1201,11.8638185654
1202,11.8751205546
1203,11.8869248543
1204,11.8966947961
1205,11.9012909383
1206,11.911675069
1207,11.9227715674
1208,11.9227715674
1209,11.9259863554
1210,11.9337721702
1211,11.9402419311
1212,11.9468523389
1213,11.9493839845
1214,11.9493839845
1215,11.9493839845
1216,11.9493839845
1217,11.9493839845
1218,11.955361481
1219,11.960124299
1220,11.9668561748
1221,11.9730798035
1222,11.9730798035
1223,11.9781430946
1224,11.981940563
1225,11.9904145433
1226,11.9972961989
1227,12.0024699984
1228,12.0035248507
1229,12.0119636692
1230,12.025325132
1231,12.0274348366
1232,12.0425863518
1233,12.0425863518
1234,12.0425863518
1235,12.0496890241
1236,12.0525019636
1237,12.061644017
1238,12.0692389537
1239,12.0723130948
1240,12.0735789176
1241,12.0756886222
1242,12.0826506475
1243,12.0868700568
1244,12.1013918571
1245,12.1048276618
1246,12.1073593074
1247,12.1098909529
1248,12.1296838183
1249,12.1410855127
1250,12.1657215007
1251,12.1748124098
1252,12.1788528139
1253,12.1788528139
1254,12.1788528139
1255,12.1788528139
1256,12.1828932179
1257,12.194004329
1258,12.194004329
1259,12.2030952381
1260,12.2076406926
1261,12.2185714286
1262,12.2211688312
1263,12.222987013
1264,12.222987013
1265,12.222987013
1266,12.222987013
1267,12.2311688312
1268,12.2420779221
1269,12.2475324675
1270,12.2493506494
1271,12.2519480519
1272,12.2555844156
1273,12.2612409812
1274,12.2684559885
1275,12.2684559885
1276,12.2684559885
1277,12.2684559885
1278,12.2797691198
1279,12.2817893218
1280,12.2934054834
1281,12.2934054834
1282,12.3076911977
1283,12.3137518038
1284,12.3137518038
1285,12.3157720058
1286,12.3177922078
1287,12.3193073593
1288,12.3262770563
1289,12.3262770563
1290,12.3308225108
1291,12.3458225108
1292,12.3543073593
1293,12.3588528139
1294,12.3633982684
1295,12.3732972583
1296,12.3732972583
1297,12.3732972583
1298,12.3769336219
1299,12.380974026
1300,12.382994228
1301,12.3875396825
1302,12.3920851371
1303,12.406976912
1304,12.410007215
1305,12.4136435786
1306,12.4136435786
1307,12.4203102453
1308,12.4257647908
1309,12.4294011544
1310,12.433037518
1311,12.433037518
1312,12.4350577201
1313,12.4425324675
1314,12.4534415584
1315,12.457987013
1316,12.457987013
1317,12.457987013
1318,12.4646536797
1319,12.4646536797
1320,12.4760822511
1321,12.4833549784
1322,12.4853751804
1323,12.4873953824
1324,12.4873953824
1325,12.4873953824
1326,12.4914357864
1327,12.498001443
1328,12.498001443
1329,12.500021645
1330,12.5040620491
1331,12.5131529582
1332,12.5131529582
1333,12.5183477633
1334,12.5227633478
1335,12.5227633478
1336,12.5304401154
1337,12.5304401154
1338,12.5340764791
1339,12.5360966811
1340,12.5401370851
1341,12.5401370851
1342,12.5479292929
1343,12.5573448773
1344,12.5573448773
1345,12.5573448773
1346,12.5673448773
1347,12.5699422799
1348,12.5699422799
1349,12.5802669553
1350,12.5939033189
1351,12.597994228
1352,12.6025396825
1353,12.6025396825
1354,12.6025396825
1355,12.6070851371
1356,12.6192063492
1357,12.6289033189
1358,12.6329437229
1359,12.6374891775
1360,12.6443073593
1361,12.6524891775
1362,12.6545093795
1363,12.6646103896
1364,12.6646103896
1365,12.6691558442
1366,12.6691558442
1367,12.6691558442
1368,12.6691558442
1369,12.6755916306
1370,12.6857936508
1371,12.6941269841
1372,12.7144733045
1373,12.7193434343
1374,12.7264862915
1375,12.7264862915
1376,12.7283044733
1377,12.7301226551
1378,12.7437590188
1379,12.7437590188
1380,12.7467893218
1381,12.7467893218
1382,12.7565295815
1383,12.7565295815
1384,12.7722871573
1385,12.7778427128
1386,12.7798629149
1387,12.7876551227
1388,12.7876551227
1389,12.7876551227
1390,12.7902525253
1391,12.7928499278
1392,12.7928499278
1393,12.7928499278
1394,12.8005266955
1395,12.8184054834
1396,12.8267388167
1397,12.8293362193
1398,12.8319336219
1399,12.8319336219
1400,12.8319336219
1401,12.8363492063
1402,12.8538383838
1403,12.8629292929
1404,12.8629292929
1405,12.866969697
1406,12.8706060606
1407,12.8724242424
1408,12.8724242424
1409,12.8724242424
1410,12.8724242424
1411,12.8828787879
1412,12.8925757576
1413,12.8986363636
1414,12.9077272727
1415,12.9077272727
1416,12.9077272727
1417,12.915
1418,12.915
1419,12.915
1420,12.9168181818
1421,12.9186363636
1422,12.9222727273
1423,12.9222727273
1424,12.9268181818
1425,12.9268181818
1426,12.9304545455
1427,12.9324747475
1428,12.9435858586
1429,12.9476767677
1430,12.9513131313
1431,12.9531313131
1432,12.9531313131
1433,12.9531313131
1434,12.9622943723
1435,12.9665873016
1436,12.9684054834
1437,12.9787085137
1438,12.9979004329
1439,12.9979004329
1440,12.9979004329
1441,13.005981241
1442,13.008001443
1443,13.008001443
1444,13.0174170274
1445,13.02001443
1446,13.0245598846
1447,13.0283477633
1448,13.0321356421
1449,13.0361760462
1450,13.037994228
1451,13.0416305916
1452,13.0484487734
1453,13.0520851371
1454,13.0520851371
1455,13.0520851371
1456,13.0520851371
1457,13.0520851371
1458,13.0581457431
1459,13.0581457431
1460,13.0581457431
1461,13.0581457431
1462,13.0581457431
1463,13.0581457431
1464,13.059963925
1465,13.0617821068
1466,13.0658225108
1467,13.080974026
1468,13.080974026
1469,13.0915800866
1470,13.1014790765
1471,13.1196608947
1472,13.1196608947
1473,13.1273376623
1474,13.1293578644
1475,13.1354184704
1476,13.1354184704
1477,13.1354184704
1478,13.1354184704
1479,13.1408730159
1480,13.149963925
1481,13.149963925
1482,13.1551154401
1483,13.1648845599
1484,13.1695021645
1485,13.1695021645
1486,13.1725324675
1487,13.1725324675
1488,13.1725324675
1489,13.1725324675
1490,13.1790981241
1491,13.1933910534
1492,13.197027417
1493,13.197027417
1494,13.197027417
1495,13.2067243867
1496,13.2176334776
1497,13.223997114
1498,13.2258152958
1499,13.2294516595
1500,13.2330880231
1501,13.2421789322
1502,13.2421789322
1503,13.2421789322
1504,13.2421789322
1505,13.2467243867
1506,13.2603607504
1507,13.2662193362
1508,13.2662193362
1509,13.2732323232
1510,13.2776479076
1511,13.2870634921
1512,13.2870634921
1513,13.2870634921
1514,13.2961544012
1515,13.2961544012
1516,13.3016089466
1517,13.3016089466
1518,13.3086796537
1519,13.3185281385
1520,13.3185281385
1521,13.3211255411
1522,13.3237229437
1523,13.3328138528
1524,13.3524098124
1525,13.3544300144
1526,13.3544300144
1527,13.3544300144
1528,13.358975469
1529,13.358975469
1530,13.3682106782
1531,13.3682106782
1532,13.3722510823
1533,13.3783116883
1534,13.3891702742
1535,13.3952308802
1536,13.3952308802
1537,13.4049278499
1538,13.4085642136
1539,13.4289105339
1540,13.4333261183
1541,13.4418109668
1542,13.4444083694
1543,13.4554906205
1544,13.4554906205
1545,13.460036075
1546,13.4673088023
1547,13.4709451659
1548,13.4754906205
1549,13.4868542569
1550,13.4868542569
1551,13.4929148629
1552,13.5067676768
1553,13.5067676768
1554,13.5116161616
1555,13.5224675325
1556,13.5275180375
1557,13.5366089466
1558,13.5456998557
1559,13.5477200577
1560,13.5517604618
1561,13.5535786436
1562,13.5535786436
1563,13.5553968254
1564,13.5553968254
1565,13.5553968254
1566,13.5553968254
1567,13.5614574315
1568,13.5634776335
1569,13.5654978355
1570,13.5715584416
1571,13.5755988456
1572,13.590952381
1573,13.5945887446
1574,13.5966089466
1575,13.6117604618
1576,13.6117604618
1577,13.6282106782
1578,13.6328282828
1579,13.6368686869
1580,13.6368686869
1581,13.6551226551
1582,13.6594155844
1583,13.6594155844
1584,13.6614357864
1585,13.6634559885
1586,13.6741053391
1587,13.6759235209
1588,13.6759235209
1589,13.6759235209
1590,13.6882467532
1591,13.6902669553
1592,13.6939033189
1593,13.6939033189
1594,13.6994588745
1595,13.700974026
1596,13.7046103896
1597,13.7206709957
1598,13.7360750361
1599,13.7451659452
1600,13.7474386724
1601,13.7497113997
1602,13.7533477633
1603,13.7573881674
1604,13.7594083694
1605,13.7654689755
1606,13.7654689755
1607,13.7654689755
1608,13.7654689755
1609,13.7695093795
1610,13.7832467532
1611,13.7909235209
1612,13.7909235209
1613,13.7909235209
1614,13.7909235209
1615,13.7909235209
1616,13.7927417027
1617,13.7967821068
1618,13.7967821068
1619,13.8004184704
1620,13.8004184704
1621,13.8004184704
1622,13.8004184704
1623,13.804963925
1624,13.8095093795
1625,13.8095093795
1626,13.8095093795
1627,13.8095093795
1628,13.8095093795
1629,13.8131457431
1630,13.8195093795
1631,13.8317821068
1632,13.8340548341
1633,13.8380952381
1634,13.8487012987
1635,13.8507215007
1636,13.8525396825
1637,13.8561760462
1638,13.8598124098
1639,13.8710678211
1640,13.8710678211
1641,13.8710678211
1642,13.8710678211
1643,13.8747041847
1644,13.885959596
1645,13.89
1646,13.893030303
1647,13.893030303
1648,13.8970707071
1649,13.8970707071
1650,13.8970707071
1651,13.8988888889
1652,13.9043434343
1653,13.9088888889
1654,13.915
1655,13.9200505051
1656,13.9236868687
1657,13.9236868687
1658,13.9277272727
1659,13.933961039
1660,13.9365584416
1661,13.9385786436
1662,13.9483910534
1663,13.9535858586
1664,13.9558585859
1665,13.9604040404
1666,13.8710594315
1667,13.8130630631
1668,13.8160660661
1669,13.8160660661
1670,13.8160660661
1671,13.8160660661
1672,13.8199270699
1673,13.8199270699
1674,13.8253324753
1675,13.8253324753
1676,13.8388459888
1677,13.8388459888
1678,13.8448519949
1679,13.8508580009
1680,13.8508580009
1681,13.8598670099
1682,13.8598670099
1683,13.8598670099
1684,13.8598670099
1685,13.870967396
1686,13.8743457743
1687,13.8878592879
1688,13.8878592879
1689,13.8932646933
1690,13.8955169455
1691,13.9166881167
1692,13.9308022308
1693,13.9308022308
1694,13.9335049335
1695,13.9432646933
1696,13.953024453
1697,13.953024453
1698,13.953024453
1699,13.9665379665
1700,13.9665379665
1701,13.9665379665
1702,13.9732947233
1703,13.9777992278
1704,13.9777992278
1705,13.9816602317
1706,13.9909266409
1707,13.9909266409
1708,13.9943050193
1709,14.0141999142
1710,14.0199056199
1711,14.0253110253
1712,14.0286894037
1713,14.041977692
1714,14.041977692
1715,14.0503861004
1716,14.0533891034
1717,14.0533891034
1718,14.0533891034
1719,14.0533891034
1720,14.0533891034
1721,14.0623981124
1722,14.0684041184
1723,14.0684041184
1724,14.0684041184
1725,14.0684041184
1726,14.0684041184
1727,14.0762870013
1728,14.0796653797
1729,14.0796653797
1730,14.0920527671
1731,14.1085585586
1732,14.1220720721
1733,14.1280780781
1734,14.1334834835
1735,14.1334834835
1736,14.1442942943
1737,14.1564564565
1738,14.1632132132
1739,14.1632132132
1740,14.1632132132
1741,14.1769412269
1742,14.1836979837
1743,14.1898112398
1744,14.1965679966
1745,14.2033247533
1746,14.211046761
1747,14.211046761
1748,14.211046761
1749,14.2194122694
1750,14.2464392964
1751,14.2464392964
1752,14.2518447018
1753,14.2586014586
1754,14.2646074646
1755,14.2691119691
1756,14.2691119691
1757,14.2788717289
1758,14.297039897
1759,14.3000429
1760,14.3000429
1761,14.3000429
1762,14.3000429
1763,14.3000429
1764,14.3000429
1765,14.3000429
1766,14.3000429
1767,14.3000429
1768,14.3000429
1769,14.3000429
1770,14.3066066066
1771,14.3066066066
1772,14.321021021
1773,14.321021021
1774,14.3237237237
1775,14.3237237237
1776,14.3275847276
1777,14.3397468897
1778,14.351008151
1779,14.351008151
1780,14.3564135564
1781,14.3564135564
1782,14.3834405834
1783,14.3948519949
1784,14.3948519949
1785,14.3948519949
1786,14.4002574003
1787,14.4137709138
1788,14.4248712999
1789,14.4282496782
1790,14.4398326898
1791,14.4436936937
1792,14.4527027027
1793,14.4527027027
1794,14.4594594595
1795,14.4662162162
1796,14.472972973
1797,14.472972973
1798,14.4806949807
1799,14.4806949807
1800,14.4806949807
1801,14.4806949807
1802,14.4845559846
1803,14.4913127413
1804,14.4951737452
1805,14.5004290004
1806,14.5056842557
1807,14.514950665
1808,14.5188116688
1809,14.5188116688
1810,14.5409480909
1811,14.567975118
1812,14.5718361218
1813,14.5824538825
1814,14.5919133419
1815,14.5919133419
1816,14.6108322608
1817,14.6108322608
1818,14.6108322608
1819,14.6108322608
1820,14.6108322608
1821,14.6130845131
1822,14.6153367653
1823,14.6153367653
1824,14.6230587731
1825,14.6298155298
1826,14.6366795367
1827,14.6534105534
1828,14.6572715573
1829,14.6626769627
1830,14.6626769627
1831,14.6701844702
1832,14.6731874732
1833,14.6731874732
1834,14.6731874732
1835,14.6785928786
1836,14.6785928786
1837,14.6785928786
1838,14.6785928786
1839,14.6785928786
1840,14.6845988846
1841,14.6845988846
1842,14.7035178035
1843,14.7065208065
1844,14.7095238095
1845,14.7095238095
1846,14.7149292149
1847,14.7149292149
1848,14.7176319176
1849,14.7203346203
1850,14.7270913771
1851,14.7270913771
1852,14.7270913771
1853,14.7270913771
1854,14.7270913771
1855,14.7270913771
1856,14.7297940798
1857,14.7446589447
1858,14.7473616474
1859,14.7473616474
1860,14.7512226512
1861,14.7512226512
1862,14.7512226512
1863,14.7550836551
1864,14.7643500644
1865,14.7643500644
1866,14.7765122265
1867,14.7855212355
1868,14.7855212355
1869,14.7855212355
1870,14.7855212355
1871,14.7922779923
1872,14.8152509653
1873,14.8224581725
1874,14.8224581725
1875,14.8281638782
1876,14.8338695839
1877,14.8392749893
1878,14.8392749893
1879,14.8392749893
1880,14.8392749893
1881,14.8446803947
1882,14.862955813
1883,14.862955813
1884,14.8706778207
1885,14.8706778207
1886,14.8706778207
1887,14.8706778207
1888,14.8706778207
1889,14.8751823252
1890,14.8751823252
1891,14.8751823252
1892,14.8751823252
1893,14.8805877306
1894,14.8805877306
1895,14.8835907336
1896,14.8943157443
1897,14.9003217503
1898,14.9003217503
1899,14.9003217503
1900,14.9003217503
1901,14.9003217503
1902,14.9048262548
1903,14.9048262548
1904,14.9318532819
1905,14.9318532819
1906,14.9318532819
1907,14.9411196911
1908,14.944980695
1909,14.953989704
1910,14.953989704
1911,14.9729086229
1912,14.9783140283
1913,14.9783140283
1914,14.9783140283
1915,14.9880737881
1916,14.9910767911
1917,14.9955812956
1918,14.9955812956
1919,14.9955812956
1920,14.9955812956
1921,14.9955812956
1922,14.9955812956
1923,15.000986701
1924,15.0156585157
1925,15.0156585157
1926,15.0183612184
1927,15.0183612184
1928,15.0237666238
1929,15.0237666238
1930,15.030973831
1931,15.030973831
1932,15.030973831
1933,15.030973831
1934,15.0422350922
1935,15.0422350922
1936,15.0460960961
1937,15.0460960961
1938,15.055963106
1939,15.055963106
1940,15.055963106
1941,15.0672243672
1942,15.0672243672
1943,15.0672243672
1944,15.0672243672
1945,15.0749463749
1946,15.0749463749
1947,15.0749463749
1948,15.0788073788
1949,15.0826683827
1950,15.0826683827
1951,15.0871728872
1952,15.0871728872
1953,15.0871728872
1954,15.0871728872
1955,15.0901758902
1956,15.0958815959
1957,15.0958815959
1958,15.0997425997
1959,15.1114543115
1960,15.1141570142
1961,15.1218790219
1962,15.1218790219
1963,15.1218790219
1964,15.1218790219
1965,15.1308880309
1966,15.1308880309
1967,15.1308880309
1968,15.1386100386
1969,15.1386100386
1970,15.1386100386
1971,15.1386100386
1972,15.1386100386
1973,15.1386100386
1974,15.1431145431
1975,15.1458172458
1976,15.1518232518
1977,15.1518232518
1978,15.1578292578
1979,15.1655512656
1980,15.1655512656
1981,15.1655512656
1982,15.1655512656
1983,15.1723080223
1984,15.1790647791
1985,15.1790647791
1986,15.1850707851
1987,15.1850707851
1988,15.1910767911
1989,15.1910767911
1990,15.1949377949
1991,15.2033033033
1992,15.2153153153
1993,15.2153153153
1994,15.2153153153
1995,15.2175675676
1996,15.2198198198
1997,15.2252252252
1998,15.2252252252
1999,15.2252252252
2000,15.2252252252
2001,15.2252252252
2002,15.2252252252
2003,15.2317889318
2004,15.2383526384
2005,15.2413556414
2006,15.2443586444
2007,15.2443586444
2008,15.2533676534
2009,15.2628271128
2010,15.2628271128
2011,15.2628271128
2012,15.2628271128
2013,15.2628271128
2014,15.2628271128
2015,15.2763406263
2016,15.2802016302
2017,15.2908193908
2018,15.302981553
2019,15.302981553
2020,15.302981553
2021,15.302981553
2022,15.302981553
2023,15.3113470613
2024,15.3113470613
2025,15.3218575719
2026,15.3286143286
2027,15.3331188331
2028,15.3385242385
2029,15.3385242385
2030,15.3385242385
2031,15.3385242385
2032,15.3493350493
2033,15.3493350493
2034,15.3531960532
2035,15.3531960532
2036,15.3531960532
2037,15.3531960532
2038,15.3531960532
2039,15.3531960532
2040,15.3554483054
2041,15.3577005577
2042,15.3577005577
2043,15.3644573145
2044,15.393993994
2045,15.3978549979
2046,15.3978549979
2047,15.3978549979
2048,15.4076147576
2049,15.4106177606
2050,15.4163234663
2051,15.4231874732
2052,15.427048477
2053,15.4540755041
2054,15.4540755041
2055,15.4594809095
2056,15.4594809095
2057,15.4594809095
2058,15.466044616
2059,15.4726083226
2060,15.4726083226
2061,15.4726083226
2062,15.4753110253
2063,15.4834191334
2064,15.4969326469
2065,15.5003110253
2066,15.5036894037
2067,15.5036894037
2068,15.5090948091
2069,15.5090948091
2070,15.5090948091
2071,15.5090948091
2072,15.5090948091
2073,15.512955813
2074,15.512955813
2075,15.512955813
2076,15.512955813
2077,15.512955813
2078,15.512955813
2079,15.5206778207
2080,15.5206778207
2081,15.5206778207
2082,15.5251823252
2083,15.5358000858
2084,15.5493135993
2085,15.5553196053
2086,15.5553196053
2087,15.5591806092
2088,15.5697983698
2089,15.5697983698
2090,15.5697983698
2091,15.5697983698
2092,15.5788073788
2093,15.5788073788
2094,15.5842127842
2095,15.5842127842
2096,15.590969541
2097,15.590969541
2098,15.590969541
2099,15.5948305448
2100,15.5986915487
2101,15.6115615616
2102,15.6183183183
2103,15.6183183183
2104,15.6394894895
2105,15.643993994
2106,15.643993994
2107,15.6517160017
2108,15.6517160017
2109,15.6607250107
2110,15.6607250107
2111,15.6661304161
2112,15.6661304161
2113,15.6715358215
2114,15.6715358215
2115,15.6715358215
2116,15.685950236
2117,15.685950236
2118,15.694959245
2119,15.7003646504
2120,15.7084727585
2121,15.7273916774
2122,15.7300943801
2123,15.7300943801
2124,15.7368511369
2125,15.7476619477
2126,15.7503646504
2127,15.7530673531
2128,15.7584727585
2129,15.7584727585
2130,15.7584727585
2131,15.7584727585
2132,15.7679322179
2133,15.7679322179
2134,15.7679322179
2135,15.7679322179
2136,15.7679322179
2137,15.7679322179
2138,15.7679322179
2139,15.7679322179
2140,15.7679322179
2141,15.7814457314
2142,15.7814457314
2143,15.7814457314
2144,15.7874517375
2145,15.7874517375
2146,15.7874517375
2147,15.7942084942
2148,15.7942084942
2149,15.8007722008
2150,15.8247104247
2151,15.8383311883
2152,15.8413341913
2153,15.8525954526
2154,15.855973831
2155,15.8620549121
2156,15.8688116688
2157,15.8688116688
2158,15.8688116688
2159,15.8688116688
2160,15.8688116688
2161,15.8733161733
2162,15.8800729301
2163,15.8913341913
2164,15.8980909481
2165,15.8980909481
2166,15.8980909481
2167,15.9034963535
2168,15.9073573574
2169,15.9112183612
2170,15.9157228657
2171,15.9157228657
2172,15.9214285714
2173,15.9244315744
2174,15.9244315744
2175,15.9244315744
2176,15.9289360789
2177,15.9442513943
2178,15.9712784213
2179,15.9712784213
2180,15.9766838267
2181,15.9874088374
2182,15.9904118404
2183,15.9934148434
2184,16.0054268554
2185,16.0054268554
2186,16.0054268554
2187,16.0054268554
2188,16.0054268554
2189,16.0054268554
2190,16.0088052338
2191,16.0265980266
2192,16.0265980266
2193,16.0356070356
2194,16.0383097383
2195,16.041012441
2196,16.0464178464
2197,16.0464178464
2198,16.0521235521
2199,16.0668382668
2200,16.0938652939
2201,16.0938652939
2202,16.0938652939
2203,16.0938652939
2204,16.0938652939
2205,16.0938652939
2206,16.0938652939
2207,16.0938652939
2208,16.0938652939
2209,16.1118833119
2210,16.1118833119
2211,16.1118833119
2212,16.1118833119
2213,16.1118833119
2214,16.1118833119
2215,16.1163878164
2216,16.1163878164
2217,16.1163878164
2218,16.1190905191
2219,16.1256542257
2220,16.1362719863
2221,16.1362719863
2222,16.1362719863
2223,16.138974689
2224,16.138974689
2225,16.138974689
2226,16.138974689
2227,16.138974689
2228,16.138974689
2229,16.138974689
2230,16.138974689
2231,16.1503861004
2232,16.1557915058
2233,16.1584942085
2234,16.1584942085
2235,16.1607464607
2236,16.162998713
2237,16.1657014157
2238,16.1657014157
2239,16.1725654226
2240,16.1755684256
2241,16.1778206778
2242,16.1800729301
2243,16.1800729301
2244,16.1800729301
2245,16.1854783355
2246,16.1854783355
2247,16.192042042
2248,16.2114757615
2249,16.218039468
2250,16.218039468
2251,16.218039468
2252,16.218039468
2253,16.218039468
2254,16.2247962248
2255,16.2247962248
2256,16.2247962248
2257,16.2247962248
2258,16.2247962248
2259,16.2247962248
2260,16.2247962248
2261,16.2247962248
2262,16.2315529816
2263,16.2315529816
2264,16.2446803947
2265,16.2446803947
2266,16.2500858001
2267,16.25999571
2268,16.25999571
2269,16.2667524668
2270,16.2667524668
2271,16.2694551695
2272,16.2721578722
2273,16.2775632776
2274,16.2775632776
2275,16.2775632776
2276,16.2775632776
2277,16.2775632776
2278,16.2964821965
2279,16.2964821965
2280,16.3003432003
2281,16.3093522094
2282,16.3093522094
2283,16.3093522094
2284,16.3093522094
2285,16.3093522094
2286,16.3183612184
2287,16.3183612184
2288,16.3183612184
2289,16.3222222222
2290,16.3260832261
2291,16.3260832261
2292,16.3314886315
2293,16.3314886315
2294,16.3353496353
2295,16.3353496353
2296,16.3430716431
2297,16.3453238953
2298,16.3543329043
2299,16.3597383097
2300,16.3635993136
2301,16.3728657229
2302,16.3863792364
2303,16.3917846418
2304,16.3917846418
2305,16.3917846418
2306,16.3917846418
2307,16.3917846418
2308,16.3917846418
2309,16.3917846418
2310,16.3944873445
2311,16.3971900472
2312,16.3971900472
2313,16.4107035607
2314,16.4174603175
2315,16.4343522094
2316,16.4377305877
2317,16.4377305877
2318,16.4377305877
2319,16.4377305877
2320,16.4377305877
2321,16.4444873445
2322,16.4512441012
2323,16.4512441012
2324,16.4512441012
2325,16.4512441012
2326,16.4512441012
2327,16.4512441012
2328,16.4512441012
2329,16.4551051051
2330,16.4666881167
2331,16.4666881167
2332,16.4666881167
2333,16.4666881167
2334,16.4666881167
2335,16.4666881167
2336,16.4734448734
2337,16.4802016302
2338,16.4847061347
2339,16.4901115401
2340,16.5074860575
2341,16.5167524668
2342,16.5281638782
2343,16.5281638782
2344,16.5349206349
2345,16.5439296439
2346,16.5466323466
2347,16.5496353496
2348,16.5593951094
2349,16.57001287
2350,16.5727155727
2351,16.5821750322
2352,16.5821750322
2353,16.5821750322
2354,16.5821750322
2355,16.5866795367
2356,16.5911840412
2357,16.5911840412
2358,16.5911840412
2359,16.5911840412
2360,16.5911840412
2361,16.5911840412
2362,16.5938867439
2363,16.5938867439
2364,16.5992921493
2365,16.5992921493
2366,16.6128056628
2367,16.6128056628
2368,16.6128056628
2369,16.6155083655
2370,16.6155083655
2371,16.6222651223
2372,16.629021879
2373,16.6312741313
2374,16.6444015444
2375,16.6444015444
2376,16.6551265551
2377,16.6581295581
2378,16.6581295581
2379,16.6581295581
2380,16.6581295581
2381,16.6671385671
2382,16.6671385671
2383,16.6671385671
2384,16.6671385671
2385,16.7076791077
2386,16.7211926212
2387,16.7211926212
2388,16.7265980266
2389,16.7265980266
2390,16.7265980266
2391,16.7265980266
2392,16.7265980266
2393,16.7331617332
2394,16.7605105105
2395,16.7672672673
2396,16.7672672673
2397,16.7732732733
2398,16.7732732733
2399,16.7732732733
2400,16.7732732733
2401,16.7732732733
2402,16.7732732733
2403,16.7732732733
2404,16.7786786787
2405,16.7831831832
2406,16.7831831832
2407,16.7831831832
2408,16.7831831832
2409,16.7831831832
2410,16.7831831832
2411,16.7831831832
2412,16.7861861862
2413,16.7891891892
2414,16.7891891892
2415,16.7891891892
2416,16.7891891892
2417,16.8086229086
2418,16.8086229086
2419,16.812001287
2420,16.8153796654
2421,16.8153796654
2422,16.8183826684
2423,16.8213856714
2424,16.8213856714
2425,16.8213856714
2426,16.8342556843
2427,16.8381166881
2428,16.8408193908
2429,16.8512441012
2430,16.8512441012
2431,16.8602531103
2432,16.8602531103
2433,16.8602531103
2434,16.8636314886
2435,16.867009867
2436,16.8692621193
2437,16.8715143715
2438,16.8715143715
2439,16.8715143715
2440,16.8985413985
2441,16.9051051051
2442,16.915015015
2443,16.9258258258
2444,16.9280780781
2445,16.933033033
2446,16.9395967396
2447,16.9473187473
2448,16.95002145
2449,16.95002145
2450,16.95002145
2451,16.964950665
2452,16.9676533677
2453,16.9676533677
2454,16.9676533677
2455,16.9676533677
2456,16.9798155298
2457,16.9798155298
2458,16.9798155298
2459,16.9843200343
2460,17.0113470613
2461,17.0113470613
2462,17.0113470613
2463,17.0113470613
2464,17.0143500644
2465,17.0261690262
2466,17.0322822823
2467,17.0322822823
2468,17.0322822823
2469,17.0367867868
2470,17.0367867868
2471,17.0435435435
2472,17.0462462462
2473,17.0484984985
2474,17.053003003
2475,17.0552552553
2476,17.0552552553
2477,17.071021021
2478,17.071021021
2479,17.0777777778
2480,17.0777777778
2481,17.0777777778
2482,17.0777777778
2483,17.0816387816
2484,17.0816387816
2485,17.0816387816
2486,17.0816387816
2487,17.0816387816
2488,17.0846417846
2489,17.0876447876
2490,17.1011583012
2491,17.1041613042
2492,17.1148863149
2493,17.1148863149
2494,17.1148863149
2495,17.1226083226
2496,17.125986701
2497,17.1293650794
2498,17.1347704848
2499,16.9485260771
2500,16.585839599
2501,16.585839599
2502,16.5946115288
2503,16.5946115288
2504,16.5946115288
2505,16.5946115288
2506,16.5946115288
2507,16.5946115288
2508,16.5946115288
2509,16.6121553885
2510,16.6174185464
2511,16.6174185464
2512,16.6174185464
2513,16.6305764411
2514,16.6305764411
2515,16.6568922306
2516,16.6568922306
2517,16.6568922306
2518,16.6568922306
2519,16.6568922306
2520,16.6674185464
2521,16.6779448622
2522,16.6779448622
2523,16.6779448622
2524,16.686716792
2525,16.7042606516
2526,16.7042606516
2527,16.7042606516
2528,16.7042606516
2529,16.7042606516
2530,16.7042606516
2531,16.7042606516
2532,16.7042606516
2533,16.7042606516
2534,16.7174185464
2535,16.7174185464
2536,16.7174185464
2537,16.7174185464
2538,16.7174185464
2539,16.7174185464
2540,16.7174185464
2541,16.7279448622
2542,16.7279448622
2543,16.7279448622
2544,16.7354636591
2545,16.7459899749
2546,16.7535087719
2547,16.7535087719
2548,16.7535087719
2549,16.7535087719
2550,16.7535087719
2551,16.7535087719
2552,16.7622807018
2553,16.7622807018
2554,16.7675438596
2555,16.7780701754
2556,16.7780701754
2557,16.7780701754
2558,16.7780701754
2559,16.7780701754
2560,16.7780701754
2561,16.7833333333
2562,16.7833333333
2563,16.7908521303
2564,16.80839599
2565,16.80839599
2566,16.80839599
2567,16.80839599
2568,16.80839599
2569,16.80839599
2570,16.80839599
2571,16.9005012531
2572,16.9005012531
2573,16.9005012531
2574,16.9005012531
2575,16.9005012531
2576,16.9005012531
2577,16.9005012531
2578,16.9110275689
2579,16.9110275689
2580,16.9110275689
2581,16.9215538847
2582,16.9215538847
2583,16.9215538847
2584,16.9215538847
2585,16.9215538847
2586,16.9320802005
2587,16.9320802005
2588,16.9320802005
2589,16.9320802005
2590,16.9320802005
2591,16.9320802005
2592,16.9320802005
2593,16.9320802005
2594,16.9452380952
2595,16.9452380952
2596,16.955764411
2597,16.955764411
2598,16.955764411
2599,16.955764411
2600,16.955764411
2601,16.955764411
2602,16.955764411
2603,16.9750626566
2604,16.9750626566
2605,16.9750626566
2606,16.9750626566
2607,16.9750626566
2608,16.9750626566
2609,16.9750626566
2610,16.9838345865
2611,16.9838345865
2612,16.9838345865
2613,16.9838345865
2614,16.9838345865
2615,16.9838345865
2616,16.9838345865
2617,16.9838345865
2618,17.0013784461
2619,17.0013784461
2620,17.0013784461
2621,17.0013784461
2622,17.0013784461
2623,17.0013784461
2624,17.0250626566
2625,17.0250626566
2626,17.0426065163
2627,17.055764411
2628,17.0662907268
2629,17.0662907268
2630,17.0662907268
2631,17.0662907268
2632,17.0750626566
2633,17.0750626566
2634,17.0750626566
2635,17.0750626566
2636,17.0750626566
2637,17.0750626566
2638,17.0882205514
2639,17.0987468672
2640,17.0987468672
2641,17.109273183
2642,17.109273183
2643,17.109273183
2644,17.109273183
2645,17.109273183
2646,17.1167919799
2647,17.1167919799
2648,17.1167919799
2649,17.1167919799
2650,17.1167919799
2651,17.1273182957
2652,17.1799498747
2653,17.1799498747
2654,17.1887218045
2655,17.1887218045
2656,17.1887218045
2657,17.1887218045
2658,17.1887218045
2659,17.1992481203
2660,17.2255639098
2661,17.2255639098
2662,17.2255639098
2663,17.2255639098
2664,17.2255639098
2665,17.2255639098
2666,17.2255639098
2667,17.2255639098
2668,17.2255639098
2669,17.2255639098
2670,17.2255639098
2671,17.2255639098
2672,17.2255639098
2673,17.2255639098
2674,17.2255639098
2675,17.2255639098
2676,17.2255639098
2677,17.2255639098
2678,17.2255639098
2679,17.2255639098
2680,17.2439849624
2681,17.2439849624
2682,17.2439849624
2683,17.2439849624
2684,17.2439849624
2685,17.2439849624
2686,17.2439849624
2687,17.2439849624
2688,17.2439849624
2689,17.2439849624
2690,17.2615288221
2691,17.2615288221
2692,17.2720551378
2693,17.2720551378
2694,17.2895989975
2695,17.2895989975
2696,17.2895989975
2697,17.2895989975
2698,17.2948621554
2699,17.2948621554
2700,17.2948621554
2701,17.2948621554
2702,17.2948621554
2703,17.2948621554
2704,17.2948621554
2705,17.2948621554
2706,17.3088972431
2707,17.3088972431
2708,17.3088972431
2709,17.3088972431
2710,17.3088972431
2711,17.3088972431
2712,17.3088972431
2713,17.3088972431
2714,17.3088972431
2715,17.314160401
2716,17.314160401
2717,17.3743107769
2718,17.3743107769
2719,17.3848370927
2720,17.3848370927
2721,17.3848370927
2722,17.3848370927
2723,17.3848370927
2724,17.4204260652
2725,17.4204260652
2726,17.4204260652
2727,17.4204260652
2728,17.4437343358
2729,17.4437343358
2730,17.4630325815
2731,17.4630325815
2732,17.4630325815
2733,17.4630325815
2734,17.4630325815
2735,17.4761904762
2736,17.4761904762
2737,17.4761904762
2738,17.4761904762
2739,17.4761904762
2740,17.4761904762
2741,17.4761904762
2742,17.4761904762
2743,17.4761904762
2744,17.4937343358
2745,17.4937343358
2746,17.4937343358
2747,17.4937343358
2748,17.4989974937
2749,17.4989974937
2750,17.4989974937
2751,17.5095238095
2752,17.5147869674
2753,17.5323308271
2754,17.5323308271
2755,17.5323308271
2756,17.5323308271
2757,17.5323308271
2758,17.5323308271
2759,17.5323308271
2760,17.5398496241
2761,17.5398496241
2762,17.5398496241
2763,17.5398496241
2764,17.5398496241
2765,17.5398496241
2766,17.5398496241
2767,17.5398496241
2768,17.5398496241
2769,17.5398496241
2770,17.5398496241
2771,17.5398496241
2772,17.5661654135
2773,17.5661654135
2774,17.5749373434
2775,17.5749373434
2776,17.5749373434
2777,17.5749373434
2778,17.5749373434
2779,17.5749373434
2780,17.5749373434
2781,17.5749373434
2782,17.5837092732
2783,17.5837092732
2784,17.5837092732
2785,17.6363408521
2786,17.6363408521
2787,17.6494987469
2788,17.6670426065
2789,17.6670426065
2790,17.6670426065
2791,17.6670426065
2792,17.6670426065
2793,17.6670426065
2794,17.6670426065
2795,17.6670426065
2796,17.6670426065
2797,17.6758145363
2798,17.7021303258
2799,17.7021303258
2800,17.7152882206
2801,17.7333333333
2802,17.7421052632
2803,17.750877193
2804,17.750877193
2805,17.750877193
2806,17.750877193
2807,17.750877193
2808,17.750877193
2809,17.7614035088
2810,17.7614035088
2811,17.7614035088
2812,17.7614035088
2813,17.7614035088
2814,17.7614035088
2815,17.7614035088
2816,17.7614035088
2817,17.7794486216
2818,17.7794486216
2819,17.7794486216
2820,17.7794486216
2821,17.7794486216
2822,17.7794486216
2823,17.7794486216
2824,17.7794486216
2825,17.7794486216
2826,17.7794486216
2827,17.7794486216
2828,17.7794486216
2829,17.7794486216
2830,17.7794486216
2831,17.7794486216
2832,17.7794486216
2833,17.7794486216
2834,17.7899749373
2835,17.7899749373
2836,17.7899749373
2837,17.7899749373
2838,17.7899749373
2839,17.7987468672
2840,17.7987468672
2841,17.7987468672
2842,17.7987468672
2843,17.7987468672
2844,17.7987468672
2845,17.8062656642
2846,17.8062656642
2847,17.8062656642
2848,17.8062656642
2849,17.8115288221
2850,17.8115288221
2851,17.8115288221
2852,17.8115288221
2853,17.8220551378
2854,17.8501253133
2855,17.8501253133
2856,17.8501253133
2857,17.8685463659
2858,17.8760651629
2859,17.8760651629
2860,17.8760651629
2861,17.8760651629
2862,17.8760651629
2863,17.8813283208
2864,17.8813283208
2865,17.8813283208
2866,17.8813283208
2867,17.8901002506
2868,17.9006265664
2869,17.9006265664
2870,17.9006265664
2871,17.9006265664
2872,17.9006265664
2873,17.9006265664
2874,17.9006265664
2875,17.9006265664
2876,17.9181704261
2877,17.9181704261
2878,17.9181704261
2879,17.923433584
2880,17.923433584
2881,17.9409774436
2882,17.9409774436
2883,17.9409774436
2884,17.9541353383
2885,17.9541353383
2886,17.9541353383
2887,17.9541353383
2888,17.9541353383
2889,17.9672932331
2890,17.9672932331
2891,17.9672932331
2892,17.9672932331
2893,17.9672932331
2894,17.9672932331
2895,17.9672932331
2896,17.9804511278
2897,17.9804511278
2898,17.9909774436
2899,17.9909774436
2900,18.0015037594
2901,18.0015037594
2902,18.0015037594
2903,18.0015037594
2904,18.0146616541
2905,18.023433584
2906,18.023433584
2907,18.023433584
2908,18.030952381
2909,18.030952381
2910,18.030952381
2911,18.030952381
2912,18.030952381
2913,18.0384711779
2914,18.0384711779
2915,18.0489974937
2916,18.0489974937
2917,18.0489974937
2918,18.0577694236
2919,18.1100250627
2920,18.1231829574
2921,18.1231829574
2922,18.1307017544
2923,18.1307017544
2924,18.1307017544
2925,18.1307017544
2926,18.1307017544
2927,18.1307017544
2928,18.1307017544
2929,18.1307017544
2930,18.1307017544
2931,18.1307017544
2932,18.1307017544
2933,18.1307017544
2934,18.1307017544
2935,18.1382205514
2936,18.1382205514
2937,18.1382205514
2938,18.1382205514
2939,18.1382205514
2940,18.1382205514
2941,18.1382205514
2942,18.1382205514
2943,18.1382205514
2944,18.1382205514
2945,18.1382205514
2946,18.1382205514
2947,18.1382205514
2948,18.1434837093
2949,18.1434837093
2950,18.1434837093
2951,18.1610275689
2952,18.1610275689
2953,18.1610275689
2954,18.1610275689
2955,18.1715538847
2956,18.1890977444
2957,18.1890977444
2958,18.1890977444
2959,18.204887218
2960,18.204887218
2961,18.2154135338
2962,18.2154135338
2963,18.2154135338
2964,18.2154135338
2965,18.2154135338
2966,18.2206766917
2967,18.2206766917
2968,18.2206766917
2969,18.2206766917
2970,18.2206766917
2971,18.2206766917
2972,18.2206766917
2973,18.2206766917
2974,18.2206766917
2975,18.2206766917
2976,18.2206766917
2977,18.2259398496
2978,18.2259398496
2979,18.2259398496
2980,18.2259398496
2981,18.2259398496
2982,18.2259398496
2983,18.2259398496
2984,18.2259398496
2985,18.2259398496
2986,18.2259398496
2987,18.2259398496
2988,18.2259398496
2989,18.2259398496
2990,18.2390977444
2991,18.2390977444
2992,18.2390977444
2993,18.2829573935
2994,18.2829573935
2995,18.2829573935
2996,18.2829573935
2997,18.2829573935
2998,18.2829573935
2999,18.2829573935
3000,18.2934837093
3001,18.3022556391
3002,18.3127819549
3003,18.3127819549
3004,18.3127819549
3005,18.3127819549
3006,18.3127819549
3007,18.3127819549
3008,18.3215538847
3009,18.3320802005
3010,18.3395989975
3011,18.3395989975
3012,18.3395989975
3013,18.3395989975
3014,18.3395989975
3015,18.3395989975
3016,18.3483709273
3017,18.3483709273
3018,18.3483709273
3019,18.3571428571
3020,18.3571428571
3021,18.3676691729
3022,18.3729323308
3023,18.3729323308
3024,18.3729323308
3025,18.3729323308
3026,18.3729323308
3027,18.3729323308
3028,18.3729323308
3029,18.3729323308
3030,18.3729323308
3031,18.3992481203
3032,18.3992481203
3033,18.3992481203
3034,18.3992481203
3035,18.3992481203
3036,18.4167919799
3037,18.4167919799
3038,18.4273182957
3039,18.4273182957
3040,18.4273182957
3041,18.4273182957
3042,18.4348370927
3043,18.4348370927
3044,18.4348370927
3045,18.4348370927
3046,18.4348370927
3047,18.4479949875
3048,18.4479949875
3049,18.4479949875
3050,18.4479949875
3051,18.4479949875
3052,18.4479949875
3053,18.4611528822
3054,18.4611528822
3055,18.4611528822
3056,18.4611528822
3057,18.4611528822
3058,18.4611528822
3059,18.4611528822
3060,18.471679198
3061,18.471679198
3062,18.471679198
3063,18.4848370927
3064,18.4848370927
3065,18.4953634085
3066,18.5058897243
3067,18.523433584
3068,18.523433584
3069,18.5339598997
3070,18.5339598997
3071,18.5339598997
3072,18.5339598997
3073,18.5339598997
3074,18.5339598997
3075,18.5339598997
3076,18.5339598997
3077,18.5392230576
3078,18.5392230576
3079,18.5444862155
3080,18.5444862155
3081,18.5444862155
3082,18.5444862155
3083,18.5444862155
3084,18.5444862155
3085,18.570802005
3086,18.570802005
3087,18.570802005
3088,18.570802005
3089,18.570802005
3090,18.570802005
3091,18.570802005
3092,18.570802005
3093,18.6339598997
3094,18.6339598997
3095,18.6339598997
3096,18.6339598997
3097,18.6339598997
3098,18.6339598997
3099,18.6339598997
3100,18.6339598997
3101,18.6339598997
3102,18.6339598997
3103,18.6339598997
3104,18.6339598997
3105,18.6339598997
3106,18.6471177945
3107,18.6471177945
3108,18.6576441103
3109,18.6576441103
3110,18.6576441103
3111,18.6664160401
3112,18.6769423559
3113,18.6769423559
3114,18.6857142857
3115,18.6857142857
3116,18.6857142857
3117,18.7093984962
3118,18.7093984962
3119,18.7093984962
3120,18.7093984962
3121,18.7093984962
3122,18.7093984962
3123,18.722556391
3124,18.722556391
3125,18.7357142857
3126,18.7357142857
3127,18.7357142857
3128,18.7357142857
3129,18.7357142857
3130,18.7357142857
3131,18.7444862155
3132,18.7444862155
3133,18.770802005
3134,18.770802005
3135,18.770802005
3136,18.770802005
3137,18.770802005
3138,18.770802005
3139,18.7813283208
3140,18.7813283208
3141,18.7813283208
3142,18.7888471178
3143,18.7888471178
3144,18.7888471178
3145,18.7888471178
3146,18.7963659148
3147,18.7963659148
3148,18.8051378446
3149,18.8051378446
3150,18.8051378446
3151,18.8051378446
3152,18.8051378446
3153,18.8051378446
3154,18.8051378446
3155,18.8051378446
3156,18.8156641604
3157,18.8156641604
3158,18.8156641604
3159,18.8156641604
3160,18.8156641604
3161,18.8156641604
3162,18.8156641604
3163,18.8156641604
3164,18.8261904762
3165,18.8261904762
3166,18.8261904762
3167,18.8261904762
3168,18.8437343358
3169,18.8437343358
3170,18.8437343358
3171,18.8437343358
3172,18.8437343358
3173,18.8437343358
3174,18.8437343358
3175,18.8437343358
3176,18.8437343358
3177,18.8437343358
3178,18.8437343358
3179,18.8437343358
3180,18.8437343358
3181,18.8437343358
3182,18.8437343358
3183,18.8437343358
3184,18.8437343358
3185,18.8437343358
3186,18.8512531328
3187,18.8512531328
3188,18.8644110276
3189,18.8644110276
3190,18.8719298246
3191,18.8719298246
3192,18.8794486216
3193,18.8794486216
3194,18.907518797
3195,18.907518797
3196,18.9255639098
3197,18.9255639098
3198,18.9308270677
3199,18.9308270677
3200,18.9308270677
3201,18.9308270677
3202,18.9308270677
3203,18.9308270677
3204,18.9308270677
3205,18.9308270677
3206,18.9308270677
3207,18.9308270677
3208,18.9746867168
3209,18.9746867168
3210,18.9834586466
3211,18.9834586466
3212,18.9834586466
3213,18.9834586466
3214,19.0097744361
3215,19.0185463659
3216,19.0185463659
3217,19.0185463659
3218,19.0185463659
3219,19.0185463659
3220,19.0711779449
3221,19.0711779449
3222,19.0711779449
3223,19.0711779449
3224,19.0711779449
3225,19.0711779449
3226,19.0711779449
3227,19.0711779449
3228,19.0711779449
3229,19.0711779449
3230,19.0711779449
3231,19.0764411028
3232,19.0764411028
3233,19.0764411028
3234,19.0764411028
3235,19.0764411028
3236,19.0764411028
3237,19.0764411028
3238,19.0764411028
3239,19.0839598997
3240,19.0914786967
3241,19.0914786967
3242,19.0914786967
3243,19.0914786967
3244,19.0914786967
3245,19.1046365915
3246,19.1046365915
3247,19.1177944862
3248,19.1177944862
3249,19.1177944862
3250,19.1177944862
3251,19.128320802
3252,19.128320802
3253,19.128320802
3254,19.128320802
3255,19.128320802
3256,19.1370927318
3257,19.1502506266
3258,19.1502506266
3259,19.1502506266
3260,19.1607769424
3261,19.1607769424
3262,19.1607769424
3263,19.1607769424
3264,19.1607769424
3265,19.1607769424
3266,19.1607769424
3267,19.1607769424
3268,19.1739348371
3269,19.1739348371
3270,19.1739348371
3271,19.179197995
3272,19.179197995
3273,19.179197995
3274,19.179197995
3275,19.179197995
3276,19.1923558897
3277,19.1923558897
3278,19.1923558897
3279,19.1923558897
3280,19.1923558897
3281,19.2028822055
3282,19.2028822055
3283,19.2028822055
3284,19.2028822055
3285,19.2081453634
3286,19.2081453634
3287,19.2169172932
3288,19.2169172932
3289,19.2169172932
3290,19.2169172932
3291,19.2221804511
3292,19.2221804511
3293,19.230952381
3294,19.230952381
3295,19.230952381
3296,19.230952381
3297,19.230952381
3298,19.230952381
3299,19.230952381
3300,19.230952381
3301,19.2414786967
3302,19.2467418546
3303,19.2467418546
3304,19.2467418546
3305,19.2467418546
3306,19.2730576441
3307,19.2730576441
3308,19.2730576441
3309,19.2993734336
3310,19.2993734336
3311,19.2993734336
3312,19.2993734336
3313,19.2993734336
3314,19.2993734336
3315,19.2993734336
3316,19.2993734336
3317,19.2993734336
3318,19.2993734336
3319,19.2993734336
3320,19.2993734336
3321,19.2993734336
3322,19.3169172932
3323,19.3169172932
3324,19.3221804511
3325,19.3221804511
3326,19.3327067669
3327,19.3458646617
3328,19.3458646617
3329,19.3458646617
3330,19.3458646617
3331,19.3458646617
3332,19.3458646617
3333,19.3458646617
3334,19.3721804511
3335,19.3721804511
3336,19.3721804511
3337,19.3721804511
3338,19.3721804511
3339,19.3721804511
3340,19.3827067669
3341,19.3827067669
3342,19.3827067669
3343,19.3827067669
3344,19.3827067669
3345,19.3827067669
3346,19.3827067669
3347,19.3827067669
3348,19.3827067669
3349,19.3827067669
3350,19.4002506266
3351,19.4002506266
3352,19.4002506266
3353,19.4002506266
3354,19.4002506266
3355,19.4077694236
3356,19.4077694236
3357,19.4077694236
3358,19.4209273183
3359,19.4209273183
3360,19.4209273183
3361,19.4209273183
3362,19.4209273183
3363,19.4209273183
3364,19.4209273183
3365,19.4209273183
3366,19.4209273183
3367,19.4209273183
3368,19.4472431078
3369,19.4472431078
3370,19.4472431078
3371,19.4472431078
3372,19.4472431078
3373,19.4472431078
3374,19.4472431078
3375,19.4472431078
3376,19.4577694236
3377,19.4753132832
3378,19.4753132832
3379,19.4928571429
3380,19.5104010025
3381,19.5209273183
3382,19.5209273183
3383,19.5209273183
3384,19.5209273183
3385,19.5209273183
3386,19.534085213
3387,19.5446115288
3388,19.5446115288
3389,19.5446115288
3390,19.5498746867
3391,19.5498746867
3392,19.5498746867
3393,19.5498746867
3394,19.5498746867
3395,19.5630325815
3396,19.5630325815
3397,19.5630325815
3398,19.5630325815
3399,19.5630325815
3400,19.5630325815
3401,19.5630325815
3402,19.5630325815
3403,19.5630325815
3404,19.5630325815
3405,19.5630325815
3406,19.5630325815
3407,19.5630325815
3408,19.5630325815
3409,19.5630325815
3410,19.5630325815
3411,19.5630325815
3412,19.5630325815
3413,19.5630325815
3414,19.5630325815
3415,19.5630325815
3416,19.5630325815
3417,19.5630325815
3418,19.5735588972
3419,19.5735588972
3420,19.5735588972
3421,19.5735588972
3422,19.5735588972
3423,19.5823308271
3424,19.5911027569
3425,19.5911027569
3426,19.5911027569
3427,19.5911027569
3428,19.5911027569
3429,19.5911027569
3430,19.5911027569
3431,19.5911027569
3432,19.6191729323
3433,19.6191729323
3434,19.6191729323
3435,19.6191729323
3436,19.6191729323
3437,19.6266917293
3438,19.6266917293
3439,19.6266917293
3440,19.6266917293
3441,19.6372180451
3442,19.6372180451
3443,19.6372180451
3444,19.6372180451
3445,19.6372180451
3446,19.6372180451
3447,19.6372180451
3448,19.6372180451
3449,19.6372180451
3450,19.6372180451
3451,19.6372180451
3452,19.6547619048
3453,19.6547619048
3454,19.6885964912
3455,19.6885964912
3456,19.7122807018
3457,19.7122807018
3458,19.7122807018
3459,19.7254385965
3460,19.7254385965
3461,19.7254385965
3462,19.7254385965
3463,19.7254385965
3464,19.7254385965
3465,19.7254385965
3466,19.7254385965
3467,19.7254385965
3468,19.7254385965
3469,19.7254385965
3470,19.7254385965
3471,19.7307017544
3472,19.7307017544
3473,19.748245614
3474,19.748245614
3475,19.748245614
3476,19.748245614
3477,19.7535087719
3478,19.7710526316
3479,19.7710526316
3480,19.7710526316
3481,19.7710526316
3482,19.7710526316
3483,19.7710526316
3484,19.7710526316
3485,19.7710526316
3486,19.7710526316
3487,19.7710526316
3488,19.7710526316
3489,19.7798245614
3490,19.7798245614
3491,19.7798245614
3492,19.7798245614
3493,19.7798245614
3494,19.7798245614
3495,19.7798245614
3496,19.7798245614
3497,19.7798245614
3498,19.7798245614
3499,19.7850877193
3500,19.7850877193
3501,19.7850877193
3502,19.7850877193
3503,19.7850877193
3504,19.7850877193
3505,19.7850877193
3506,19.7850877193
3507,19.7938596491
3508,19.7938596491
3509,19.7938596491
3510,19.7938596491
3511,19.7938596491
3512,19.7938596491
3513,19.7938596491
3514,19.7938596491
3515,19.7938596491
3516,19.8464912281
3517,19.8464912281
3518,19.8464912281
3519,19.8464912281
3520,19.8464912281
3521,19.8464912281
3522,19.8464912281
3523,19.899122807
3524,19.899122807
3525,19.899122807
3526,19.899122807
3527,19.899122807
3528,19.899122807
3529,19.899122807
3530,19.9166666667
3531,19.9241854637
3532,19.9241854637
3533,19.9241854637
3534,19.9241854637
3535,19.9241854637
3536,19.9241854637
3537,19.9241854637
3538,19.9241854637
3539,19.9241854637
3540,19.9241854637
3541,19.9347117794
3542,19.9347117794
3543,19.9347117794
3544,19.9347117794
3545,19.9347117794
3546,19.9422305764
3547,19.9422305764
3548,19.9422305764
3549,19.9422305764
3550,19.9497493734
3551,19.9497493734
3552,19.9497493734
3553,19.9497493734
3554,19.9497493734
3555,19.9585213033
3556,19.969047619
3557,19.969047619
3558,19.9795739348
3559,19.9901002506
3560,19.9901002506
3561,20.0076441103
3562,20.0076441103
3563,20.0076441103
3564,20.0076441103
3565,20.0076441103
3566,20.0076441103
3567,20.0076441103
3568,20.0076441103
3569,20.0076441103
3570,20.0076441103
3571,20.0076441103
3572,20.0076441103
3573,20.0181704261
3574,20.0181704261
3575,20.0181704261
3576,20.0181704261
3577,20.0181704261
3578,20.0286967419
3579,20.0286967419
3580,20.0286967419
3581,20.0418546366
3582,20.0418546366
3583,20.0418546366
3584,20.0681704261
3585,20.0681704261
3586,20.0681704261
3587,20.0857142857
3588,20.0988721805
3589,20.0988721805
3590,20.1041353383
3591,20.1093984962
3592,20.1093984962
3593,20.1093984962
3594,20.1093984962
3595,20.1093984962
3596,20.1093984962
3597,20.1532581454
3598,20.1532581454
3599,20.1585213033
3600,20.169047619
3601,20.169047619
3602,20.169047619
3603,20.1865914787
3604,20.1865914787
3605,20.1865914787
3606,20.1865914787
3607,20.1865914787
3608,20.2041353383
3609,20.2041353383
3610,20.2041353383
3611,20.2041353383
3612,20.2146616541
3613,20.2278195489
3614,20.2278195489
3615,20.2278195489
3616,20.2278195489
3617,20.2278195489
3618,20.2330827068
3619,20.2418546366
3620,20.2418546366
3621,20.2418546366
3622,20.2418546366
3623,20.2418546366
3624,20.2418546366
3625,20.2506265664
3626,20.2506265664
3627,20.2506265664
3628,20.2611528822
3629,20.2611528822
3630,20.2611528822
3631,20.2611528822
3632,20.2611528822
3633,20.2611528822
3634,20.2611528822
3635,20.2743107769
3636,20.2743107769
3637,20.2848370927
3638,20.2848370927
3639,20.2848370927
3640,20.2848370927
3641,20.2953634085
3642,20.2953634085
3643,20.2953634085
3644,20.2953634085
3645,20.2953634085
3646,20.2953634085
3647,20.2953634085
3648,20.2953634085
3649,20.3085213033
3650,20.319047619
3651,20.319047619
3652,20.319047619
3653,20.319047619
3654,20.319047619
3655,20.319047619
3656,20.319047619
3657,20.319047619
3658,20.3322055138
3659,20.3322055138
3660,20.3322055138
3661,20.3409774436
3662,20.3409774436
3663,20.3409774436
3664,20.3515037594
3665,20.3515037594
3666,20.369924812
3667,20.369924812
3668,20.369924812
3669,20.369924812
3670,20.3786967419
3671,20.3786967419
3672,20.3918546366
3673,20.3918546366
3674,20.3993734336
3675,20.3993734336
3676,20.3993734336
3677,20.3993734336
3678,20.4098997494
3679,20.4098997494
3680,20.4098997494
3681,20.4098997494
3682,20.4098997494
3683,20.4098997494
3684,20.4098997494
3685,20.427443609
3686,20.427443609
3687,20.427443609
3688,20.4449874687
3689,20.4449874687
3690,20.4449874687
3691,20.4449874687
3692,20.4449874687
3693,20.4449874687
3694,20.4449874687
3695,20.4449874687
3696,20.4449874687
3697,20.4449874687
3698,20.4630325815
3699,20.4630325815
3700,20.4630325815
3701,20.4630325815
3702,20.4630325815
3703,20.4718045113
3704,20.4718045113
3705,20.4718045113
3706,20.4718045113
3707,20.4718045113
3708,20.4718045113
3709,20.4718045113
3710,20.4793233083
3711,20.4793233083
3712,20.4793233083
3713,20.4793233083
3714,20.4793233083
3715,20.4793233083
3716,20.4793233083
3717,20.4793233083
3718,20.4793233083
3719,20.4793233083
3720,20.4793233083
3721,20.4793233083
3722,20.492481203
3723,20.492481203
3724,20.492481203
3725,20.492481203
3726,20.492481203
3727,20.492481203
3728,20.492481203
3729,20.492481203
3730,20.492481203
3731,20.5030075188
3732,20.5205513784
3733,20.5205513784
3734,20.5205513784
3735,20.5310776942
3736,20.5310776942
3737,20.5310776942
3738,20.545112782
3739,20.545112782
3740,20.545112782
3741,20.5582706767
3742,20.5714285714
3743,20.5714285714
3744,20.5714285714
3745,20.5714285714
3746,20.5819548872
3747,20.5819548872
3748,20.6056390977
3749,20.6231829574
3750,20.6231829574
3751,20.6231829574
3752,20.6231829574
3753,20.6307017544
3754,20.6307017544
3755,20.6307017544
3756,20.6570175439
3757,20.6570175439
3758,20.6570175439
3759,20.6745614035
3760,20.6745614035
3761,20.700877193
3762,20.700877193
3763,20.7184210526
3764,20.7184210526
3765,20.7184210526
3766,20.7184210526
3767,20.7259398496
3768,20.7259398496
3769,20.7259398496
3770,20.7259398496
3771,20.7312030075
3772,20.7312030075
3773,20.7312030075
3774,20.7312030075
3775,20.7443609023
3776,20.7969924812
3777,20.7969924812
3778,20.7969924812
3779,20.7969924812
3780,20.8045112782
3781,20.8045112782
3782,20.815037594
3783,20.815037594
3784,20.815037594
3785,20.815037594
3786,20.815037594
3787,20.815037594
3788,20.815037594
3789,20.8281954887
3790,20.8281954887
3791,20.8281954887
3792,20.8281954887
3793,20.8281954887
3794,20.8281954887
3795,20.8281954887
3796,20.8281954887
3797,20.8357142857
3798,20.8357142857
3799,20.8357142857
3800,20.8357142857
3801,20.870802005
3802,20.870802005
3803,20.870802005
3804,20.870802005
3805,20.870802005
3806,20.8883458647
3807,20.8883458647
3808,20.8883458647
3809,20.8883458647
3810,20.8883458647
3811,20.8883458647
3812,20.8883458647
3813,20.8883458647
3814,20.8958646617
3815,20.8958646617
3816,20.9046365915
3817,20.9046365915
3818,20.9151629073
3819,20.9151629073
3820,20.9151629073
3821,20.9151629073
3822,20.9151629073
3823,20.9151629073
3824,20.9256892231
3825,20.9256892231
3826,20.9256892231
3827,20.9256892231
3828,20.9256892231
3829,20.9256892231
3830,20.9256892231
3831,20.9256892231
3832,20.930952381
3833,20.930952381
3834,20.930952381
3835,20.930952381
3836,20.930952381
3837,20.930952381
3838,20.930952381
3839,20.930952381
3840,20.930952381
3841,20.930952381
3842,20.930952381
3843,20.9362155388
3844,20.9362155388
3845,20.9362155388
3846,20.9362155388
3847,20.9437343358
3848,20.9437343358
3849,20.9437343358
3850,20.9437343358
3851,20.9437343358
3852,20.9542606516
3853,20.9542606516
3854,20.9674185464
3855,20.9674185464
3856,20.9674185464
3857,20.9674185464
3858,20.9674185464
3859,20.9674185464
3860,20.9674185464
3861,20.9937343358
3862,20.9937343358
3863,20.9937343358
3864,20.9937343358
3865,20.9937343358
3866,20.9937343358
3867,20.9937343358
3868,20.9989974937
3869,20.9989974937
3870,21.0077694236
3871,21.0077694236
3872,21.0077694236
3873,21.0077694236
3874,21.0077694236
3875,21.0077694236
3876,21.0182957393
3877,21.0182957393
3878,21.0314536341
3879,21.0314536341
3880,21.0489974937
3881,21.0489974937
3882,21.0489974937
3883,21.0489974937
3884,21.0595238095
3885,21.0595238095
3886,21.0595238095
3887,21.0595238095
3888,21.0700501253
3889,21.0700501253
3890,21.0700501253
3891,21.0700501253
3892,21.0700501253
3893,21.0700501253
3894,21.0832080201
3895,21.0832080201
3896,21.0832080201
3897,21.1007518797
3898,21.1007518797
3899,21.1007518797
3900,21.1060150376
3901,21.1060150376
3902,21.1060150376
3903,21.1135338346
3904,21.1266917293
3905,21.1266917293
3906,21.1266917293
3907,21.1266917293
3908,21.1266917293
3909,21.1266917293
3910,21.1266917293
3911,21.1266917293
3912,21.1266917293
3913,21.1266917293
3914,21.1266917293
3915,21.1342105263
3916,21.1342105263
3917,21.1342105263
3918,21.1342105263
3919,21.1342105263
3920,21.1342105263
3921,21.1342105263
3922,21.151754386
3923,21.151754386
3924,21.151754386
3925,21.151754386
3926,21.1649122807
3927,21.1649122807
3928,21.1649122807
3929,21.1649122807
3930,21.1649122807
3931,21.1649122807
3932,21.1649122807
3933,21.1649122807
3934,21.1649122807
3935,21.1649122807
3936,21.1701754386
3937,21.1701754386
3938,21.1701754386
3939,21.1701754386
3940,21.1701754386
3941,21.1701754386
3942,21.1701754386
3943,21.1701754386
3944,21.1701754386
3945,21.1754385965
3946,21.1754385965
3947,21.1807017544
3948,21.1807017544
3949,21.1807017544
3950,21.1807017544
3951,21.1807017544
3952,21.1894736842
3953,21.1894736842
3954,21.2
3955,21.2
3956,21.2
3957,21.2
3958,21.2105263158
3959,21.2157894737
3960,21.2157894737
3961,21.2157894737
3962,21.2157894737
3963,21.2157894737
3964,21.2263157895
3965,21.2350877193
3966,21.2350877193
3967,21.2350877193
3968,21.2350877193
3969,21.2350877193
3970,21.2350877193
3971,21.2350877193
3972,21.2350877193
3973,21.2350877193
3974,21.2350877193
3975,21.2350877193
3976,21.2350877193
3977,21.2350877193
3978,21.2350877193
3979,21.2438596491
3980,21.2438596491
3981,21.2526315789
3982,21.2526315789
3983,21.2526315789
3984,21.2526315789
3985,21.2526315789
3986,21.2526315789
3987,21.2526315789
3988,21.2526315789
3989,21.2657894737
3990,21.2657894737
3991,21.2657894737
3992,21.2657894737
3993,21.2921052632
3994,21.2921052632
3995,21.2921052632
3996,21.300877193
3997,21.300877193
3998,21.300877193
3999,21.300877193
4000,21.300877193
4001,21.300877193
4002,21.3184210526
4003,21.3184210526
4004,21.3184210526
4005,21.3184210526
4006,21.3184210526
4007,21.3184210526
4008,21.3184210526
4009,21.3184210526
4010,21.3184210526
4011,21.3434837093
4012,21.3434837093
4013,21.3434837093
4014,21.356641604
4015,21.356641604
4016,21.356641604
4017,21.356641604
4018,21.356641604
4019,21.3671679198
4020,21.3671679198
4021,21.3671679198
4022,21.3671679198
4023,21.3847117794
4024,21.3847117794
4025,21.3899749373
4026,21.3899749373
4027,21.3987468672
4028,21.3987468672
4029,21.3987468672
4030,21.3987468672
4031,21.3987468672
4032,21.3987468672
4033,21.3987468672
4034,21.3987468672
4035,21.3987468672
4036,21.3987468672
4037,21.3987468672
4038,21.4119047619
4039,21.4382205514
4040,21.4513784461
4041,21.4513784461
4042,21.4513784461
4043,21.4513784461
4044,21.4513784461
4045,21.4513784461
4046,21.4513784461
4047,21.4513784461
4048,21.4513784461
4049,21.4513784461
4050,21.4513784461
4051,21.4513784461
4052,21.4513784461
4053,21.4619047619
4054,21.4671679198
4055,21.4671679198
4056,21.4671679198
4057,21.4671679198
4058,21.4671679198
4059,21.4671679198
4060,21.4671679198
4061,21.4671679198
4062,21.4978696742
4063,21.5110275689
4064,21.5110275689
4065,21.5110275689
4066,21.5110275689
4067,21.5110275689
4068,21.5110275689
4069,21.5110275689
4070,21.5110275689
4071,21.5110275689
4072,21.5110275689
4073,21.5285714286
4074,21.5285714286
4075,21.5285714286
4076,21.5285714286
4077,21.5285714286
4078,21.5285714286
4079,21.5285714286
4080,21.5360902256
4081,21.5360902256
4082,21.5360902256
4083,21.5360902256
4084,21.562406015
4085,21.562406015
4086,21.562406015
4087,21.562406015
4088,21.562406015
4089,21.562406015
4090,21.562406015
4091,21.5711779449
4092,21.5887218045
4093,21.5887218045
4094,21.5887218045
4095,21.5887218045
4096,21.6018796992
4097,21.6018796992
4098,21.6018796992
4099,21.6018796992
4100,21.6018796992
4101,21.6018796992
4102,21.6018796992
4103,21.6194235589
4104,21.6299498747
4105,21.6299498747
4106,21.6299498747
4107,21.6299498747
4108,21.6299498747
4109,21.6299498747
4110,21.6694235589
4111,21.6694235589
4112,21.6694235589
4113,21.6694235589
4114,21.6694235589
4115,21.6694235589
4116,21.6694235589
4117,21.6694235589
4118,21.6694235589
4119,21.6694235589
4120,21.6694235589
4121,21.6694235589
4122,21.6694235589
4123,21.6694235589
4124,21.6694235589
4125,21.6769423559
4126,21.6874686717
4127,21.6874686717
4128,21.6874686717
4129,21.6874686717
4130,21.6874686717
4131,21.6874686717
4132,21.6874686717
4133,21.6874686717
4134,21.6874686717
4135,21.6874686717
4136,21.6874686717
4137,21.6874686717
4138,21.6874686717
4139,21.6874686717
4140,21.6874686717
4141,21.6874686717
4142,21.6874686717
4143,21.6874686717
4144,21.6874686717
4145,21.7050125313
4146,21.7050125313
4147,21.7050125313
4148,21.7102756892
4149,21.7102756892
4150,21.7102756892
4151,21.7102756892
4152,21.7102756892
4153,21.7102756892
4154,21.7102756892
4155,21.7102756892
4156,21.7102756892
4157,21.720802005
4158,21.720802005
4159,21.720802005
4160,21.720802005
4161,21.720802005
4162,21.720802005
4163,21.720802005
4164,21.720802005
4165,21.720802005
4166,21.7295739348
4167,21.7295739348
4168,21.7295739348
4169,21.7348370927
4170,21.7436090226
4171,21.7436090226
4172,21.7436090226
4173,21.7436090226
4174,21.7436090226
4175,21.7436090226
4176,21.7436090226
4177,21.7436090226
4178,21.7436090226
4179,21.7436090226
4180,21.7436090226
4181,21.7436090226
4182,21.7436090226
4183,21.7436090226
4184,21.7541353383
4185,21.7541353383
4186,21.7541353383
4187,21.7593984962
4188,21.7769423559
4189,21.7769423559
4190,21.7769423559
4191,21.7769423559
4192,21.7769423559
4193,21.7769423559
4194,21.7769423559
4195,21.7769423559
4196,21.7769423559
4197,21.7769423559
4198,21.7769423559
4199,21.7769423559
4200,21.7769423559
4201,21.7769423559
4202,21.7769423559
4203,21.7769423559
4204,21.7769423559
4205,21.7769423559
4206,21.7927318296
4207,21.7927318296
4208,21.7927318296
4209,21.8015037594
4210,21.8015037594
4211,21.8015037594
4212,21.8015037594
4213,21.8015037594
4214,21.8015037594
4215,21.8015037594
4216,21.8120300752
4217,21.8120300752
4218,21.8172932331
4219,21.8172932331
4220,21.8172932331
4221,21.822556391
4222,21.8751879699
4223,21.8751879699
4224,21.9015037594
4225,21.9015037594
4226,21.9015037594
4227,21.9015037594
4228,21.9015037594
4229,21.9278195489
4230,21.9278195489
4231,21.9278195489
4232,21.9330827068
4233,21.9593984962
4234,21.9593984962
4235,21.9593984962
4236,21.9593984962
4237,21.9593984962
4238,21.9669172932
4239,21.9669172932
4240,21.9669172932
4241,21.9669172932
4242,21.9669172932
4243,21.9669172932
4244,21.9669172932
4245,21.9669172932
4246,21.977443609
4247,21.977443609
4248,21.977443609
4249,21.977443609
4250,21.977443609
4251,21.977443609
4252,21.977443609
4253,21.977443609
4254,21.977443609
4255,21.977443609
4256,21.9879699248
4257,21.9879699248
4258,21.9879699248
4259,21.9879699248
4260,21.9879699248
4261,21.9879699248
4262,21.9879699248
4263,21.9879699248
4264,21.9879699248
4265,21.9879699248
4266,21.9879699248
4267,21.9879699248
4268,21.9879699248
4269,21.9879699248
4270,21.9954887218
4271,21.9954887218
4272,21.9954887218
4273,21.9954887218
4274,22.0030075188
4275,22.0030075188
4276,22.0030075188
4277,22.0210526316
4278,22.0385964912
4279,22.0385964912
4280,22.0385964912
4281,22.0385964912
4282,22.0578947368
4283,22.0578947368
4284,22.0710526316
4285,22.0710526316
4286,22.0710526316
4287,22.0763157895
4288,22.0850877193
4289,22.0850877193
4290,22.1026315789
4291,22.1026315789
4292,22.1201754386
4293,22.1201754386
4294,22.1201754386
4295,22.1201754386
4296,22.1254385965
4297,22.1254385965
4298,22.1254385965
4299,22.1254385965
4300,22.1254385965
4301,22.1307017544
4302,22.1307017544
4303,22.1307017544
4304,22.1307017544
4305,22.1307017544
4306,22.1307017544
4307,22.1307017544
4308,22.1307017544
4309,22.1438596491
4310,22.1619047619
4311,22.1724310777
4312,22.1724310777
4313,22.1829573935
4314,22.1829573935
4315,22.1829573935
4316,22.1829573935
4317,22.2461152882
4318,22.2636591479
4319,22.2636591479
4320,22.2636591479
4321,22.2636591479
4322,22.2812030075
4323,22.2864661654
4324,22.2969924812
4325,22.2969924812
4326,22.3022556391
4327,22.3022556391
4328,22.3022556391
4329,22.3022556391
4330,22.3022556391
4331,22.3022556391
4332,22.3127819549
4333,22.3127819549
4334,22.3127819549
4335,22.3127819549
4336,22.3127819549
4337,22.3127819549
4338,22.3127819549
4339,22.3215538847
4340,22.3215538847
4341,22.3215538847
4342,22.3215538847
4343,22.3215538847
4344,22.3215538847
4345,22.3215538847
4346,22.3215538847
4347,22.3215538847
4348,22.3215538847
4349,22.3303258145
4350,22.3408521303
4351,22.3408521303
4352,22.3408521303
4353,22.3408521303
4354,22.3408521303
4355,22.3408521303
4356,22.3408521303
4357,22.3483709273
4358,22.3483709273
4359,22.3483709273
4360,22.3483709273
4361,22.3483709273
4362,22.3483709273
4363,22.3588972431
4364,22.3588972431
4365,22.3720551378
4366,22.3720551378
4367,22.3720551378
4368,22.3720551378
4369,22.3825814536
4370,22.3825814536
4371,22.3825814536
4372,22.3825814536
4373,22.3825814536
4374,22.3825814536
4375,22.3825814536
4376,22.3825814536
4377,22.3825814536
4378,22.3825814536
4379,22.3825814536
4380,22.3825814536
4381,22.4001253133
4382,22.4001253133
4383,22.4001253133
4384,22.4001253133
4385,22.4001253133
4386,22.4106516291
4387,22.4281954887
4388,22.4281954887
4389,22.4387218045
4390,22.4387218045
4391,22.4387218045
4392,22.4387218045
4393,22.4387218045
4394,22.4387218045
4395,22.4387218045
4396,22.4492481203
4397,22.4492481203
4398,22.4492481203
4399,22.4492481203
4400,22.4492481203
4401,22.4492481203
4402,22.4492481203
4403,22.4492481203
4404,22.4492481203
4405,22.4492481203
4406,22.4492481203
4407,22.4667919799
4408,22.4667919799
4409,22.4667919799
4410,22.4667919799
4411,22.4667919799
4412,22.4667919799
4413,22.4667919799
4414,22.4667919799
4415,22.4773182957
4416,22.4773182957
4417,22.4773182957
4418,22.5036340852
4419,22.5036340852
4420,22.5036340852
4421,22.5036340852
4422,22.5299498747
4423,22.5299498747
4424,22.5299498747
4425,22.5299498747
4426,22.5404761905
4427,22.5404761905
4428,22.5404761905
4429,22.5404761905
4430,22.5404761905
4431,22.5404761905
4432,22.5404761905
4433,22.5479949875
4434,22.5585213033
4435,22.5637844612
4436,22.5637844612
4437,22.5637844612
4438,22.5637844612
4439,22.5637844612
4440,22.5637844612
4441,22.5637844612
4442,22.5637844612
4443,22.5637844612
4444,22.5637844612
4445,22.5769423559
4446,22.5769423559
4447,22.5769423559
4448,22.5769423559
4449,22.5769423559
4450,22.5769423559
4451,22.5769423559
4452,22.5769423559
4453,22.5769423559
4454,22.5769423559
4455,22.5769423559
4456,22.5944862155
4457,22.5944862155
4458,22.6076441103
4459,22.6076441103
4460,22.6076441103
4461,22.6076441103
4462,22.6076441103
4463,22.6076441103
4464,22.6076441103
4465,22.6076441103
4466,22.6076441103
4467,22.6076441103
4468,22.6076441103
4469,22.6076441103
4470,22.6076441103
4471,22.6076441103
4472,22.6076441103
4473,22.6076441103
4474,22.6164160401
4475,22.6164160401
4476,22.6239348371
4477,22.6239348371
4478,22.6239348371
4479,22.6314536341
4480,22.6314536341
4481,22.6314536341
4482,22.6314536341
4483,22.6314536341
4484,22.6314536341
4485,22.6314536341
4486,22.6314536341
4487,22.6314536341
4488,22.6314536341
4489,22.6314536341
4490,22.6533834586
4491,22.6533834586
4492,22.6665413534
4493,22.6665413534
4494,22.6740601504
4495,22.6740601504
4496,22.6740601504
4497,22.7003759398
4498,22.7179197995
4499,22.7179197995
4500,22.7179197995
4501,22.7179197995
4502,22.7179197995
4503,22.7179197995
4504,22.7179197995
4505,22.7179197995
4506,22.7179197995
4507,22.7179197995
4508,22.7179197995
4509,22.7179197995
4510,22.7179197995
4511,22.7179197995
4512,22.7179197995
4513,22.7179197995
4514,22.7179197995
4515,22.7179197995
4516,22.7179197995
4517,22.7179197995
4518,22.7179197995
4519,22.7179197995
4520,22.7179197995
4521,22.7179197995
4522,22.7179197995
4523,22.7179197995
4524,22.7179197995
4525,22.7179197995
4526,22.7179197995
4527,22.7179197995
4528,22.7266917293
4529,22.7266917293
4530,22.7266917293
4531,22.7266917293
4532,22.7266917293
4533,22.7372180451
4534,22.7372180451
4535,22.7372180451
4536,22.7372180451
4537,22.7372180451
4538,22.7372180451
4539,22.7372180451
4540,22.7372180451
4541,22.7372180451
4542,22.7372180451
4543,22.7372180451
4544,22.7635338346
4545,22.7635338346
4546,22.7635338346
4547,22.7740601504
4548,22.7740601504
4549,22.79160401
4550,22.79160401
4551,22.79160401
4552,22.79160401
4553,22.79160401
4554,22.79160401
4555,22.79160401
4556,22.79160401
4557,22.7968671679
4558,22.7968671679
4559,22.7968671679
4560,22.7968671679
4561,22.7968671679
4562,22.7968671679
4563,22.7968671679
4564,22.8073934837
4565,22.8073934837
4566,22.8073934837
4567,22.8073934837
4568,22.8249373434
4569,22.8249373434
4570,22.8249373434
4571,22.8249373434
4572,22.8249373434
4573,22.8249373434
4574,22.8249373434
4575,22.8249373434
4576,22.8249373434
4577,22.8512531328
4578,22.8512531328
4579,22.8512531328
4580,22.8512531328
4581,22.8512531328
4582,22.8512531328
4583,22.8512531328
4584,22.8512531328
4585,22.8617794486
4586,22.8617794486
4587,22.8617794486
4588,22.8617794486
4589,22.8793233083
4590,22.8793233083
4591,22.8793233083
4592,22.8793233083
4593,22.8845864662
4594,22.895112782
4595,22.9214285714
4596,22.9582706767
4597,22.9582706767
4598,22.9582706767
4599,22.9582706767
4600,22.9582706767
4601,22.9582706767
4602,22.9582706767
4603,22.9582706767
4604,22.9758145363
4605,22.9758145363
4606,22.993358396
4607,22.993358396
4608,22.993358396
4609,22.993358396
4610,22.993358396
4611,22.993358396
4612,22.993358396
4613,22.993358396
4614,22.993358396
4615,22.993358396
4616,22.993358396
4617,22.993358396
4618,22.993358396
4619,22.993358396
4620,22.993358396
4621,22.993358396
4622,23.0038847118
4623,23.0038847118
4624,23.0038847118
4625,23.0038847118
4626,23.0038847118
4627,23.0126566416
4628,23.0126566416
4629,23.0126566416
4630,23.0126566416
4631,23.0126566416
4632,23.0126566416
4633,23.0231829574
4634,23.0494987469
4635,23.0494987469
4636,23.0494987469
4637,23.0494987469
4638,23.0494987469
4639,23.0494987469
4640,23.0494987469
4641,23.0758145363
4642,23.0758145363
4643,23.0758145363
4644,23.1038847118
4645,23.1038847118
4646,23.1038847118
4647,23.1038847118
4648,23.1038847118
4649,23.1038847118
4650,23.1038847118
4651,23.1038847118
4652,23.1038847118
4653,23.1038847118
4654,23.1038847118
4655,23.1038847118
4656,23.1038847118
4657,23.1038847118
4658,23.1038847118
4659,23.1038847118
4660,23.1038847118
4661,23.1038847118
4662,23.1144110276
4663,23.1144110276
4664,23.1144110276
4665,23.1144110276
4666,23.1144110276
4667,23.1219298246
4668,23.1219298246
4669,23.1219298246
4670,23.1219298246
4671,23.1219298246
4672,23.1219298246
4673,23.1219298246
4674,23.1219298246
4675,23.1219298246
4676,23.1219298246
4677,23.1219298246
4678,23.1219298246
4679,23.1219298246
4680,23.1219298246
4681,23.1219298246
4682,23.1219298246
4683,23.1219298246
4684,23.1219298246
4685,23.1394736842
4686,23.1745614035
4687,23.1877192982
4688,23.1877192982
4689,23.2052631579
4690,23.2052631579
4691,23.2140350877
4692,23.2140350877
4693,23.2140350877
4694,23.2140350877
4695,23.2140350877
4696,23.2140350877
4697,23.2140350877
4698,23.2140350877
4699,23.2140350877
4700,23.2140350877
4701,23.2228070175
4702,23.249122807
4703,23.249122807
4704,23.2596491228
4705,23.2649122807
4706,23.2649122807
4707,23.2649122807
4708,23.2649122807
4709,23.2649122807
4710,23.2649122807
4711,23.2649122807
4712,23.2649122807
4713,23.2754385965
4714,23.2754385965
4715,23.2859649123
4716,23.2964912281
4717,23.2964912281
4718,23.2964912281
4719,23.3040100251
4720,23.3115288221
4721,23.3115288221
4722,23.3115288221
4723,23.3115288221
4724,23.3115288221
4725,23.3115288221
4726,23.3220551378
4727,23.3352130326
4728,23.3352130326
4729,23.3352130326
4730,23.3352130326
4731,23.3352130326
4732,23.3352130326
4733,23.3352130326
4734,23.3352130326
4735,23.3352130326
4736,23.3352130326
4737,23.3352130326
4738,23.3352130326
4739,23.3615288221
4740,23.3720551378
4741,23.3720551378
4742,23.3720551378
4743,23.3720551378
4744,23.3720551378
4745,23.3720551378
4746,23.3720551378
4747,23.3720551378
4748,23.3825814536
4749,23.3825814536
4750,23.3931077694
4751,23.3931077694
4752,23.3931077694
4753,23.3931077694
4754,23.3931077694
4755,23.4106516291
4756,23.4194235589
4757,23.4457393484
4758,23.4457393484
4759,23.4457393484
4760,23.4562656642
4761,23.4562656642
4762,23.4562656642
4763,23.4562656642
4764,23.4615288221
4765,23.4808270677
4766,23.4808270677
4767,23.4883458647
4768,23.4883458647
4769,23.4883458647
4770,23.4883458647
4771,23.4883458647
4772,23.4883458647
4773,23.5146616541
4774,23.5146616541
4775,23.5146616541
4776,23.523433584
4777,23.5322055138
4778,23.5322055138
4779,23.5322055138
4780,23.5322055138
4781,23.5453634085
4782,23.5453634085
4783,23.5453634085
4784,23.5453634085
4785,23.5453634085
4786,23.5453634085
4787,23.5453634085
4788,23.5453634085
4789,23.5453634085
4790,23.5453634085
4791,23.5453634085
4792,23.5453634085
4793,23.5453634085
4794,23.5585213033
4795,23.5660401003
4796,23.5660401003
4797,23.5660401003
4798,23.576566416
4799,23.576566416
4800,23.576566416
4801,23.576566416
4802,23.576566416
4803,23.576566416
4804,23.576566416
4805,23.576566416
4806,23.576566416
4807,23.576566416
4808,23.576566416
4809,23.576566416
4810,23.576566416
4811,23.576566416
4812,23.6028822055
4813,23.6209273183
4814,23.6209273183
4815,23.6209273183
4816,23.6209273183
4817,23.6209273183
4818,23.6209273183
4819,23.6209273183
4820,23.6209273183
4821,23.6209273183
4822,23.6209273183
4823,23.6209273183
4824,23.6284461153
4825,23.6284461153
4826,23.64160401
4827,23.6635338346
4828,23.6635338346
4829,23.6635338346
4830,23.6635338346
4831,23.6635338346
4832,23.6687969925
4833,23.6687969925
4834,23.6687969925
4835,23.6793233083
4836,23.6793233083
4837,23.6793233083
4838,23.6793233083
4839,23.6793233083
4840,23.6793233083
4841,23.6793233083
4842,23.6793233083
4843,23.7056390977
4844,23.7109022556
4845,23.7109022556
4846,23.7109022556
4847,23.7109022556
4848,23.7109022556
4849,23.7109022556
4850,23.7109022556
4851,23.7109022556
4852,23.7109022556
4853,23.7109022556
4854,23.7109022556
4855,23.7161654135
4856,23.7161654135
4857,23.7161654135
4858,23.7161654135
4859,23.7161654135
4860,23.7161654135
4861,23.7161654135
4862,23.7161654135
4863,23.7161654135
4864,23.7161654135
4865,23.7161654135
4866,23.7337092732
4867,23.7600250627
4868,23.7600250627
4869,23.7600250627
4870,23.7600250627
4871,23.7600250627
4872,23.7600250627
4873,23.7600250627
4874,23.7600250627
4875,23.7600250627
4876,23.7763157895
4877,23.7763157895
4878,23.7763157895
4879,23.7815789474
4880,23.7815789474
4881,23.7815789474
4882,23.7947368421
4883,23.7947368421
4884,23.7947368421
4885,23.7947368421
4886,23.7947368421
4887,23.8022556391
4888,23.8022556391
4889,23.8022556391
4890,23.8022556391
4891,23.8022556391
4892,23.8022556391
4893,23.8022556391
4894,23.8022556391
4895,23.8022556391
4896,23.8022556391
4897,23.8022556391
4898,23.8022556391
4899,23.8022556391
4900,23.8022556391
4901,23.8022556391
4902,23.8197994987
4903,23.8197994987
4904,23.8273182957
4905,23.8378446115
4906,23.8466165414
4907,23.8466165414
4908,23.8466165414
4909,23.8466165414
4910,23.8466165414
4911,23.8466165414
4912,23.8466165414
4913,23.8518796992
4914,23.8518796992
4915,23.8518796992
4916,23.865037594
4917,23.865037594
4918,23.865037594
4919,23.8703007519
4920,23.8703007519
4921,23.8703007519
4922,23.8703007519
4923,23.8703007519
4924,23.8703007519
4925,23.8703007519
4926,23.8703007519
4927,23.8703007519
4928,23.8703007519
4929,23.8703007519
4930,23.8703007519
4931,23.8703007519
4932,23.8703007519
4933,23.8703007519
4934,23.8703007519
4935,23.8703007519
4936,23.8703007519
4937,23.8703007519
4938,23.8834586466
4939,23.8834586466
4940,23.8834586466
4941,23.8834586466
4942,23.9071428571
4943,23.9071428571
4944,23.9176691729
4945,23.9176691729
4946,23.9176691729
4947,23.9176691729
4948,23.9176691729
4949,23.9176691729
4950,23.9281954887
4951,23.9281954887
4952,23.9281954887
4953,23.9281954887
4954,23.9281954887
4955,23.9387218045
4956,23.9462406015
4957,23.9462406015
4958,23.9462406015
4959,23.9462406015
4960,23.9462406015
4961,23.9462406015
4962,23.9515037594
4963,23.9515037594
4964,23.9515037594
4965,23.9515037594
4966,23.9515037594
4967,23.9602756892
4968,23.9602756892
4969,23.9602756892
4970,23.9602756892
4971,23.9602756892
4972,23.9602756892
4973,23.9602756892
4974,23.9602756892
4975,23.9602756892
4976,23.9602756892
4977,23.9602756892
4978,23.9778195489
4979,23.9778195489
4980,24.0357142857
4981,24.0357142857
4982,24.0357142857
4983,24.0444862155
4984,24.0444862155
4985,24.0444862155
4986,24.0444862155
4987,24.0444862155
4988,24.0444862155
4989,24.0444862155
4990,24.0444862155
4991,24.0444862155
4992,24.0444862155
4993,24.0444862155
4994,24.0444862155
4995,24.0444862155
4996,24.0444862155
4997,24.0444862155
4998,24.0444862155
