1,0.497125895816
2,0.590123163329
3,0.663966740343
4,0.731734886892
5,0.791592852323
6,0.844560382347
7,0.89267180335
8,0.937571688522
9,0.981381766126
10,1.01999074636
11,1.06149594488
12,1.11059661968
13,1.15350414945
14,1.19564153635
15,1.2308451786
16,1.26265303781
17,1.30058258301
18,1.33957535548
19,1.36665220817
20,1.3943030621
21,1.42387725081
22,1.44959519698
23,1.48612534664
24,1.52035958076
25,1.55935516627
26,1.59104945224
27,1.61008081397
28,1.63471480919
29,1.6671239692
30,1.69446891698
31,1.73099625889
32,1.76013138973
33,1.79735465239
34,1.81780540263
35,1.84467862052
36,1.87724456067
37,1.89691590103
38,1.91906806657
39,1.95607270558
40,1.9802157862
41,2.00871817797
42,2.02860912148
43,2.04689038634
44,2.06378095657
45,2.07135311816
46,2.10002986858
47,2.14201797285
48,2.17007598929
49,2.19076588791
50,2.19192420547
51,2.20712469429
52,2.22501696719
53,2.24254147561
54,2.26564420367
55,2.30203073065
56,2.32941234466
57,2.36483842536
58,2.39340340079
59,2.4010493276
60,2.42269314635
61,2.4674582387
62,2.48781718569
63,2.46220632537
64,2.49863247394
65,2.51601566167
66,2.51477380627
67,2.53881372097
68,2.56637095334
69,2.61189602955
70,2.63623292092
71,2.64953185394
72,2.67283172016
73,2.69991435568
74,2.73616284902
75,2.74930139243
76,2.73383938078
77,2.74085739473
78,2.74308999685
79,2.75534400236
80,2.76906971654
81,2.78593605847
82,2.82377836933
83,2.86326227373
84,2.90128660862
85,2.93750711124
86,2.95549649833
87,2.97265704061
88,2.98170155152
89,3.00078595089
90,3.01284569373
91,3.02939100086
92,3.02051357771
93,2.9959717935
94,3.03404224684
95,3.06587909229
96,3.08790355494
97,3.10321873649
98,3.14596449542
99,3.15899539662
100,3.12130596983
101,3.13066276891
102,3.08459699739
103,3.09306290162
104,3.21612799524
105,3.24865124228
106,3.2617076625
107,3.27554521398
108,3.30111272612
109,3.34819287461
110,3.35579597396
111,3.36196638297
112,3.37049049084
113,3.39259825386
114,3.41166005135
115,3.4171100437
116,3.44891350469
117,3.46411099227
118,3.47536653414
119,3.50304796197
120,3.51109465039
121,3.51996821618
122,3.58202632133
123,3.59597398482
124,3.6015621757
125,3.54876275217
126,3.56344844072
127,3.57162039207
128,3.60605416143
129,3.61730301389
130,3.63228568603
131,3.64827581225
132,3.65141876264
133,3.66511337842
134,3.67388758661
135,3.74915029444
136,3.78153608463
137,3.8013961286
138,3.82638642644
139,3.86955244006
140,3.88994660883
141,3.89801930327
142,3.92204019183
143,3.97256459023
144,3.9797526711
145,3.99920078286
146,4.01158447298
147,3.88864132531
148,3.89363526385
149,3.90391173584
150,3.91241085942
151,3.96466729629
152,4.01490813996
153,4.02568062621
154,4.03612057699
155,4.04802336943
156,4.04616887552
157,4.05285366908
158,4.06281212984
159,4.07316134423
160,4.08350187997
161,4.10816804723
162,4.12502368059
163,4.14731153628
164,4.16994836337
165,4.17916690144
166,4.2066764308
167,4.25824209736
168,4.26456311926
169,4.27976546217
170,4.28719596653
171,4.3141369635
172,4.32450675877
173,4.33565521495
174,4.35302688747
175,4.36674924073
176,4.38186816068
177,4.39269198808
178,4.40568567925
179,4.41009927683
180,4.41582076957
181,4.42327209532
182,4.43051332985
183,4.44770018985
184,4.46033747935
185,4.43687264919
186,4.44836739499
187,4.45429261427
188,4.46052461265
189,4.47556494238
190,4.4850251052
191,4.49615813837
192,4.54689545847
193,4.57935880534
194,4.59107535619
195,4.60329679531
196,4.61663023325
197,4.62376386702
198,4.63206182755
199,4.65255449436
200,4.68432110519
201,4.70185456018
202,4.71545914295
203,4.72073618545
204,4.72965751554
205,4.73282053257
206,4.74842520112
207,4.76866352929
208,4.75107226682
209,4.74909256085
210,4.75869352763
211,4.77652840162
212,4.78517939334
213,4.79537586036
214,4.80261737044
215,4.82221129432
216,4.82995905971
217,4.76195141357
218,4.73017322553
219,4.73810790562
220,4.74241941248
221,4.74944053507
222,4.75556519329
223,4.76339886549
224,4.77035637904
225,4.78376180262
226,4.80819584053
227,4.82640399078
228,4.84808041814
229,4.87704684426
230,4.88597746786
231,4.89302549303
232,4.90681242133
233,4.91338110215
234,4.91407668069
235,4.92278955797
236,4.9307249692
237,4.93357640918
238,5.03920116794
239,5.05875946732
240,5.06777097205
241,5.08455534825
242,5.09544693004
243,5.10697026844
244,5.11295805286
245,5.11469233456
246,5.1248701134
247,5.12878252519
248,5.13516058396
249,5.14149688869
250,4.92500245427
251,4.94353040873
252,4.94973177297
253,4.95595397065
254,4.96526678932
255,4.98122156319
256,4.99474371943
257,4.99645683044
258,4.99936422455
259,5.00624478118
260,5.01297071856
261,5.01894380745
262,5.02209266864
263,4.82248306449
264,4.80097475838
265,4.81379903088
266,4.81379903088
267,4.81564469255
268,4.8242495774
269,4.83184601322
270,4.84378568645
271,4.86746515947
272,4.87784461384
273,4.89888916069
274,4.90812669735
275,4.91325866216
276,4.92799822367
277,4.92772041946
278,4.9029331092
279,4.91590218347
280,4.93564762551
281,4.94452672371
282,4.9544681239
283,4.9629046564
284,4.9709899148
285,4.98135632857
286,4.98576497462
287,4.9947115492
288,5.0023721033
289,5.00908458586
290,5.02067639962
291,5.02880836054
292,5.04340735804
293,5.05248264807
294,5.18232723842
295,5.19943944944
296,5.20346022442
297,5.20804032569
298,5.21576091392
299,5.21870209039
300,5.22945183901
301,5.24698970352
302,5.25702996962
303,5.26379507951
304,5.26562388796
305,5.27632538009
306,5.29019429304
307,5.30510386264
308,5.31097544204
309,5.32602069091
310,5.3403188621
311,5.35776560041
312,5.28347738025
313,5.22123338901
314,5.22300288687
315,5.22636660215
316,5.23336530006
317,5.23922467506
318,5.24767820071
319,5.25728571559
320,5.27222461783
321,5.28073394704
322,5.28600714607
323,5.28935416797
324,5.29154767758
325,5.29623517758
326,5.30851732903
327,5.31698444784
328,5.3246853407
329,5.32830828026
330,5.33707685544
331,5.35559876322
332,5.37568043935
333,5.42248196497
334,5.45868973049
335,5.47361082835
336,5.47924247948
337,5.49070600279
338,5.49443671126
339,5.50621213962
340,5.51219099489
341,5.52154814643
342,5.53518892903
343,5.53924470737
344,5.54252578648
345,5.54252578648
346,5.54252578648
347,5.5534496967
348,5.56340577537
349,5.5649855542
350,5.56901399022
351,5.57470119401
352,5.58311655433
353,5.58463557243
354,5.58463557243
355,5.58700524068
356,5.59760798706
357,5.43784850111
358,5.42740025062
359,5.43381515552
360,5.43671580816
361,5.43671580816
362,5.44429097411
363,5.44678813854
364,5.45058315909
365,5.45500665437
366,5.45773810228
367,5.46410280357
368,5.47477199901
369,5.48565347512
370,5.49773751347
371,5.51434746866
372,5.52876980605
373,5.53130787712
374,5.53130787712
375,5.54000983506
376,5.54073499822
377,5.54479591193
378,5.54606494746
379,5.55201965265
380,5.55988798286
381,5.5630706434
382,5.56502300576
383,5.57877879312
384,5.6415959266
385,5.73800127747
386,5.74530235846
387,5.75018850545
388,5.76282693914
389,5.7653610522
390,5.77570743097
391,5.78195381616
392,5.82288520446
393,5.8287135217
394,5.83854258153
395,5.84782433291
396,5.85715535277
397,5.86531678198
398,5.88882641076
399,5.92459603425
400,5.94630882438
401,5.95613958816
402,5.9651418919
403,5.97795797445
404,5.98895662492
405,5.99261159568
406,5.99931424975
407,6.00111361997
408,6.0129032436
409,6.02107538336
410,6.02757356354
411,6.03936625428
412,6.04960017241
413,6.05827463634
414,6.07484860818
415,6.08859129824
416,6.02680232873
417,5.90547300436
418,5.91402001291
419,5.92115880005
420,5.93433747323
421,5.93433747323
422,5.93581895471
423,5.94174488063
424,5.94174488063
425,5.9454097343
426,5.95605608383
427,5.95852521964
428,5.96027419083
429,5.97789052511
430,5.98714661881
431,5.9960355077
432,5.99774490941
433,5.99954927788
434,6.00275915443
435,6.00424063591
436,6.0080677964
437,6.0107363624
438,6.01244576411
439,6.02170502337
440,6.0226309493
441,6.02316004983
442,6.02533524089
443,6.03014689015
444,6.03983349983
445,6.05474932475
446,6.06426499426
447,6.06426499426
448,6.06628519629
449,6.08378399378
450,6.09616494616
451,6.09764642765
452,6.10199590533
453,6.10655430989
454,5.8744995245
455,5.59252609417
456,5.59686064851
457,5.59686064851
458,5.59885865051
459,5.60451965617
460,5.60671745837
461,5.61912409934
462,5.63865694745
463,5.64772480267
464,5.65370173172
465,5.6660346979
466,5.67321982047
467,5.67541762267
468,5.67761542487
469,5.68364126716
470,5.69425482942
471,5.69704568935
472,5.71047670278
473,5.71047670278
474,5.71479381424
475,5.71479381424
476,5.71479381424
477,5.72024135815
478,5.72606459475
479,5.73155910024
480,5.73155910024
481,5.73155910024
482,5.73155910024
483,5.74788563085
484,5.77206145503
485,5.77206145503
486,5.77450345747
487,5.78217832229
488,5.78217832229
489,5.79536513548
490,5.80823797692
491,5.82325226666
492,5.84318745967
493,5.85559172208
494,5.85758972407
495,5.86583148231
496,5.87174864208
497,5.87435501007
498,5.88015476587
499,5.88442827014
500,5.88809127381
501,5.88809127381
502,5.88809127381
503,5.89594056737
504,5.90065014351
505,5.90065014351
506,5.90065014351
507,5.90065014351
508,5.91530215816
509,5.92043036329
510,5.92592486878
511,5.92714587
512,5.92958787245
513,5.92958787245
514,5.93930892063
515,5.94378905588
516,5.95547736757
517,5.96133817343
518,5.96497300014
519,5.96948131234
520,5.97436531722
521,5.97630952686
522,5.98470625833
523,5.99751268268
524,6.00928595214
525,6.01294895581
526,6.02055673264
527,6.02055673264
528,6.02055673264
529,6.02989739199
530,6.03288012354
531,6.0336650529
532,6.0336650529
533,6.0336650529
534,6.04245626169
535,6.06083788007
536,6.07682189605
537,6.07682189605
538,6.07682189605
539,6.10727715508
540,6.12180706961
541,6.13087736439
542,6.13087736439
543,6.13287536639
544,6.13487336839
545,6.13707117059
546,6.14036787388
547,6.14146677498
548,6.14512977865
549,6.15276103628
550,6.15834007263
551,6.15834007263
552,6.16658183087
553,6.18086754515
554,6.19155685584
555,6.33774997294
556,6.49504065189
557,6.49895454621
558,6.49895454621
559,6.50854358731
560,6.51265317635
561,6.51265317635
562,6.51265317635
563,6.51881755991
564,6.51881755991
565,6.52664534856
566,6.53721286324
567,6.54094885328
568,6.5531530874
569,6.55413156098
570,6.56424245465
571,6.5688086647
572,6.57154839073
573,6.58372495085
574,6.5890521959
575,6.59590151097
576,6.60046772102
577,6.62329877124
578,6.62525571841
579,6.62525571841
580,6.62525571841
581,6.62630945919
582,6.62947068153
583,6.63273226013
584,6.64730079662
585,6.65432254199
586,6.66802117213
587,6.68083917604
588,6.71162847807
589,6.71887921819
590,6.72204044053
591,6.7285092381
592,6.73003130811
593,6.73277103414
594,6.75116633747
595,6.75116633747
596,6.7648649676
597,6.76682191477
598,6.76682191477
599,6.76877886193
600,6.76877886193
601,6.76877886193
602,6.77151858796
603,6.77288845097
604,6.77710341409
605,6.77710341409
606,6.78316995029
607,6.78659460783
608,6.80627082202
609,6.81436546711
610,6.81752668944
611,6.81858043022
612,6.81858043022
613,6.82107109025
614,6.82698640781
615,6.82698640781
616,6.83288735618
617,6.84589626507
618,6.85399091016
619,6.85399091016
620,6.85504465094
621,6.85820587327
622,6.8609455993
623,6.8609455993
624,6.87511956298
625,6.99153658133
626,6.99153658133
627,6.99153658133
628,6.99951669646
629,7.00802009782
630,7.00802009782
631,7.00802009782
632,7.00802009782
633,7.00802009782
634,7.00802009782
635,7.0148228189
636,7.04011657277
637,7.05104215512
638,7.05104215512
639,7.05104215512
640,7.05249988107
641,7.05866718316
642,7.06635949085
643,7.07248193983
644,7.07248193983
645,7.07248193983
646,7.07248193983
647,7.07656357248
648,7.07656357248
649,7.07656357248
650,7.07656357248
651,7.07656357248
652,7.09243658835
653,7.09714616449
654,7.09871602321
655,7.10381806402
656,7.11402214565
657,7.11402214565
658,7.11402214565
659,7.11402214565
660,7.11402214565
661,7.11402214565
662,7.11402214565
663,7.11402214565
664,7.11402214565
665,7.11572282593
666,7.12422622729
667,7.12568395323
668,7.12714167918
669,7.13085225432
670,7.13456282946
671,7.14884854375
672,7.15565126483
673,7.17197779545
674,7.17197779545
675,7.17489324734
676,7.18231439762
677,7.18522984952
678,7.18836956694
679,7.20681540682
680,7.22212152926
681,7.22722357008
682,7.23436642722
683,7.2515675934
684,7.2538351671
685,7.26347235531
686,7.26857439613
687,7.26857439613
688,7.26857439613
689,7.26857439613
690,7.28558119885
691,7.28743648642
692,7.31486823834
693,7.33582709807
694,7.34036224546
695,7.34338983012
696,7.34955713221
697,7.35561230153
698,7.3602097449
699,7.37255182459
700,7.38842484047
701,7.38842484047
702,7.38842484047
703,7.39352688128
704,7.40589546508
705,7.41260983914
706,7.41406756509
707,7.41406756509
708,7.43277504808
709,7.44839038513
710,7.45720300108
711,7.4623050419
712,7.4623050419
713,7.47817805777
714,8.29902859903
715,8.48817943961
716,8.50527900671
717,8.51285476428
718,8.51285476428
719,8.51285476428
720,8.51285476428
721,8.51285476428
722,8.51285476428
723,8.51693639694
724,8.51693639694
725,8.51693639694
726,8.51693639694
727,8.51693639694
728,8.51693639694
729,8.51693639694
730,8.51693639694
731,8.51693639694
732,8.51693639694
733,8.51693639694
734,8.51693639694
735,8.52265068265
736,8.53376179376
737,8.54646020646
738,8.55425241425
739,8.56399267399
740,8.5731990232
741,8.59127158556
742,8.5990266876
743,8.5990266876
744,8.61474097331
745,8.62188383046
746,8.64655915513
747,8.6551305837
748,8.65751153608
749,8.66941629799
750,8.66941629799
751,8.66941629799
752,8.68370201227
753,8.69798772656
754,8.72873602588
755,8.73921221636
756,8.73921221636
757,8.73921221636
758,8.74492650207
759,8.74492650207
760,8.74492650207
761,8.74492650207
762,8.75683126397
763,8.77111697826
764,8.77349793064
765,8.77349793064
766,8.77993435136
767,8.78841158841
768,8.79045240474
769,8.82140478569
770,8.83902383331
771,8.83902383331
772,8.83902383331
773,8.84616669045
774,8.85807145236
775,8.88133152562
776,8.88352932782
777,8.89210075639
778,8.89210075639
779,8.89210075639
780,8.89989296418
781,8.90249036678
782,8.90249036678
783,8.90249036678
784,8.90963322392
785,8.9392448821
786,8.9519432948
787,8.97813377099
788,9.00051472337
789,9.00051472337
790,9.00051472337
791,9.00622900909
792,9.02543535829
793,9.03575281861
794,9.04146710432
795,9.04432424718
796,9.04432424718
797,9.05666190952
798,9.07217417503
799,9.07852338138
800,9.08631558917
801,9.08891299177
802,9.08891299177
803,9.08891299177
804,9.08891299177
805,9.08891299177
806,9.08891299177
807,9.08891299177
808,9.08891299177
809,9.09129394415
810,9.10319870606
811,9.10319870606
812,9.10319870606
813,9.11177013463
814,9.11177013463
815,9.12215974502
816,9.12215974502
817,9.12215974502
818,9.13007183293
819,9.14186004472
820,9.15562627848
821,9.15562627848
822,9.15562627848
823,9.16197548483
824,9.16515008801
825,9.18419770705
826,9.19372151658
827,9.19830027116
828,9.21679843966
829,9.21679843966
830,9.223147646
831,9.23441748727
832,9.24632224918
833,9.14485114885
834,9.11396864006
835,9.11396864006
836,9.14243654896
837,9.15278851583
838,9.17913897697
839,9.18309154614
840,9.18743937222
841,9.20008759357
842,9.21505089114
843,9.2181564812
844,9.2181564812
845,9.2181564812
846,9.2181564812
847,9.2181564812
848,9.22995772344
849,9.23741113959
850,9.2482807048
851,9.2482807048
852,9.2482807048
853,9.2482807048
854,9.2482807048
855,9.25449188493
856,9.25449188493
857,9.25449188493
858,9.2741982655
859,9.2852089939
860,9.2852089939
861,9.2852089939
862,9.30169251039
863,9.31970493275
864,9.31970493275
865,9.31970493275
866,9.31970493275
867,9.31970493275
868,9.31970493275
869,9.31970493275
870,9.34724116463
871,9.34724116463
872,9.34724116463
873,9.34724116463
874,9.35593681681
875,9.36028464289
876,9.36423721206
877,9.37609491957
878,9.37609491957
879,9.39348622392
880,9.39783405001
881,9.39783405001
882,9.39783405001
883,9.4126561844
884,9.43454733672
885,9.43789181833
886,9.43789181833
887,9.43789181833
888,9.4465874705
889,9.4465874705
890,9.4465874705
891,9.4465874705
892,9.44969306056
893,9.45279865062
894,9.45279865062
895,9.45279865062
896,9.45279865062
897,9.45279865062
898,9.47115613855
899,9.47598705642
900,9.47909264648
901,9.48219823655
902,9.49800851323
903,9.50135299483
904,9.51138643965
905,9.51138643965
906,9.52476436607
907,9.52476436607
908,9.53563393129
909,9.56317016317
910,9.56317016317
911,9.57186581534
912,9.57621364143
913,9.57621364143
914,9.59795277187
915,9.63815918381
916,9.65651667173
917,9.65651667173
918,9.66837437924
919,9.67232694841
920,9.67232694841
921,9.68418465592
922,9.69683287727
923,9.69683287727
924,9.69683287727
925,9.69683287727
926,9.69683287727
927,9.7149017649
928,9.71885433407
929,9.71885433407
930,9.71885433407
931,9.71885433407
932,9.71885433407
933,9.71885433407
934,9.71885433407
935,9.71885433407
936,9.73071204158
937,9.73466461075
938,9.75774153383
939,9.78315959403
940,9.78315959403
941,9.78315959403
942,9.78315959403
943,9.78315959403
944,9.78750742012
945,9.79620307229
946,9.79930866235
947,9.82096092313
948,9.83160245552
949,9.83643337339
950,9.84609520914
951,9.84609520914
952,9.84609520914
953,9.84609520914
954,9.84609520914
955,9.84609520914
956,9.84609520914
957,9.84609520914
958,9.84609520914
959,9.84609520914
960,9.84609520914
961,9.84609520914
962,9.84609520914
963,9.84609520914
964,9.84609520914
965,9.85230638926
966,9.85230638926
967,9.85230638926
968,9.85230638926
969,9.85230638926
970,9.86100204144
971,9.86100204144
972,9.86100204144
973,9.86100204144
974,9.86100204144
975,9.86100204144
976,9.86100204144
977,9.86100204144
978,9.87681231812
979,9.90000072391
980,9.90621190404
981,9.91242308416
982,9.92111873634
983,9.92546656242
984,9.92546656242
985,9.92546656242
986,9.92546656242
987,9.92546656242
988,9.92546656242
989,9.9302974803
990,9.93995931605
991,9.93995931605
992,9.93995931605
993,9.93995931605
994,9.93995931605
995,9.94865496822
996,9.94865496822
997,9.94865496822
998,9.94865496822
999,9.94865496822
1000,9.94865496822
1001,9.94865496822
1002,9.95735062039
1003,9.95735062039
1004,9.95735062039
1005,9.95735062039
1006,9.95735062039
1007,9.97626648714
1008,9.9793720772
1009,9.9793720772
1010,9.9793720772
1011,9.9793720772
1012,9.9793720772
1013,9.98903391295
1014,9.99386483082
1015,9.99697042088
1016,10.0145687646
1017,10.0145687646
1018,10.0145687646
1019,10.0145687646
1020,10.0294755969
1021,10.038171249
1022,10.0482046939
1023,10.0515491755
1024,10.0515491755
1025,10.0515491755
1026,10.0515491755
1027,10.0515491755
1028,10.0515491755
1029,10.0515491755
1030,10.0515491755
1031,10.0515491755
1032,10.0515491755
1033,10.0742544895
1034,10.0790854073
1035,10.0790854073
1036,10.0790854073
1037,10.0790854073
1038,10.0790854073
1039,10.0921288856
1040,10.1051723639
1041,10.1051723639
1042,10.1051723639
1043,10.1051723639
1044,10.1118613271
1045,10.1185502903
1046,10.1185502903
1047,10.1185502903
1048,10.1185502903
1049,10.1439126091
1050,10.1439126091
1051,10.1439126091
1052,10.1439126091
1053,10.1439126091
1054,10.1439126091
1055,10.1439126091
1056,10.1439126091
1057,10.1526082613
1058,10.1526082613
1059,10.1526082613
1060,10.1526082613
1061,10.1706771489
1062,10.1746297181
1063,10.1785822873
1064,10.1935455848
1065,10.1966511749
1066,10.1966511749
1067,10.1966511749
1068,10.1966511749
1069,10.1966511749
1070,10.1966511749
1071,10.1966511749
1072,10.1966511749
1073,10.1966511749
1074,10.1966511749
1075,10.2111439285
1076,10.2111439285
1077,10.2269542052
1078,10.2269542052
1079,10.2269542052
1080,10.2414469588
1081,10.2414469588
1082,10.2414469588
1083,10.2414469588
1084,10.2414469588
1085,10.2523165241
1086,10.2610121762
1087,10.2610121762
1088,10.2610121762
1089,10.2740556545
1090,10.2740556545
1091,10.2740556545
1092,10.2740556545
1093,10.2740556545
1094,10.2740556545
1095,10.2827513067
1096,10.2827513067
1097,10.2827513067
1098,10.2867038758
1099,10.2985615833
1100,10.2985615833
1101,10.2985615833
1102,10.2985615833
1103,10.3103628256
1104,10.3221640678
1105,10.3395553722
1106,10.3395553722
1107,10.3395553722
1108,10.3395553722
1109,10.3395553722
1110,10.3395553722
1111,10.3439031983
1112,10.3557044405
1113,10.3588100305
1114,10.3588100305
1115,10.3588100305
1116,10.3588100305
1117,10.3588100305
1118,10.3588100305
1119,10.3588100305
1120,10.3588100305
1121,10.3684718663
1122,10.3733027842
1123,10.3733027842
1124,10.3799917474
1125,10.3866807106
1126,10.3866807106
1127,10.3953763628
1128,10.4069705657
1129,10.4214633193
1130,10.4214633193
1131,10.4281522825
1132,10.4348412457
1133,10.4348412457
1134,10.4348412457
1135,10.4348412457
1136,10.465144276
1137,10.465144276
1138,10.465144276
1139,10.4723906528
1140,10.4868834064
1141,10.4868834064
1142,10.4930945866
1143,10.4964390682
1144,10.506472513
1145,10.506472513
1146,10.5095781031
1147,10.5157892832
1148,10.5297644385
1149,10.5297644385
1150,10.5297644385
1151,10.5297644385
1152,10.5297644385
1153,10.5431423649
1154,10.5576351185
1155,10.5576351185
1156,10.5576351185
1157,10.5576351185
1158,10.5576351185
1159,10.5576351185
1160,10.5576351185
1161,10.5576351185
1162,10.5576351185
1163,10.5576351185
1164,10.5576351185
1165,10.5607407086
1166,10.5638462986
1167,10.5638462986
1168,10.5638462986
1169,10.5638462986
1170,10.5843776996
1171,10.5892086175
1172,10.5892086175
1173,10.5892086175
1174,10.5892086175
1175,10.5992420623
1176,10.6025865439
1177,10.6025865439
1178,10.6112821961
1179,10.6112821961
1180,10.6112821961
1181,10.6112821961
1182,10.6112821961
1183,10.6112821961
1184,10.6112821961
1185,10.6112821961
1186,10.6112821961
1187,10.6112821961
1188,10.6112821961
1189,10.6112821961
1190,10.6152347652
1191,10.6270924727
1192,10.6270924727
1193,10.6319233906
1194,10.657395503
1195,10.6674289479
1196,10.6852661831
1197,10.6961357483
1198,10.6961357483
1199,10.6961357483
1200,10.6961357483
1201,10.6961357483
1202,10.6961357483
1203,10.6961357483
1204,10.6961357483
1205,10.7061691931
1206,10.7143445926
1207,10.7373843548
1208,10.7507622812
1209,10.758008658
1210,10.7725014116
1211,10.7725014116
1212,10.7725014116
1213,10.7725014116
1214,10.7725014116
1215,10.7725014116
1216,10.7725014116
1217,10.7811970638
1218,10.7811970638
1219,10.7811970638
1220,10.7811970638
1221,10.7811970638
1222,10.7811970638
1223,10.7811970638
1224,10.7811970638
1225,10.7811970638
1226,10.7811970638
1227,10.7811970638
1228,10.7811970638
1229,10.7811970638
1230,10.7860279817
1231,10.8090677439
1232,10.8209254514
1233,10.8248780205
1234,10.8248780205
1235,10.8279836106
1236,10.8310892007
1237,10.8310892007
1238,10.8397848528
1239,10.8441326789
1240,10.8441326789
1241,10.8441326789
1242,10.8441326789
1243,10.8441326789
1244,10.8441326789
1245,10.8441326789
1246,10.8441326789
1247,10.8441326789
1248,10.8441326789
1249,10.8178329607
1250,10.5974603175
1251,10.6155555556
1252,10.6203174603
1253,10.6203174603
1254,10.6203174603
1255,10.6203174603
1256,10.626984127
1257,10.6403174603
1258,10.6403174603
1259,10.6403174603
1260,10.6403174603
1261,10.6403174603
1262,10.6403174603
1263,10.6584126984
1264,10.6631746032
1265,10.6631746032
1266,10.6631746032
1267,10.6631746032
1268,10.6631746032
1269,10.6798412698
1270,10.6798412698
1271,10.6872486772
1272,10.7020634921
1273,10.7020634921
1274,10.7020634921
1275,10.7020634921
1276,10.7242857143
1277,10.7576190476
1278,10.7671428571
1279,10.7671428571
1280,10.7893650794
1281,10.8004761905
1282,10.8004761905
1283,10.8004761905
1284,10.8004761905
1285,10.8004761905
1286,10.8004761905
1287,10.8004761905
1288,10.8004761905
1289,10.8138095238
1290,10.8138095238
1291,10.8271428571
1292,10.8271428571
1293,10.8271428571
1294,10.8271428571
1295,10.8438095238
1296,10.8438095238
1297,10.8438095238
1298,10.8571428571
1299,10.8571428571
1300,10.8645502646
1301,10.8793650794
1302,10.8793650794
1303,10.8793650794
1304,10.8793650794
1305,10.8793650794
1306,10.8926984127
1307,10.8926984127
1308,10.8926984127
1309,10.8926984127
1310,10.8926984127
1311,10.8926984127
1312,10.8926984127
1313,10.8926984127
1314,10.8926984127
1315,10.8926984127
1316,10.8926984127
1317,10.9075132275
1318,10.9149206349
1319,10.9149206349
1320,10.933015873
1321,10.9377777778
1322,10.9377777778
1323,10.96
1324,10.9711111111
1325,10.9711111111
1326,10.9711111111
1327,10.9711111111
1328,10.9711111111
1329,10.9711111111
1330,10.9877777778
1331,10.9877777778
1332,10.9877777778
1333,10.9877777778
1334,11.0044444444
1335,11.0044444444
1336,11.0044444444
1337,11.013968254
1338,11.013968254
1339,11.013968254
1340,11.013968254
1341,11.013968254
1342,11.013968254
1343,11.013968254
1344,11.013968254
1345,11.013968254
1346,11.013968254
1347,11.013968254
1348,11.013968254
1349,11.0320634921
1350,11.0534920635
1351,11.0534920635
1352,11.0534920635
1353,11.0701587302
1354,11.0701587302
1355,11.0923809524
1356,11.0923809524
1357,11.0923809524
1358,11.0923809524
1359,11.0971428571
1360,11.1019047619
1361,11.1019047619
1362,11.1019047619
1363,11.1019047619
1364,11.1019047619
1365,11.1019047619
1366,11.1019047619
1367,11.1019047619
1368,11.1019047619
1369,11.1152380952
1370,11.1219047619
1371,11.1219047619
1372,11.1219047619
1373,11.1266666667
1374,11.1314285714
1375,11.1314285714
1376,11.1314285714
1377,11.1314285714
1378,11.1314285714
1379,11.1314285714
1380,11.1314285714
1381,11.1314285714
1382,11.1314285714
1383,11.1314285714
1384,11.1447619048
1385,11.1628571429
1386,11.180952381
1387,11.180952381
1388,11.180952381
1389,11.180952381
1390,11.180952381
1391,11.180952381
1392,11.180952381
1393,11.2031746032
1394,11.2253968254
1395,11.2253968254
1396,11.2253968254
1397,11.2253968254
1398,11.2253968254
1399,11.2253968254
1400,11.2253968254
1401,11.2253968254
1402,11.2387301587
1403,11.2387301587
1404,11.2482539683
1405,11.2482539683
1406,11.2615873016
1407,11.2682539683
1408,11.2682539683
1409,11.2682539683
1410,11.2682539683
1411,11.2682539683
1412,11.2815873016
1413,11.2863492063
1414,11.2985185185
1415,11.3133333333
1416,11.3133333333
1417,11.3133333333
1418,11.3228571429
1419,11.3228571429
1420,11.3228571429
1421,11.3361904762
1422,11.3361904762
1423,11.3361904762
1424,11.3457142857
1425,11.3457142857
1426,11.3457142857
1427,11.3457142857
1428,11.3623809524
1429,11.3623809524
1430,11.3623809524
1431,11.3623809524
1432,11.3623809524
1433,11.3623809524
1434,11.3623809524
1435,11.3623809524
1436,11.3623809524
1437,11.3623809524
1438,11.3623809524
1439,11.3623809524
1440,11.3757142857
1441,11.3823809524
1442,11.3823809524
1443,11.3823809524
1444,11.399047619
1445,11.399047619
1446,11.399047619
1447,11.399047619
1448,11.399047619
1449,11.399047619
1450,11.399047619
1451,11.399047619
1452,11.4085714286
1453,11.4085714286
1454,11.4085714286
1455,11.4085714286
1456,11.4085714286
1457,11.4085714286
1458,11.4085714286
1459,11.4085714286
1460,11.4085714286
1461,11.4085714286
1462,11.4085714286
1463,11.4085714286
1464,11.4085714286
1465,11.4085714286
1466,11.4085714286
1467,11.4085714286
1468,11.4085714286
1469,11.4085714286
1470,11.4085714286
1471,11.4133333333
1472,11.4180952381
1473,11.4180952381
1474,11.4180952381
1475,11.4514285714
1476,11.4514285714
1477,11.4514285714
1478,11.4514285714
1479,11.4514285714
1480,11.4514285714
1481,11.4514285714
1482,11.4514285714
1483,11.4514285714
1484,11.4736507937
1485,11.4736507937
1486,11.4736507937
1487,11.4803174603
1488,11.4936507937
1489,11.4936507937
1490,11.5031746032
1491,11.5031746032
1492,11.5031746032
1493,11.5031746032
1494,11.5031746032
1495,11.5253968254
1496,11.5253968254
1497,11.5253968254
1498,11.5387301587
1499,11.5387301587
1500,11.5520634921
1501,11.5753968254
1502,11.5828042328
1503,11.5976190476
1504,11.5976190476
1505,11.5976190476
1506,11.5976190476
1507,11.5976190476
1508,11.630952381
1509,11.630952381
1510,11.630952381
1511,11.630952381
1512,11.6357142857
1513,11.6404761905
1514,11.6404761905
1515,11.6404761905
1516,11.6404761905
1517,11.6404761905
1518,11.6404761905
1519,11.6404761905
1520,11.6404761905
1521,11.6404761905
1522,11.6404761905
1523,11.6404761905
1524,11.6404761905
1525,11.6404761905
1526,11.6404761905
1527,11.6571428571
1528,11.6666666667
1529,11.6666666667
1530,11.6666666667
1531,11.6666666667
1532,11.6666666667
1533,11.6666666667
1534,11.6666666667
1535,11.6814814815
1536,11.6888888889
1537,11.6888888889
1538,11.6888888889
1539,11.7088888889
1540,11.7088888889
1541,11.7088888889
1542,11.7088888889
1543,11.7311111111
1544,11.7311111111
1545,11.7444444444
1546,11.7444444444
1547,11.7444444444
1548,11.7611111111
1549,11.7611111111
1550,11.7611111111
1551,11.7611111111
1552,11.7611111111
1553,11.7611111111
1554,11.7611111111
1555,11.7777777778
1556,11.7777777778
1557,11.7777777778
1558,11.7777777778
1559,11.7873015873
1560,11.7873015873
1561,11.7873015873
1562,11.7873015873
1563,11.7873015873
1564,11.8006349206
1565,11.8006349206
1566,11.8006349206
1567,11.8101587302
1568,11.8523809524
1569,11.8657142857
1570,11.8752380952
1571,11.8752380952
1572,11.8752380952
1573,11.8752380952
1574,11.8752380952
1575,11.8752380952
1576,11.8919047619
1577,11.9052380952
1578,11.9119047619
1579,11.9119047619
1580,11.9214285714
1581,11.9214285714
1582,11.9214285714
1583,11.9214285714
1584,11.9214285714
1585,11.9214285714
1586,11.9347619048
1587,11.9414285714
1588,11.9414285714
1589,11.9414285714
1590,11.9414285714
1591,11.9547619048
1592,11.9614285714
1593,11.9614285714
1594,11.9725396825
1595,11.9947619048
1596,11.9947619048
1597,11.9947619048
1598,11.9947619048
1599,12.0280952381
1600,12.0392063492
1601,12.0614285714
1602,12.0614285714
1603,12.0614285714
1604,12.0661904762
1605,12.070952381
1606,12.0931746032
1607,12.1026984127
1608,12.1026984127
1609,12.1026984127
1610,12.1122222222
1611,12.1122222222
1612,12.1122222222
1613,12.1122222222
1614,12.1336507937
1615,12.1384126984
1616,12.1479365079
1617,12.1701587302
1618,12.1923809524
1619,12.1923809524
1620,12.1923809524
1621,12.2071957672
1622,12.2279365079
1623,12.2279365079
1624,12.2446031746
1625,12.252010582
1626,12.2668253968
1627,12.2668253968
1628,12.2668253968
1629,12.2868253968
1630,12.2868253968
1631,12.2868253968
1632,12.2868253968
1633,12.3068253968
1634,12.3068253968
1635,12.3068253968
1636,12.3068253968
1637,12.3068253968
1638,12.3142328042
1639,12.329047619
1640,12.3385714286
1641,12.3385714286
1642,12.3385714286
1643,12.3385714286
1644,12.3385714286
1645,12.3385714286
1646,12.3385714286
1647,12.3385714286
1648,12.3533862434
1649,12.3607936508
1650,12.3607936508
1651,12.3607936508
1652,12.3607936508
1653,12.3607936508
1654,12.3607936508
1655,12.3607936508
1656,12.3607936508
1657,12.3607936508
1658,12.3607936508
1659,12.3607936508
1660,12.3607936508
1661,12.3607936508
1662,12.3607936508
1663,12.3607936508
1664,12.3607936508
1665,12.3607936508
1666,12.9346560847
1667,13.6853174603
1668,13.6853174603
1669,13.6853174603
1670,13.6853174603
1671,13.6853174603
1672,13.7408730159
1673,13.7408730159
1674,13.7527777778
1675,13.7646825397
1676,13.7765873016
1677,13.7884920635
1678,13.7884920635
1679,13.7884920635
1680,13.7884920635
1681,13.7884920635
1682,13.7884920635
1683,13.7884920635
1684,13.7884920635
1685,13.7884920635
1686,13.7884920635
1687,13.8123015873
1688,13.8123015873
1689,13.8123015873
1690,13.8123015873
1691,13.8123015873
1692,13.853968254
1693,13.853968254
1694,13.853968254
1695,13.853968254
1696,13.853968254
1697,13.8956349206
1698,13.9511904762
1699,13.975
1700,13.975
1701,13.975
1702,13.975
1703,13.975
1704,13.975
1705,14.0083333333
1706,14.0083333333
1707,14.0083333333
1708,14.0083333333
1709,14.0083333333
1710,14.0416666667
1711,14.0416666667
1712,14.0833333333
1713,14.0833333333
1714,14.0833333333
1715,14.0833333333
1716,14.0833333333
1717,14.1166666667
1718,14.1285714286
1719,14.1404761905
1720,14.1404761905
1721,14.1404761905
1722,14.1404761905
1723,14.1404761905
1724,14.1404761905
1725,14.1404761905
1726,14.1404761905
1727,14.1404761905
1728,14.1404761905
1729,14.1404761905
1730,14.1523809524
1731,14.205952381
1732,14.205952381
1733,14.205952381
1734,14.205952381
1735,14.205952381
1736,14.205952381
1737,14.205952381
1738,14.205952381
1739,14.205952381
1740,14.2297619048
1741,14.2297619048
1742,14.2297619048
1743,14.2297619048
1744,14.2297619048
1745,14.2297619048
1746,14.2297619048
1747,14.2297619048
1748,14.2297619048
1749,14.2297619048
1750,14.2297619048
1751,14.2297619048
1752,14.2297619048
1753,14.2297619048
1754,14.2297619048
1755,14.2297619048
1756,14.2297619048
1757,14.2297619048
1758,14.2297619048
1759,14.2297619048
1760,14.2297619048
1761,14.2297619048
1762,14.2297619048
1763,14.2297619048
1764,14.2297619048
1765,14.2297619048
1766,14.2630952381
1767,14.2630952381
1768,14.2630952381
1769,14.2630952381
1770,14.2630952381
1771,14.2630952381
1772,14.2630952381
1773,14.2630952381
1774,14.2964285714
1775,14.3202380952
1776,14.3202380952
1777,14.3202380952
1778,14.3202380952
1779,14.3202380952
1780,14.3202380952
1781,14.3202380952
1782,14.3202380952
1783,14.344047619
1784,14.344047619
1785,14.344047619
1786,14.344047619
1787,14.344047619
1788,14.344047619
1789,14.344047619
1790,14.344047619
1791,14.344047619
1792,14.344047619
1793,14.344047619
1794,14.344047619
1795,14.3773809524
1796,14.3773809524
1797,14.3773809524
1798,14.3773809524
1799,14.419047619
1800,14.419047619
1801,14.4523809524
1802,14.4523809524
1803,14.4523809524
1804,14.4523809524
1805,14.4523809524
1806,14.4523809524
1807,14.4523809524
1808,14.4857142857
1809,14.4857142857
1810,14.4857142857
1811,14.4857142857
1812,14.4857142857
1813,14.4857142857
1814,14.4857142857
1815,14.4857142857
1816,14.5273809524
1817,14.5273809524
1818,14.5273809524
1819,14.5273809524
1820,14.5273809524
1821,14.5273809524
1822,14.5273809524
1823,14.5273809524
1824,14.5273809524
1825,14.5273809524
1826,14.5273809524
1827,14.5273809524
1828,14.5607142857
1829,14.5607142857
1830,14.5607142857
1831,14.5607142857
1832,14.5607142857
1833,14.5607142857
1834,14.5607142857
1835,14.5607142857
1836,14.5607142857
1837,14.5607142857
1838,14.5607142857
1839,14.5607142857
1840,14.6162698413
1841,14.6162698413
1842,14.6162698413
1843,14.6162698413
1844,14.6162698413
1845,14.6162698413
1846,14.6162698413
1847,14.6162698413
1848,14.6162698413
1849,14.6162698413
1850,14.6162698413
1851,14.6162698413
1852,14.6162698413
1853,14.6162698413
1854,14.6496031746
1855,14.6496031746
1856,14.6496031746
1857,14.6496031746
1858,14.6496031746
1859,14.6615079365
1860,14.6734126984
1861,14.6734126984
1862,14.6734126984
1863,14.6734126984
1864,14.6734126984
1865,14.6853174603
1866,14.6972222222
1867,14.6972222222
1868,14.6972222222
1869,14.6972222222
1870,14.6972222222
1871,14.721031746
1872,14.721031746
1873,14.721031746
1874,14.721031746
1875,14.721031746
1876,14.721031746
1877,14.721031746
1878,14.721031746
1879,14.721031746
1880,14.721031746
1881,14.721031746
1882,14.721031746
1883,14.721031746
1884,14.721031746
1885,14.721031746
1886,14.721031746
1887,14.721031746
1888,14.721031746
1889,14.721031746
1890,14.721031746
1891,14.721031746
1892,14.721031746
1893,14.721031746
1894,14.721031746
1895,14.721031746
1896,14.721031746
1897,14.721031746
1898,14.7765873016
1899,14.7765873016
1900,14.7765873016
1901,14.8099206349
1902,14.8099206349
1903,14.8099206349
1904,14.8099206349
1905,14.8218253968
1906,14.8337301587
1907,14.8337301587
1908,14.8337301587
1909,14.8337301587
1910,14.8337301587
1911,14.8892857143
1912,14.8892857143
1913,14.8892857143
1914,14.8892857143
1915,14.9448412698
1916,14.9686507937
1917,14.9686507937
1918,14.9686507937
1919,14.9686507937
1920,15.0242063492
1921,15.0242063492
1922,15.0242063492
1923,15.0242063492
1924,15.0242063492
1925,15.0575396825
1926,15.0575396825
1927,15.0575396825
1928,15.0575396825
1929,15.0575396825
1930,15.0575396825
1931,15.0575396825
1932,15.1130952381
1933,15.1130952381
1934,15.1130952381
1935,15.1130952381
1936,15.1130952381
1937,15.1130952381
1938,15.1130952381
1939,15.1130952381
1940,15.1130952381
1941,15.1130952381
1942,15.1130952381
1943,15.1130952381
1944,15.1130952381
1945,15.1130952381
1946,15.1130952381
1947,15.1130952381
1948,15.1130952381
1949,15.1369047619
1950,15.1369047619
1951,15.1785714286
1952,15.1785714286
1953,15.1785714286
1954,15.1785714286
1955,15.1785714286
1956,15.1785714286
1957,15.1785714286
1958,15.1785714286
1959,15.1785714286
1960,15.1785714286
1961,15.1785714286
1962,15.1785714286
1963,15.1785714286
1964,15.1785714286
1965,15.2202380952
1966,15.2202380952
1967,15.2202380952
1968,15.2202380952
1969,15.2202380952
1970,15.2757936508
1971,15.2757936508
1972,15.2757936508
1973,15.3174603175
1974,15.3174603175
1975,15.3174603175
1976,15.3174603175
1977,15.3174603175
1978,15.3174603175
1979,15.3174603175
1980,15.3507936508
1981,15.3626984127
1982,15.3746031746
1983,15.3746031746
1984,15.3746031746
1985,15.3746031746
1986,15.3746031746
1987,15.3746031746
1988,15.3746031746
1989,15.3746031746
1990,15.4079365079
1991,15.4079365079
1992,15.4412698413
1993,15.4412698413
1994,15.4412698413
1995,15.4412698413
1996,15.4412698413
1997,15.4412698413
1998,15.4412698413
1999,15.4412698413
2000,15.4412698413
2001,15.4412698413
2002,15.4412698413
2003,15.4412698413
2004,15.4412698413
2005,15.4412698413
2006,15.4412698413
2007,15.4412698413
2008,15.4412698413
2009,15.4412698413
2010,15.4412698413
2011,15.4412698413
2012,15.4412698413
2013,15.4412698413
2014,15.4412698413
2015,15.4412698413
2016,15.4746031746
2017,15.4746031746
2018,15.5301587302
2019,15.5301587302
2020,15.5301587302
2021,15.5301587302
2022,15.5301587302
2023,15.5301587302
2024,15.5301587302
2025,15.5301587302
2026,15.5301587302
2027,15.5301587302
2028,15.5301587302
2029,15.5301587302
2030,15.5301587302
2031,15.5301587302
2032,15.5301587302
2033,15.5301587302
2034,15.5301587302
2035,15.5301587302
2036,15.5301587302
2037,15.5301587302
2038,15.5301587302
2039,15.5301587302
2040,15.5301587302
2041,15.5301587302
2042,15.553968254
2043,15.553968254
2044,15.553968254
2045,15.553968254
2046,15.553968254
2047,15.553968254
2048,15.553968254
2049,15.553968254
2050,15.553968254
2051,15.553968254
2052,15.553968254
2053,15.553968254
2054,15.553968254
2055,15.553968254
2056,15.553968254
2057,15.553968254
2058,15.553968254
2059,15.553968254
2060,15.553968254
2061,15.553968254
2062,15.553968254
2063,15.553968254
2064,15.553968254
2065,15.553968254
2066,15.553968254
2067,15.553968254
2068,15.553968254
2069,15.553968254
2070,15.553968254
2071,15.553968254
2072,15.553968254
2073,15.553968254
2074,15.553968254
2075,15.553968254
2076,15.553968254
2077,15.553968254
2078,15.553968254
2079,15.553968254
2080,15.5873015873
2081,15.5873015873
2082,15.5873015873
2083,15.628968254
2084,15.628968254
2085,15.628968254
2086,15.628968254
2087,15.628968254
2088,15.628968254
2089,15.628968254
2090,15.628968254
2091,15.628968254
2092,15.628968254
2093,15.628968254
2094,15.628968254
2095,15.628968254
2096,15.6623015873
2097,15.7178571429
2098,15.7178571429
2099,15.7178571429
2100,15.7178571429
2101,15.7178571429
2102,15.7297619048
2103,15.7416666667
2104,15.7416666667
2105,15.7416666667
2106,15.7416666667
2107,15.7416666667
2108,15.7416666667
2109,15.7416666667
2110,15.7416666667
2111,15.7416666667
2112,15.7416666667
2113,15.7416666667
2114,15.7416666667
2115,15.7416666667
2116,15.7416666667
2117,15.775
2118,15.775
2119,15.775
2120,15.775
2121,15.775
2122,15.775
2123,15.775
2124,15.775
2125,15.775
2126,15.775
2127,15.775
2128,15.775
2129,15.775
2130,15.775
2131,15.775
2132,15.775
2133,15.775
2134,15.775
2135,15.8166666667
2136,15.8166666667
2137,15.8583333333
2138,15.8583333333
2139,15.8583333333
2140,15.8583333333
2141,15.8583333333
2142,15.8916666667
2143,15.8916666667
2144,15.8916666667
2145,15.9333333333
2146,15.9333333333
2147,15.9333333333
2148,15.9333333333
2149,15.9333333333
2150,15.9333333333
2151,15.9333333333
2152,15.9333333333
2153,15.9333333333
2154,15.9333333333
2155,15.9888888889
2156,15.9888888889
2157,15.9888888889
2158,16.0305555556
2159,16.0305555556
2160,16.0305555556
2161,16.0305555556
2162,16.0305555556
2163,16.0305555556
2164,16.0305555556
2165,16.0305555556
2166,16.0305555556
2167,16.0305555556
2168,16.0305555556
2169,16.0305555556
2170,16.0305555556
2171,16.0305555556
2172,16.0305555556
2173,16.0305555556
2174,16.0305555556
2175,16.0305555556
2176,16.0305555556
2177,16.0305555556
2178,16.0305555556
2179,16.0305555556
2180,16.0305555556
2181,16.0305555556
2182,16.0305555556
2183,16.0305555556
2184,16.0305555556
2185,16.0305555556
2186,16.0305555556
2187,16.0305555556
2188,16.0638888889
2189,16.0638888889
2190,16.0638888889
2191,16.0638888889
2192,16.0757936508
2193,16.0876984127
2194,16.1293650794
2195,16.1293650794
2196,16.1293650794
2197,16.1293650794
2198,16.1293650794
2199,16.1293650794
2200,16.1293650794
2201,16.1293650794
2202,16.1293650794
2203,16.1293650794
2204,16.1293650794
2205,16.1849206349
2206,16.1849206349
2207,16.1849206349
2208,16.1849206349
2209,16.1849206349
2210,16.1849206349
2211,16.1849206349
2212,16.1849206349
2213,16.1849206349
2214,16.1849206349
2215,16.1849206349
2216,16.1849206349
2217,16.1849206349
2218,16.1849206349
2219,16.2599206349
2220,16.2599206349
2221,16.2599206349
2222,16.2932539683
2223,16.2932539683
2224,16.2932539683
2225,16.2932539683
2226,16.2932539683
2227,16.2932539683
2228,16.2932539683
2229,16.2932539683
2230,16.2932539683
2231,16.2932539683
2232,16.2932539683
2233,16.2932539683
2234,16.2932539683
2235,16.2932539683
2236,16.2932539683
2237,16.3265873016
2238,16.3265873016
2239,16.3599206349
2240,16.3599206349
2241,16.3599206349
2242,16.4015873016
2243,16.4015873016
2244,16.4015873016
2245,16.4015873016
2246,16.4015873016
2247,16.4571428571
2248,16.4571428571
2249,16.4571428571
2250,16.4571428571
2251,16.4571428571
2252,16.4571428571
2253,16.4571428571
2254,16.5107142857
2255,16.5226190476
2256,16.5226190476
2257,16.5226190476
2258,16.5226190476
2259,16.5226190476
2260,16.5226190476
2261,16.5226190476
2262,16.5226190476
2263,16.5226190476
2264,16.5226190476
2265,16.5226190476
2266,16.5226190476
2267,16.5226190476
2268,16.5226190476
2269,16.5226190476
2270,16.5226190476
2271,16.5226190476
2272,16.5226190476
2273,16.5226190476
2274,16.5226190476
2275,16.5226190476
2276,16.5226190476
2277,16.5226190476
2278,16.5226190476
2279,16.5226190476
2280,16.5226190476
2281,16.5226190476
2282,16.555952381
2283,16.555952381
2284,16.555952381
2285,16.555952381
2286,16.555952381
2287,16.555952381
2288,16.555952381
2289,16.555952381
2290,16.555952381
2291,16.555952381
2292,16.555952381
2293,16.555952381
2294,16.555952381
2295,16.555952381
2296,16.555952381
2297,16.555952381
2298,16.555952381
2299,16.5892857143
2300,16.6226190476
2301,16.6226190476
2302,16.6226190476
2303,16.6642857143
2304,16.6642857143
2305,16.6642857143
2306,16.6642857143
2307,16.6642857143
2308,16.6642857143
2309,16.6642857143
2310,16.6642857143
2311,16.6976190476
2312,16.6976190476
2313,16.6976190476
2314,16.6976190476
2315,16.6976190476
2316,16.6976190476
2317,16.730952381
2318,16.730952381
2319,16.730952381
2320,16.730952381
2321,16.730952381
2322,16.730952381
2323,16.730952381
2324,16.730952381
2325,16.730952381
2326,16.730952381
2327,16.730952381
2328,16.730952381
2329,16.730952381
2330,16.7642857143
2331,16.7880952381
2332,16.7880952381
2333,16.7880952381
2334,16.7880952381
2335,16.7880952381
2336,16.7880952381
2337,16.7880952381
2338,16.7880952381
2339,16.7880952381
2340,16.7880952381
2341,16.7880952381
2342,16.7880952381
2343,16.7880952381
2344,16.7880952381
2345,16.7880952381
2346,16.7880952381
2347,16.7880952381
2348,16.7880952381
2349,16.7880952381
2350,16.8297619048
2351,16.9047619048
2352,16.9047619048
2353,16.9047619048
2354,16.9047619048
2355,16.9047619048
2356,16.9047619048
2357,16.9047619048
2358,16.9047619048
2359,16.9047619048
2360,16.9047619048
2361,16.9047619048
2362,16.9047619048
2363,16.9047619048
2364,16.9047619048
2365,16.9047619048
2366,16.9047619048
2367,16.9047619048
2368,16.9047619048
2369,16.9047619048
2370,16.9047619048
2371,16.9047619048
2372,16.9047619048
2373,16.9047619048
2374,16.9047619048
2375,16.9047619048
2376,16.9047619048
2377,16.9380952381
2378,16.9380952381
2379,16.9380952381
2380,16.9380952381
2381,16.9380952381
2382,16.9380952381
2383,16.9714285714
2384,16.9714285714
2385,16.9714285714
2386,16.9714285714
2387,16.9714285714
2388,16.9833333333
2389,16.9952380952
2390,16.9952380952
2391,16.9952380952
2392,16.9952380952
2393,16.9952380952
2394,17.0285714286
2395,17.0404761905
2396,17.1079365079
2397,17.1079365079
2398,17.1079365079
2399,17.1079365079
2400,17.1079365079
2401,17.1079365079
2402,17.1079365079
2403,17.1079365079
2404,17.1079365079
2405,17.1079365079
2406,17.1317460317
2407,17.1317460317
2408,17.1317460317
2409,17.1317460317
2410,17.1317460317
2411,17.1317460317
2412,17.1317460317
2413,17.1317460317
2414,17.1317460317
2415,17.1317460317
2416,17.1317460317
2417,17.1317460317
2418,17.1317460317
2419,17.1317460317
2420,17.1317460317
2421,17.1317460317
2422,17.1317460317
2423,17.1317460317
2424,17.1317460317
2425,17.1317460317
2426,17.1317460317
2427,17.1317460317
2428,17.1317460317
2429,17.1317460317
2430,17.1317460317
2431,17.1317460317
2432,17.1317460317
2433,17.1650793651
2434,17.1650793651
2435,17.1650793651
2436,17.1650793651
2437,17.1650793651
2438,17.1650793651
2439,17.1650793651
2440,17.1650793651
2441,17.1650793651
2442,17.1650793651
2443,17.2206349206
2444,17.2206349206
2445,17.2206349206
2446,17.2206349206
2447,17.2206349206
2448,17.2206349206
2449,17.2206349206
2450,17.2206349206
2451,17.2623015873
2452,17.3178571429
2453,17.3178571429
2454,17.3178571429
2455,17.3511904762
2456,17.3511904762
2457,17.3511904762
2458,17.3511904762
2459,17.3511904762
2460,17.3511904762
2461,17.3511904762
2462,17.3511904762
2463,17.3511904762
2464,17.3511904762
2465,17.3845238095
2466,17.3845238095
2467,17.3845238095
2468,17.3845238095
2469,17.3845238095
2470,17.3845238095
2471,17.3845238095
2472,17.3845238095
2473,17.3845238095
2474,17.3845238095
2475,17.3845238095
2476,17.3845238095
2477,17.3845238095
2478,17.3845238095
2479,17.3845238095
2480,17.4083333333
2481,17.4083333333
2482,17.4083333333
2483,17.4083333333
2484,17.4083333333
2485,17.4083333333
2486,17.4083333333
2487,17.4083333333
2488,17.4083333333
2489,17.4083333333
2490,17.4083333333
2491,17.45
2492,17.45
2493,17.45
2494,17.45
2495,17.45
2496,17.45
2497,17.45
2498,17.45
2499,18.14
2500,19.175
2501,19.175
2502,19.175
2503,19.175
2504,19.175
2505,19.175
2506,19.175
2507,19.175
2508,19.175
2509,19.175
2510,19.175
2511,19.175
2512,19.175
2513,19.175
2514,19.175
2515,19.175
2516,19.175
2517,19.175
2518,19.175
2519,19.175
2520,19.175
2521,19.175
2522,19.175
2523,19.175
2524,19.175
2525,19.175
2526,19.175
2527,19.175
2528,19.175
2529,19.175
2530,19.175
2531,19.175
2532,19.175
2533,19.175
2534,19.225
2535,19.225
2536,19.225
2537,19.225
2538,19.225
2539,19.225
2540,19.225
2541,19.225
2542,19.225
2543,19.225
2544,19.225
2545,19.225
2546,19.225
2547,19.225
2548,19.225
2549,19.225
2550,19.225
2551,19.225
2552,19.225
2553,19.275
2554,19.275
2555,19.275
2556,19.275
2557,19.275
2558,19.275
2559,19.275
2560,19.275
2561,19.3583333333
2562,19.3583333333
2563,19.3583333333
2564,19.3583333333
2565,19.3583333333
2566,19.3583333333
2567,19.3583333333
2568,19.3583333333
2569,19.3583333333
2570,19.3583333333
2571,19.3583333333
2572,19.3583333333
2573,19.3583333333
2574,19.3583333333
2575,19.3583333333
2576,19.3583333333
2577,19.3583333333
2578,19.3583333333
2579,19.3583333333
2580,19.3583333333
2581,19.3583333333
2582,19.3583333333
2583,19.3583333333
2584,19.4208333333
2585,19.4208333333
2586,19.4208333333
2587,19.4208333333
2588,19.4208333333
2589,19.4208333333
2590,19.4208333333
2591,19.4708333333
2592,19.4708333333
2593,19.4708333333
2594,19.4708333333
2595,19.4708333333
2596,19.4708333333
2597,19.4708333333
2598,19.4708333333
2599,19.4708333333
2600,19.4708333333
2601,19.4708333333
2602,19.4708333333
2603,19.4708333333
2604,19.4708333333
2605,19.4708333333
2606,19.4708333333
2607,19.4708333333
2608,19.4708333333
2609,19.4708333333
2610,19.4708333333
2611,19.4708333333
2612,19.4708333333
2613,19.5208333333
2614,19.5208333333
2615,19.5208333333
2616,19.5208333333
2617,19.5208333333
2618,19.5208333333
2619,19.5208333333
2620,19.5208333333
2621,19.5208333333
2622,19.5208333333
2623,19.5208333333
2624,19.5208333333
2625,19.5208333333
2626,19.5208333333
2627,19.5208333333
2628,19.5208333333
2629,19.5208333333
2630,19.5208333333
2631,19.5208333333
2632,19.5208333333
2633,19.5208333333
2634,19.5208333333
2635,19.5208333333
2636,19.5208333333
2637,19.5208333333
2638,19.6041666667
2639,19.6041666667
2640,19.6541666667
2641,19.7041666667
2642,19.7041666667
2643,19.7041666667
2644,19.7041666667
2645,19.7041666667
2646,19.7041666667
2647,19.7041666667
2648,19.7041666667
2649,19.7666666667
2650,19.7666666667
2651,19.7666666667
2652,19.7666666667
2653,19.7666666667
2654,19.7666666667
2655,19.7666666667
2656,19.8166666667
2657,19.8166666667
2658,19.8166666667
2659,19.8166666667
2660,19.8166666667
2661,19.8166666667
2662,19.8166666667
2663,19.8166666667
2664,19.8166666667
2665,19.8166666667
2666,19.8166666667
2667,19.8166666667
2668,19.8166666667
2669,19.8166666667
2670,19.8166666667
2671,19.8166666667
2672,19.8166666667
2673,19.8166666667
2674,19.8166666667
2675,19.8166666667
2676,19.8166666667
2677,19.8166666667
2678,19.8166666667
2679,19.8166666667
2680,19.8166666667
2681,19.8166666667
2682,19.8166666667
2683,19.8166666667
2684,19.8166666667
2685,19.8166666667
2686,19.8166666667
2687,19.8166666667
2688,19.8166666667
2689,19.8166666667
2690,19.8166666667
2691,19.8166666667
2692,19.8166666667
2693,19.8166666667
2694,19.8166666667
2695,19.8166666667
2696,19.8166666667
2697,19.8166666667
2698,19.8166666667
2699,19.8166666667
2700,19.8166666667
2701,19.8166666667
2702,19.8166666667
2703,19.8166666667
2704,19.8166666667
2705,19.8166666667
2706,19.8166666667
2707,19.8166666667
2708,19.8166666667
2709,19.8166666667
2710,19.8166666667
2711,19.8166666667
2712,19.8166666667
2713,19.8166666667
2714,19.8166666667
2715,19.8166666667
2716,19.8166666667
2717,19.8166666667
2718,19.8166666667
2719,19.8166666667
2720,19.8166666667
2721,19.8166666667
2722,19.8166666667
2723,19.8166666667
2724,19.8166666667
2725,19.8166666667
2726,19.8166666667
2727,19.8166666667
2728,19.8166666667
2729,19.8166666667
2730,19.8166666667
2731,19.8166666667
2732,19.8166666667
2733,19.8166666667
2734,19.8166666667
2735,19.8166666667
2736,19.8166666667
2737,19.8166666667
2738,19.8166666667
2739,19.8166666667
2740,19.8166666667
2741,19.8166666667
2742,19.8166666667
2743,19.8166666667
2744,19.8166666667
2745,19.8166666667
2746,19.8166666667
2747,19.8166666667
2748,19.8166666667
2749,19.8166666667
2750,19.8166666667
2751,19.8166666667
2752,19.8166666667
2753,19.8166666667
2754,19.8166666667
2755,19.8166666667
2756,19.8166666667
2757,19.8166666667
2758,19.8166666667
2759,19.8666666667
2760,19.9166666667
2761,19.9166666667
2762,19.9166666667
2763,19.9166666667
2764,19.9166666667
2765,19.9166666667
2766,19.9166666667
2767,19.9166666667
2768,19.9166666667
2769,19.9166666667
2770,19.9166666667
2771,19.9166666667
2772,19.9166666667
2773,19.9166666667
2774,19.9166666667
2775,19.9166666667
2776,19.9166666667
2777,19.9166666667
2778,19.9166666667
2779,19.9166666667
2780,19.9166666667
2781,19.9166666667
2782,19.9166666667
2783,19.9166666667
2784,19.9166666667
2785,19.9166666667
2786,19.9166666667
2787,19.9166666667
2788,19.9166666667
2789,19.9166666667
2790,19.9166666667
2791,19.9166666667
2792,19.9666666667
2793,19.9666666667
2794,19.9666666667
2795,19.9666666667
2796,19.9666666667
2797,20.0166666667
2798,20.0166666667
2799,20.0166666667
2800,20.0166666667
2801,20.0166666667
2802,20.0166666667
2803,20.0166666667
2804,20.0166666667
2805,20.0166666667
2806,20.0666666667
2807,20.0666666667
2808,20.0666666667
2809,20.0666666667
2810,20.0666666667
2811,20.0666666667
2812,20.0666666667
2813,20.0666666667
2814,20.0666666667
2815,20.0666666667
2816,20.0666666667
2817,20.1166666667
2818,20.1791666667
2819,20.1791666667
2820,20.1791666667
2821,20.1791666667
2822,20.1791666667
2823,20.1791666667
2824,20.1791666667
2825,20.1791666667
2826,20.1791666667
2827,20.1791666667
2828,20.1791666667
2829,20.1791666667
2830,20.1791666667
2831,20.1791666667
2832,20.1791666667
2833,20.1791666667
2834,20.1791666667
2835,20.1791666667
2836,20.1791666667
2837,20.1791666667
2838,20.1791666667
2839,20.1791666667
2840,20.1791666667
2841,20.1791666667
2842,20.1791666667
2843,20.1791666667
2844,20.1791666667
2845,20.1791666667
2846,20.1791666667
2847,20.1791666667
2848,20.1791666667
2849,20.1791666667
2850,20.1791666667
2851,20.1791666667
2852,20.1791666667
2853,20.1791666667
2854,20.1791666667
2855,20.1791666667
2856,20.1791666667
2857,20.1791666667
2858,20.1791666667
2859,20.1791666667
2860,20.1791666667
2861,20.1791666667
2862,20.1791666667
2863,20.1791666667
2864,20.1791666667
2865,20.1791666667
2866,20.1791666667
2867,20.1791666667
2868,20.1791666667
2869,20.1791666667
2870,20.1791666667
2871,20.1791666667
2872,20.1791666667
2873,20.1791666667
2874,20.1791666667
2875,20.1791666667
2876,20.1791666667
2877,20.1791666667
2878,20.1791666667
2879,20.1791666667
2880,20.1791666667
2881,20.1791666667
2882,20.1791666667
2883,20.1791666667
2884,20.1791666667
2885,20.1791666667
2886,20.1791666667
2887,20.1791666667
2888,20.1791666667
2889,20.1791666667
2890,20.1791666667
2891,20.1791666667
2892,20.1791666667
2893,20.1791666667
2894,20.1791666667
2895,20.1791666667
2896,20.1791666667
2897,20.1791666667
2898,20.1791666667
2899,20.1791666667
2900,20.1791666667
2901,20.1791666667
2902,20.1791666667
2903,20.1791666667
2904,20.1791666667
2905,20.1791666667
2906,20.1791666667
2907,20.1791666667
2908,20.1791666667
2909,20.2291666667
2910,20.2916666667
2911,20.3541666667
2912,20.3541666667
2913,20.3541666667
2914,20.3541666667
2915,20.3541666667
2916,20.3541666667
2917,20.3541666667
2918,20.4041666667
2919,20.4041666667
2920,20.4041666667
2921,20.4041666667
2922,20.4041666667
2923,20.4041666667
2924,20.4041666667
2925,20.4041666667
2926,20.4041666667
2927,20.4041666667
2928,20.4041666667
2929,20.4041666667
2930,20.4041666667
2931,20.4041666667
2932,20.4041666667
2933,20.4041666667
2934,20.4041666667
2935,20.4041666667
2936,20.4666666667
2937,20.4666666667
2938,20.55
2939,20.55
2940,20.55
2941,20.55
2942,20.55
2943,20.55
2944,20.55
2945,20.55
2946,20.55
2947,20.55
2948,20.55
2949,20.55
2950,20.55
2951,20.55
2952,20.55
2953,20.55
2954,20.55
2955,20.55
2956,20.55
2957,20.55
2958,20.55
2959,20.55
2960,20.55
2961,20.55
2962,20.55
2963,20.55
2964,20.6
2965,20.6
2966,20.6
2967,20.65
2968,20.65
2969,20.65
2970,20.65
2971,20.65
2972,20.65
2973,20.65
2974,20.65
2975,20.65
2976,20.65
2977,20.65
2978,20.65
2979,20.65
2980,20.65
2981,20.65
2982,20.65
2983,20.65
2984,20.7
2985,20.7
2986,20.7
2987,20.7
2988,20.7
2989,20.7
2990,20.7
2991,20.7
2992,20.7
2993,20.7
2994,20.75
2995,20.75
2996,20.75
2997,20.75
2998,20.75
2999,20.8125
3000,20.8125
3001,20.8125
3002,20.8125
3003,20.8125
3004,20.8125
3005,20.8125
3006,20.8625
3007,20.8625
3008,20.8625
3009,20.8625
3010,20.8625
3011,20.8625
3012,20.8625
3013,20.8625
3014,20.8625
3015,20.8625
3016,20.8625
3017,20.925
3018,20.925
3019,20.925
3020,20.925
3021,20.925
3022,20.925
3023,20.925
3024,20.925
3025,20.925
3026,20.925
3027,20.925
3028,20.925
3029,20.925
3030,20.925
3031,20.975
3032,20.975
3033,20.975
3034,21.025
3035,21.025
3036,21.025
3037,21.025
3038,21.025
3039,21.025
3040,21.025
3041,21.025
3042,21.025
3043,21.025
3044,21.025
3045,21.025
3046,21.025
3047,21.025
3048,21.025
3049,21.025
3050,21.025
3051,21.025
3052,21.025
3053,21.025
3054,21.025
3055,21.025
3056,21.075
3057,21.075
3058,21.075
3059,21.075
3060,21.075
3061,21.075
3062,21.075
3063,21.075
3064,21.075
3065,21.075
3066,21.075
3067,21.075
3068,21.075
3069,21.075
3070,21.075
3071,21.075
3072,21.075
3073,21.075
3074,21.125
3075,21.125
3076,21.125
3077,21.175
3078,21.175
3079,21.175
3080,21.175
3081,21.175
3082,21.175
3083,21.175
3084,21.175
3085,21.175
3086,21.175
3087,21.175
3088,21.175
3089,21.175
3090,21.175
3091,21.175
3092,21.175
3093,21.175
3094,21.175
3095,21.175
3096,21.175
3097,21.175
3098,21.175
3099,21.175
3100,21.175
3101,21.175
3102,21.175
3103,21.175
3104,21.175
3105,21.175
3106,21.175
3107,21.175
3108,21.175
3109,21.175
3110,21.175
3111,21.225
3112,21.225
3113,21.225
3114,21.275
3115,21.275
3116,21.275
3117,21.275
3118,21.275
3119,21.275
3120,21.275
3121,21.325
3122,21.325
3123,21.375
3124,21.375
3125,21.375
3126,21.375
3127,21.375
3128,21.375
3129,21.375
3130,21.375
3131,21.375
3132,21.375
3133,21.375
3134,21.375
3135,21.375
3136,21.375
3137,21.375
3138,21.375
3139,21.375
3140,21.375
3141,21.375
3142,21.375
3143,21.375
3144,21.375
3145,21.375
3146,21.375
3147,21.375
3148,21.375
3149,21.375
3150,21.375
3151,21.375
3152,21.375
3153,21.375
3154,21.375
3155,21.375
3156,21.375
3157,21.375
3158,21.375
3159,21.375
3160,21.375
3161,21.375
3162,21.375
3163,21.375
3164,21.375
3165,21.375
3166,21.425
3167,21.425
3168,21.425
3169,21.425
3170,21.4875
3171,21.4875
3172,21.4875
3173,21.4875
3174,21.4875
3175,21.4875
3176,21.4875
3177,21.4875
3178,21.4875
3179,21.4875
3180,21.4875
3181,21.4875
3182,21.4875
3183,21.4875
3184,21.4875
3185,21.4875
3186,21.4875
3187,21.4875
3188,21.4875
3189,21.4875
3190,21.4875
3191,21.4875
3192,21.4875
3193,21.4875
3194,21.4875
3195,21.4875
3196,21.4875
3197,21.4875
3198,21.4875
3199,21.4875
3200,21.4875
3201,21.4875
3202,21.4875
3203,21.4875
3204,21.4875
3205,21.4875
3206,21.4875
3207,21.4875
3208,21.4875
3209,21.5375
3210,21.5375
3211,21.5375
3212,21.5375
3213,21.5375
3214,21.5375
3215,21.5375
3216,21.5375
3217,21.5875
3218,21.5875
3219,21.5875
3220,21.5875
3221,21.5875
3222,21.6375
3223,21.6375
3224,21.6375
3225,21.6375
3226,21.6375
3227,21.6375
3228,21.6375
3229,21.6375
3230,21.6375
3231,21.6375
3232,21.6375
3233,21.6375
3234,21.6375
3235,21.7
3236,21.7
3237,21.7
3238,21.7
3239,21.7
3240,21.7
3241,21.7
3242,21.7
3243,21.7
3244,21.7
3245,21.7
3246,21.7
3247,21.7
3248,21.7
3249,21.7
3250,21.7
3251,21.7
3252,21.7
3253,21.7
3254,21.7
3255,21.7
3256,21.7
3257,21.7
3258,21.7
3259,21.7
3260,21.7
3261,21.7
3262,21.7
3263,21.7
3264,21.7
3265,21.7
3266,21.7833333333
3267,21.7833333333
3268,21.7833333333
3269,21.7833333333
3270,21.7833333333
3271,21.7833333333
3272,21.7833333333
3273,21.7833333333
3274,21.7833333333
3275,21.7833333333
3276,21.7833333333
3277,21.7833333333
3278,21.7833333333
3279,21.7833333333
3280,21.7833333333
3281,21.7833333333
3282,21.7833333333
3283,21.7833333333
3284,21.7833333333
3285,21.7833333333
3286,21.7833333333
3287,21.7833333333
3288,21.7833333333
3289,21.8333333333
3290,21.8333333333
3291,21.8333333333
3292,21.8958333333
3293,21.8958333333
3294,21.8958333333
3295,21.8958333333
3296,21.8958333333
3297,21.8958333333
3298,21.9583333333
3299,21.9583333333
3300,21.9583333333
3301,21.9583333333
3302,22.0208333333
3303,22.0208333333
3304,22.0208333333
3305,22.0208333333
3306,22.0208333333
3307,22.0208333333
3308,22.0208333333
3309,22.0208333333
3310,22.0208333333
3311,22.0208333333
3312,22.0208333333
3313,22.0708333333
3314,22.0708333333
3315,22.0708333333
3316,22.0708333333
3317,22.0708333333
3318,22.0708333333
3319,22.0708333333
3320,22.0708333333
3321,22.0708333333
3322,22.0708333333
3323,22.0708333333
3324,22.0708333333
3325,22.0708333333
3326,22.0708333333
3327,22.0708333333
3328,22.0708333333
3329,22.0708333333
3330,22.0708333333
3331,22.0708333333
3332,22.1333333333
3333,22.1333333333
3334,22.1333333333
3335,22.1333333333
3336,22.1333333333
3337,22.1333333333
3338,22.1333333333
3339,22.1333333333
3340,22.1833333333
3341,22.1833333333
3342,22.1833333333
3343,22.1833333333
3344,22.1833333333
3345,22.2333333333
3346,22.2333333333
3347,22.2333333333
3348,22.2333333333
3349,22.2333333333
3350,22.2333333333
3351,22.2333333333
3352,22.2333333333
3353,22.2333333333
3354,22.2333333333
3355,22.2333333333
3356,22.2333333333
3357,22.2333333333
3358,22.2333333333
3359,22.2333333333
3360,22.2333333333
3361,22.2333333333
3362,22.2333333333
3363,22.2333333333
3364,22.2333333333
3365,22.2333333333
3366,22.2333333333
3367,22.2333333333
3368,22.2333333333
3369,22.2333333333
3370,22.2333333333
3371,22.2333333333
3372,22.2333333333
3373,22.2833333333
3374,22.2833333333
3375,22.2833333333
3376,22.2833333333
3377,22.2833333333
3378,22.2833333333
3379,22.3458333333
3380,22.3458333333
3381,22.3458333333
3382,22.3458333333
3383,22.3458333333
3384,22.3458333333
3385,22.3458333333
3386,22.3458333333
3387,22.3458333333
3388,22.3458333333
3389,22.3458333333
3390,22.3458333333
3391,22.3458333333
3392,22.3458333333
3393,22.3458333333
3394,22.3458333333
3395,22.3458333333
3396,22.3458333333
3397,22.3458333333
3398,22.3458333333
3399,22.3458333333
3400,22.3458333333
3401,22.3458333333
3402,22.3458333333
3403,22.3458333333
3404,22.3458333333
3405,22.3458333333
3406,22.3458333333
3407,22.3458333333
3408,22.3458333333
3409,22.3458333333
3410,22.3458333333
3411,22.3458333333
3412,22.3458333333
3413,22.3458333333
3414,22.3458333333
3415,22.3458333333
3416,22.3458333333
3417,22.3458333333
3418,22.4291666667
3419,22.4291666667
3420,22.4916666667
3421,22.4916666667
3422,22.4916666667
3423,22.4916666667
3424,22.4916666667
3425,22.4916666667
3426,22.4916666667
3427,22.4916666667
3428,22.4916666667
3429,22.4916666667
3430,22.4916666667
3431,22.4916666667
3432,22.4916666667
3433,22.4916666667
3434,22.4916666667
3435,22.5541666667
3436,22.5541666667
3437,22.5541666667
3438,22.5541666667
3439,22.5541666667
3440,22.5541666667
3441,22.5541666667
3442,22.5541666667
3443,22.5541666667
3444,22.5541666667
3445,22.5541666667
3446,22.5541666667
3447,22.5541666667
3448,22.5541666667
3449,22.5541666667
3450,22.5541666667
3451,22.5541666667
3452,22.5541666667
3453,22.5541666667
3454,22.5541666667
3455,22.5541666667
3456,22.5541666667
3457,22.5541666667
3458,22.5541666667
3459,22.5541666667
3460,22.5541666667
3461,22.5541666667
3462,22.5541666667
3463,22.5541666667
3464,22.5541666667
3465,22.5541666667
3466,22.5541666667
3467,22.5541666667
3468,22.5541666667
3469,22.5541666667
3470,22.5541666667
3471,22.5541666667
3472,22.5541666667
3473,22.5541666667
3474,22.5541666667
3475,22.5541666667
3476,22.5541666667
3477,22.5541666667
3478,22.5541666667
3479,22.5541666667
3480,22.5541666667
3481,22.5541666667
3482,22.5541666667
3483,22.5541666667
3484,22.5541666667
3485,22.5541666667
3486,22.5541666667
3487,22.5541666667
3488,22.5541666667
3489,22.5541666667
3490,22.5541666667
3491,22.5541666667
3492,22.5541666667
3493,22.5541666667
3494,22.5541666667
3495,22.5541666667
3496,22.5541666667
3497,22.5541666667
3498,22.5541666667
3499,22.6041666667
3500,22.6041666667
3501,22.6041666667
3502,22.6041666667
3503,22.6041666667
3504,22.6041666667
3505,22.6041666667
3506,22.6041666667
3507,22.6041666667
3508,22.6041666667
3509,22.6041666667
3510,22.6041666667
3511,22.6041666667
3512,22.6041666667
3513,22.6041666667
3514,22.6041666667
3515,22.6041666667
3516,22.6041666667
3517,22.6541666667
3518,22.6541666667
3519,22.6541666667
3520,22.6541666667
3521,22.6541666667
3522,22.6541666667
3523,22.6541666667
3524,22.6541666667
3525,22.6541666667
3526,22.6541666667
3527,22.6541666667
3528,22.6541666667
3529,22.6541666667
3530,22.7375
3531,22.7375
3532,22.7375
3533,22.7375
3534,22.7375
3535,22.7375
3536,22.7375
3537,22.7375
3538,22.7375
3539,22.7375
3540,22.7375
3541,22.7375
3542,22.8
3543,22.8
3544,22.8
3545,22.8
3546,22.8
3547,22.8
3548,22.8
3549,22.8
3550,22.8
3551,22.8
3552,22.8
3553,22.8
3554,22.8
3555,22.8
3556,22.8
3557,22.8
3558,22.8
3559,22.8
3560,22.8
3561,22.8
3562,22.8
3563,22.8
3564,22.8
3565,22.8
3566,22.8
3567,22.8
3568,22.8
3569,22.8
3570,22.8
3571,22.8
3572,22.8
3573,22.8
3574,22.8
3575,22.8
3576,22.8
3577,22.8625
3578,22.8625
3579,22.8625
3580,22.8625
3581,22.8625
3582,22.8625
3583,22.8625
3584,22.8625
3585,22.8625
3586,22.8625
3587,22.8625
3588,22.8625
3589,22.8625
3590,22.8625
3591,22.8625
3592,22.8625
3593,22.8625
3594,22.8625
3595,22.8625
3596,22.8625
3597,22.8625
3598,22.8625
3599,22.8625
3600,22.8625
3601,22.8625
3602,22.8625
3603,22.8625
3604,22.8625
3605,22.8625
3606,22.8625
3607,22.8625
3608,22.8625
3609,22.8625
3610,22.8625
3611,22.8625
3612,22.9125
3613,22.9125
3614,22.9125
3615,22.9125
3616,22.9125
3617,22.9125
3618,22.9125
3619,22.9125
3620,22.9125
3621,22.9125
3622,22.9125
3623,22.9125
3624,22.9125
3625,22.9125
3626,22.9125
3627,22.9125
3628,22.9125
3629,22.9125
3630,22.9125
3631,22.9625
3632,22.9625
3633,22.9625
3634,22.9625
3635,23.025
3636,23.025
3637,23.025
3638,23.025
3639,23.025
3640,23.025
3641,23.025
3642,23.025
3643,23.025
3644,23.025
3645,23.025
3646,23.025
3647,23.025
3648,23.025
3649,23.075
3650,23.075
3651,23.075
3652,23.075
3653,23.075
3654,23.075
3655,23.075
3656,23.075
3657,23.075
3658,23.075
3659,23.075
3660,23.075
3661,23.075
3662,23.075
3663,23.075
3664,23.075
3665,23.075
3666,23.075
3667,23.075
3668,23.125
3669,23.125
3670,23.125
3671,23.125
3672,23.125
3673,23.125
3674,23.125
3675,23.125
3676,23.125
3677,23.125
3678,23.125
3679,23.125
3680,23.125
3681,23.125
3682,23.125
3683,23.125
3684,23.125
3685,23.125
3686,23.125
3687,23.125
3688,23.1875
3689,23.1875
3690,23.1875
3691,23.25
3692,23.25
3693,23.25
3694,23.25
3695,23.25
3696,23.25
3697,23.25
3698,23.25
3699,23.25
3700,23.25
3701,23.25
3702,23.25
3703,23.25
3704,23.25
3705,23.25
3706,23.25
3707,23.25
3708,23.3
3709,23.3
3710,23.35
3711,23.35
3712,23.35
3713,23.35
3714,23.35
3715,23.35
3716,23.35
3717,23.35
3718,23.35
3719,23.35
3720,23.35
3721,23.35
3722,23.35
3723,23.35
3724,23.35
3725,23.35
3726,23.35
3727,23.35
3728,23.35
3729,23.35
3730,23.35
3731,23.35
3732,23.35
3733,23.35
3734,23.35
3735,23.35
3736,23.35
3737,23.35
3738,23.35
3739,23.35
3740,23.35
3741,23.35
3742,23.35
3743,23.35
3744,23.35
3745,23.35
3746,23.35
3747,23.35
3748,23.35
3749,23.35
3750,23.35
3751,23.35
3752,23.35
3753,23.35
3754,23.35
3755,23.35
3756,23.35
3757,23.35
3758,23.35
3759,23.35
3760,23.35
3761,23.35
3762,23.35
3763,23.35
3764,23.35
3765,23.4125
3766,23.4125
3767,23.4125
3768,23.4125
3769,23.4125
3770,23.4125
3771,23.4125
3772,23.4125
3773,23.4125
3774,23.4125
3775,23.4125
3776,23.4625
3777,23.4625
3778,23.4625
3779,23.4625
3780,23.4625
3781,23.4625
3782,23.4625
3783,23.4625
3784,23.4625
3785,23.4625
3786,23.4625
3787,23.4625
3788,23.4625
3789,23.4625
3790,23.4625
3791,23.4625
3792,23.4625
3793,23.4625
3794,23.4625
3795,23.4625
3796,23.4625
3797,23.4625
3798,23.4625
3799,23.4625
3800,23.4625
3801,23.4625
3802,23.4625
3803,23.4625
3804,23.4625
3805,23.4625
3806,23.4625
3807,23.4625
3808,23.4625
3809,23.4625
3810,23.4625
3811,23.4625
3812,23.4625
3813,23.4625
3814,23.4625
3815,23.5125
3816,23.5125
3817,23.5125
3818,23.5125
3819,23.5125
3820,23.5125
3821,23.5125
3822,23.5125
3823,23.5125
3824,23.5125
3825,23.5125
3826,23.5125
3827,23.5125
3828,23.5125
3829,23.5125
3830,23.5125
3831,23.5125
3832,23.5125
3833,23.575
3834,23.575
3835,23.575
3836,23.575
3837,23.6375
3838,23.6375
3839,23.7208333333
3840,23.7208333333
3841,23.7208333333
3842,23.7208333333
3843,23.7208333333
3844,23.7208333333
3845,23.7208333333
3846,23.7208333333
3847,23.7833333333
3848,23.8333333333
3849,23.8333333333
3850,23.8333333333
3851,23.8333333333
3852,23.8333333333
3853,23.8333333333
3854,23.8333333333
3855,23.8333333333
3856,23.8333333333
3857,23.8333333333
3858,23.8333333333
3859,23.8333333333
3860,23.8333333333
3861,23.8333333333
3862,23.8333333333
3863,23.8333333333
3864,23.8833333333
3865,23.8833333333
3866,23.8833333333
3867,23.8833333333
3868,23.8833333333
3869,23.8833333333
3870,23.8833333333
3871,23.8833333333
3872,23.8833333333
3873,23.8833333333
3874,23.8833333333
3875,23.8833333333
3876,23.8833333333
3877,23.8833333333
3878,23.8833333333
3879,23.8833333333
3880,23.8833333333
3881,23.8833333333
3882,23.9458333333
3883,23.9458333333
3884,23.9458333333
3885,23.9458333333
3886,23.9458333333
3887,23.9458333333
3888,23.9458333333
3889,23.9458333333
3890,23.9458333333
3891,23.9458333333
3892,23.9458333333
3893,23.9458333333
3894,23.9458333333
3895,23.9958333333
3896,23.9958333333
3897,23.9958333333
3898,23.9958333333
3899,23.9958333333
3900,23.9958333333
3901,23.9958333333
3902,23.9958333333
3903,23.9958333333
3904,23.9958333333
3905,23.9958333333
3906,24.0458333333
3907,24.0458333333
3908,24.0458333333
3909,24.0458333333
3910,24.0458333333
3911,24.0458333333
3912,24.0458333333
3913,24.0458333333
3914,24.0458333333
3915,24.0458333333
3916,24.0458333333
3917,24.0458333333
3918,24.0458333333
3919,24.0458333333
3920,24.0458333333
3921,24.0458333333
3922,24.0958333333
3923,24.0958333333
3924,24.0958333333
3925,24.0958333333
3926,24.0958333333
3927,24.0958333333
3928,24.0958333333
3929,24.0958333333
3930,24.0958333333
3931,24.0958333333
3932,24.0958333333
3933,24.0958333333
3934,24.0958333333
3935,24.0958333333
3936,24.0958333333
3937,24.0958333333
3938,24.0958333333
3939,24.1583333333
3940,24.1583333333
3941,24.1583333333
3942,24.1583333333
3943,24.1583333333
3944,24.2083333333
3945,24.2083333333
3946,24.2083333333
3947,24.2083333333
3948,24.2083333333
3949,24.2083333333
3950,24.2083333333
3951,24.2583333333
3952,24.3208333333
3953,24.3208333333
3954,24.3208333333
3955,24.3208333333
3956,24.3208333333
3957,24.3208333333
3958,24.3208333333
3959,24.3208333333
3960,24.3208333333
3961,24.3208333333
3962,24.3208333333
3963,24.3208333333
3964,24.3208333333
3965,24.3208333333
3966,24.3208333333
3967,24.3208333333
3968,24.3208333333
3969,24.3208333333
3970,24.3208333333
3971,24.3208333333
3972,24.3208333333
3973,24.3208333333
3974,24.3208333333
3975,24.3208333333
3976,24.3208333333
3977,24.3208333333
3978,24.3208333333
3979,24.3208333333
3980,24.3208333333
3981,24.3208333333
3982,24.3208333333
3983,24.3208333333
3984,24.3208333333
3985,24.3208333333
3986,24.3208333333
3987,24.3208333333
3988,24.3208333333
3989,24.3208333333
3990,24.3208333333
3991,24.3208333333
3992,24.3208333333
3993,24.3208333333
3994,24.3208333333
3995,24.3208333333
3996,24.3208333333
3997,24.3208333333
3998,24.3208333333
3999,24.3208333333
4000,24.3208333333
4001,24.3833333333
4002,24.3833333333
4003,24.3833333333
4004,24.3833333333
4005,24.3833333333
4006,24.3833333333
4007,24.3833333333
4008,24.3833333333
4009,24.3833333333
4010,24.3833333333
4011,24.3833333333
4012,24.4333333333
4013,24.4333333333
4014,24.4333333333
4015,24.4333333333
4016,24.4333333333
4017,24.4333333333
4018,24.4333333333
4019,24.4333333333
4020,24.4333333333
4021,24.4833333333
4022,24.4833333333
4023,24.4833333333
4024,24.4833333333
4025,24.4833333333
4026,24.4833333333
4027,24.4833333333
4028,24.4833333333
4029,24.4833333333
4030,24.4833333333
4031,24.4833333333
4032,24.4833333333
4033,24.4833333333
4034,24.4833333333
4035,24.4833333333
4036,24.4833333333
4037,24.4833333333
4038,24.4833333333
4039,24.4833333333
4040,24.5458333333
4041,24.5458333333
4042,24.5458333333
4043,24.5458333333
4044,24.5458333333
4045,24.5458333333
4046,24.5458333333
4047,24.5458333333
4048,24.5458333333
4049,24.5458333333
4050,24.5458333333
4051,24.5458333333
4052,24.5458333333
4053,24.5458333333
4054,24.5458333333
4055,24.5458333333
4056,24.5458333333
4057,24.5458333333
4058,24.5458333333
4059,24.5458333333
4060,24.5958333333
4061,24.5958333333
4062,24.5958333333
4063,24.5958333333
4064,24.5958333333
4065,24.5958333333
4066,24.5958333333
4067,24.5958333333
4068,24.6458333333
4069,24.6458333333
4070,24.6458333333
4071,24.6458333333
4072,24.6458333333
4073,24.6458333333
4074,24.6458333333
4075,24.6458333333
4076,24.6458333333
4077,24.6458333333
4078,24.6958333333
4079,24.6958333333
4080,24.7458333333
4081,24.7458333333
4082,24.7458333333
4083,24.7458333333
4084,24.7458333333
4085,24.7458333333
4086,24.7458333333
4087,24.7458333333
4088,24.7458333333
4089,24.7458333333
4090,24.7458333333
4091,24.7458333333
4092,24.7458333333
4093,24.7458333333
4094,24.7458333333
4095,24.7458333333
4096,24.7458333333
4097,24.7458333333
4098,24.7458333333
4099,24.7458333333
4100,24.7458333333
4101,24.7458333333
4102,24.7458333333
4103,24.7458333333
4104,24.7458333333
4105,24.7458333333
4106,24.7458333333
4107,24.7458333333
4108,24.7458333333
4109,24.7458333333
4110,24.7458333333
4111,24.7458333333
4112,24.7458333333
4113,24.7458333333
4114,24.7458333333
4115,24.7458333333
4116,24.7458333333
4117,24.7458333333
4118,24.7458333333
4119,24.7458333333
4120,24.7958333333
4121,24.7958333333
4122,24.7958333333
4123,24.7958333333
4124,24.7958333333
4125,24.7958333333
4126,24.7958333333
4127,24.7958333333
4128,24.7958333333
4129,24.7958333333
4130,24.7958333333
4131,24.7958333333
4132,24.7958333333
4133,24.7958333333
4134,24.7958333333
4135,24.7958333333
4136,24.7958333333
4137,24.7958333333
4138,24.7958333333
4139,24.7958333333
4140,24.7958333333
4141,24.7958333333
4142,24.7958333333
4143,24.7958333333
4144,24.7958333333
4145,24.7958333333
4146,24.7958333333
4147,24.7958333333
4148,24.7958333333
4149,24.7958333333
4150,24.7958333333
4151,24.8583333333
4152,24.8583333333
4153,24.8583333333
4154,24.8583333333
4155,24.8583333333
4156,24.8583333333
4157,24.8583333333
4158,24.8583333333
4159,24.9416666667
4160,24.9416666667
4161,24.9416666667
4162,24.9416666667
4163,24.9416666667
4164,24.9416666667
4165,24.9416666667
4166,24.9416666667
4167,24.9416666667
4168,24.9416666667
4169,24.9916666667
4170,24.9916666667
4171,24.9916666667
4172,24.9916666667
4173,24.9916666667
4174,24.9916666667
4175,24.9916666667
4176,24.9916666667
4177,24.9916666667
4178,24.9916666667
4179,24.9916666667
4180,24.9916666667
4181,24.9916666667
4182,24.9916666667
4183,24.9916666667
4184,24.9916666667
4185,24.9916666667
4186,24.9916666667
4187,24.9916666667
4188,24.9916666667
4189,24.9916666667
4190,24.9916666667
4191,24.9916666667
4192,24.9916666667
4193,24.9916666667
4194,24.9916666667
4195,24.9916666667
4196,24.9916666667
4197,24.9916666667
4198,25.0541666667
4199,25.0541666667
4200,25.0541666667
4201,25.1041666667
4202,25.1041666667
4203,25.1041666667
4204,25.1041666667
4205,25.1666666667
4206,25.1666666667
4207,25.1666666667
4208,25.1666666667
4209,25.1666666667
4210,25.1666666667
4211,25.1666666667
4212,25.1666666667
4213,25.1666666667
4214,25.1666666667
4215,25.1666666667
4216,25.1666666667
4217,25.1666666667
4218,25.1666666667
4219,25.1666666667
4220,25.1666666667
4221,25.1666666667
4222,25.1666666667
4223,25.1666666667
4224,25.1666666667
4225,25.1666666667
4226,25.1666666667
4227,25.1666666667
4228,25.1666666667
4229,25.1666666667
4230,25.1666666667
4231,25.1666666667
4232,25.1666666667
4233,25.1666666667
4234,25.1666666667
4235,25.1666666667
4236,25.1666666667
4237,25.1666666667
4238,25.1666666667
4239,25.1666666667
4240,25.1666666667
4241,25.1666666667
4242,25.1666666667
4243,25.1666666667
4244,25.1666666667
4245,25.1666666667
4246,25.1666666667
4247,25.1666666667
4248,25.1666666667
4249,25.2791666667
4250,25.2791666667
4251,25.2791666667
4252,25.2791666667
4253,25.2791666667
4254,25.2791666667
4255,25.2791666667
4256,25.2791666667
4257,25.2791666667
4258,25.2791666667
4259,25.2791666667
4260,25.2791666667
4261,25.3625
4262,25.3625
4263,25.3625
4264,25.3625
4265,25.3625
4266,25.3625
4267,25.3625
4268,25.3625
4269,25.3625
4270,25.3625
4271,25.3625
4272,25.3625
4273,25.3625
4274,25.3625
4275,25.3625
4276,25.3625
4277,25.3625
4278,25.3625
4279,25.3625
4280,25.3625
4281,25.3625
4282,25.3625
4283,25.3625
4284,25.3625
4285,25.3625
4286,25.3625
4287,25.3625
4288,25.3625
4289,25.3625
4290,25.3625
4291,25.3625
4292,25.3625
4293,25.3625
4294,25.3625
4295,25.3625
4296,25.3625
4297,25.3625
4298,25.3625
4299,25.3625
4300,25.4125
4301,25.4125
4302,25.475
4303,25.475
4304,25.475
4305,25.475
4306,25.475
4307,25.475
4308,25.475
4309,25.475
4310,25.475
4311,25.475
4312,25.475
4313,25.475
4314,25.475
4315,25.475
4316,25.475
4317,25.475
4318,25.475
4319,25.475
4320,25.475
4321,25.475
4322,25.475
4323,25.475
4324,25.475
4325,25.475
4326,25.475
4327,25.475
4328,25.475
4329,25.475
4330,25.475
4331,25.475
4332,25.475
4333,25.475
4334,25.475
4335,25.475
4336,25.475
4337,25.475
4338,25.525
4339,25.525
4340,25.525
4341,25.525
4342,25.525
4343,25.525
4344,25.525
4345,25.525
4346,25.525
4347,25.525
4348,25.525
4349,25.525
4350,25.525
4351,25.525
4352,25.525
4353,25.525
4354,25.525
4355,25.525
4356,25.525
4357,25.525
4358,25.525
4359,25.525
4360,25.575
4361,25.575
4362,25.575
4363,25.575
4364,25.575
4365,25.575
4366,25.575
4367,25.575
4368,25.575
4369,25.575
4370,25.575
4371,25.575
4372,25.575
4373,25.575
4374,25.575
4375,25.575
4376,25.575
4377,25.575
4378,25.575
4379,25.575
4380,25.575
4381,25.575
4382,25.575
4383,25.575
4384,25.575
4385,25.575
4386,25.575
4387,25.575
4388,25.575
4389,25.575
4390,25.625
4391,25.675
4392,25.675
4393,25.675
4394,25.675
4395,25.675
4396,25.675
4397,25.675
4398,25.675
4399,25.675
4400,25.675
4401,25.725
4402,25.725
4403,25.725
4404,25.725
4405,25.725
4406,25.725
4407,25.725
4408,25.725
4409,25.775
4410,25.775
4411,25.775
4412,25.775
4413,25.775
4414,25.775
4415,25.775
4416,25.775
4417,25.775
4418,25.775
4419,25.775
4420,25.775
4421,25.775
4422,25.775
4423,25.775
4424,25.775
4425,25.775
4426,25.775
4427,25.825
4428,25.875
4429,25.875
4430,25.875
4431,25.875
4432,25.875
4433,25.875
4434,25.875
4435,25.875
4436,25.875
4437,25.875
4438,25.875
4439,25.875
4440,25.875
4441,25.9583333333
4442,25.9583333333
4443,25.9583333333
4444,25.9583333333
4445,25.9583333333
4446,25.9583333333
4447,25.9583333333
4448,26.0208333333
4449,26.0833333333
4450,26.1333333333
4451,26.1333333333
4452,26.1333333333
4453,26.1333333333
4454,26.1333333333
4455,26.1333333333
4456,26.1333333333
4457,26.1333333333
4458,26.1333333333
4459,26.1333333333
4460,26.1333333333
4461,26.1333333333
4462,26.1333333333
4463,26.1833333333
4464,26.1833333333
4465,26.1833333333
4466,26.1833333333
4467,26.1833333333
4468,26.1833333333
4469,26.1833333333
4470,26.1833333333
4471,26.1833333333
4472,26.1833333333
4473,26.1833333333
4474,26.1833333333
4475,26.1833333333
4476,26.1833333333
4477,26.1833333333
4478,26.1833333333
4479,26.1833333333
4480,26.1833333333
4481,26.1833333333
4482,26.2666666667
4483,26.2666666667
4484,26.2666666667
4485,26.3166666667
4486,26.3166666667
4487,26.3166666667
4488,26.3166666667
4489,26.3166666667
4490,26.3166666667
4491,26.3166666667
4492,26.3166666667
4493,26.3166666667
4494,26.3166666667
4495,26.3166666667
4496,26.3166666667
4497,26.3166666667
4498,26.3166666667
4499,26.3166666667
4500,26.3166666667
4501,26.3166666667
4502,26.3666666667
4503,26.3666666667
4504,26.4166666667
4505,26.4166666667
4506,26.4166666667
4507,26.4166666667
4508,26.4166666667
4509,26.4166666667
4510,26.4166666667
4511,26.4166666667
4512,26.4166666667
4513,26.4166666667
4514,26.4166666667
4515,26.4166666667
4516,26.4166666667
4517,26.4166666667
4518,26.4166666667
4519,26.4166666667
4520,26.4166666667
4521,26.4166666667
4522,26.4166666667
4523,26.4166666667
4524,26.4166666667
4525,26.4166666667
4526,26.4166666667
4527,26.4166666667
4528,26.4166666667
4529,26.4166666667
4530,26.4166666667
4531,26.4166666667
4532,26.4166666667
4533,26.4166666667
4534,26.4166666667
4535,26.4166666667
4536,26.4166666667
4537,26.4166666667
4538,26.4166666667
4539,26.4166666667
4540,26.4166666667
4541,26.4166666667
4542,26.4166666667
4543,26.4166666667
4544,26.4166666667
4545,26.4166666667
4546,26.4166666667
4547,26.4166666667
4548,26.4166666667
4549,26.4166666667
4550,26.4166666667
4551,26.4166666667
4552,26.4166666667
4553,26.4166666667
4554,26.4166666667
4555,26.4166666667
4556,26.4166666667
4557,26.4166666667
4558,26.4166666667
4559,26.4166666667
4560,26.4166666667
4561,26.4666666667
4562,26.4666666667
4563,26.4666666667
4564,26.4666666667
4565,26.4666666667
4566,26.4666666667
4567,26.4666666667
4568,26.4666666667
4569,26.4666666667
4570,26.4666666667
4571,26.4666666667
4572,26.4666666667
4573,26.4666666667
4574,26.4666666667
4575,26.4666666667
4576,26.4666666667
4577,26.4666666667
4578,26.4666666667
4579,26.4666666667
4580,26.4666666667
4581,26.4666666667
4582,26.4666666667
4583,26.4666666667
4584,26.4666666667
4585,26.4666666667
4586,26.4666666667
4587,26.4666666667
4588,26.4666666667
4589,26.4666666667
4590,26.4666666667
4591,26.4666666667
4592,26.4666666667
4593,26.5291666667
4594,26.5291666667
4595,26.5291666667
4596,26.5291666667
4597,26.5291666667
4598,26.5291666667
4599,26.5291666667
4600,26.5291666667
4601,26.5291666667
4602,26.5291666667
4603,26.5291666667
4604,26.5291666667
4605,26.5291666667
4606,26.5291666667
4607,26.5291666667
4608,26.5291666667
4609,26.5791666667
4610,26.5791666667
4611,26.5791666667
4612,26.5791666667
4613,26.5791666667
4614,26.5791666667
4615,26.5791666667
4616,26.5791666667
4617,26.5791666667
4618,26.5791666667
4619,26.5791666667
4620,26.5791666667
4621,26.5791666667
4622,26.5791666667
4623,26.5791666667
4624,26.5791666667
4625,26.5791666667
4626,26.5791666667
4627,26.5791666667
4628,26.5791666667
4629,26.5791666667
4630,26.6291666667
4631,26.6291666667
4632,26.6291666667
4633,26.6291666667
4634,26.7125
4635,26.7625
4636,26.7625
4637,26.7625
4638,26.7625
4639,26.7625
4640,26.7625
4641,26.7625
4642,26.7625
4643,26.7625
4644,26.7625
4645,26.7625
4646,26.7625
4647,26.7625
4648,26.7625
4649,26.7625
4650,26.7625
4651,26.7625
4652,26.7625
4653,26.7625
4654,26.7625
4655,26.7625
4656,26.7625
4657,26.7625
4658,26.7625
4659,26.8125
4660,26.8125
4661,26.8125
4662,26.8125
4663,26.8125
4664,26.8125
4665,26.8125
4666,26.8125
4667,26.8125
4668,26.8125
4669,26.8125
4670,26.875
4671,26.875
4672,26.9375
4673,26.9375
4674,26.9375
4675,26.9375
4676,26.9375
4677,26.9375
4678,26.9375
4679,26.9375
4680,26.9375
4681,26.9375
4682,26.9375
4683,26.9375
4684,26.9375
4685,26.9375
4686,26.9375
4687,26.9375
4688,26.9375
4689,26.9375
4690,26.9375
4691,26.9375
4692,26.9375
4693,26.9375
4694,26.9375
4695,26.9375
4696,26.9375
4697,26.9375
4698,26.9375
4699,26.9375
4700,26.9375
4701,26.9375
4702,26.9375
4703,26.9375
4704,26.9375
4705,26.9375
4706,26.9375
4707,26.9875
4708,26.9875
4709,26.9875
4710,26.9875
4711,26.9875
4712,26.9875
4713,26.9875
4714,26.9875
4715,26.9875
4716,26.9875
4717,26.9875
4718,26.9875
4719,26.9875
4720,26.9875
4721,26.9875
4722,26.9875
4723,26.9875
4724,26.9875
4725,26.9875
4726,26.9875
4727,26.9875
4728,26.9875
4729,26.9875
4730,26.9875
4731,26.9875
4732,26.9875
4733,26.9875
4734,27.0375
4735,27.0375
4736,27.0375
4737,27.0375
4738,27.0375
4739,27.0375
4740,27.0375
4741,27.0375
4742,27.0375
4743,27.0375
4744,27.0375
4745,27.0375
4746,27.0375
4747,27.0375
4748,27.0375
4749,27.0375
4750,27.0375
4751,27.0375
4752,27.0375
4753,27.0375
4754,27.0375
4755,27.0375
4756,27.0375
4757,27.0375
4758,27.0375
4759,27.0375
4760,27.1
4761,27.1
4762,27.1
4763,27.1
4764,27.1
4765,27.15
4766,27.15
4767,27.15
4768,27.15
4769,27.15
4770,27.15
4771,27.15
4772,27.15
4773,27.15
4774,27.15
4775,27.15
4776,27.15
4777,27.15
4778,27.15
4779,27.15
4780,27.15
4781,27.15
4782,27.15
4783,27.15
4784,27.15
4785,27.2
4786,27.2
4787,27.2
4788,27.2
4789,27.2
4790,27.2
4791,27.2
4792,27.2
4793,27.2
4794,27.2
4795,27.2
4796,27.2
4797,27.2
4798,27.2
4799,27.2
4800,27.2
4801,27.2
4802,27.2
4803,27.2
4804,27.2
4805,27.2
4806,27.2
4807,27.2
4808,27.2
4809,27.2
4810,27.2
4811,27.2
4812,27.2
4813,27.2
4814,27.2
4815,27.2
4816,27.2
4817,27.2
4818,27.2
4819,27.2
4820,27.2
4821,27.2
4822,27.2
4823,27.2
4824,27.2
4825,27.2625
4826,27.2625
4827,27.2625
4828,27.2625
4829,27.2625
4830,27.2625
4831,27.2625
4832,27.2625
4833,27.2625
4834,27.2625
4835,27.2625
4836,27.2625
4837,27.2625
4838,27.2625
4839,27.2625
4840,27.2625
4841,27.2625
4842,27.2625
4843,27.2625
4844,27.2625
4845,27.2625
4846,27.2625
4847,27.2625
4848,27.2625
4849,27.2625
4850,27.2625
4851,27.2625
4852,27.2625
4853,27.2625
4854,27.2625
4855,27.3125
4856,27.3125
4857,27.3125
4858,27.3125
4859,27.3125
4860,27.3125
4861,27.3125
4862,27.3125
4863,27.3125
4864,27.3125
4865,27.3125
4866,27.3125
4867,27.3125
4868,27.3125
4869,27.3125
4870,27.3125
4871,27.3125
4872,27.3125
4873,27.3125
4874,27.375
4875,27.375
4876,27.375
4877,27.375
4878,27.375
4879,27.375
4880,27.375
4881,27.375
4882,27.375
4883,27.375
4884,27.375
4885,27.375
4886,27.375
4887,27.375
4888,27.375
4889,27.375
4890,27.375
4891,27.375
4892,27.375
4893,27.375
4894,27.375
4895,27.375
4896,27.375
4897,27.375
4898,27.375
4899,27.375
4900,27.375
4901,27.375
4902,27.375
4903,27.375
4904,27.375
4905,27.375
4906,27.375
4907,27.375
4908,27.375
4909,27.375
4910,27.375
4911,27.375
4912,27.375
4913,27.375
4914,27.375
4915,27.375
4916,27.375
4917,27.375
4918,27.375
4919,27.375
4920,27.375
4921,27.375
4922,27.375
4923,27.375
4924,27.375
4925,27.375
4926,27.375
4927,27.375
4928,27.375
4929,27.375
4930,27.375
4931,27.375
4932,27.375
4933,27.375
4934,27.375
4935,27.375
4936,27.375
4937,27.375
4938,27.375
4939,27.375
4940,27.375
4941,27.375
4942,27.375
4943,27.375
4944,27.375
4945,27.375
4946,27.425
4947,27.425
4948,27.425
4949,27.425
4950,27.425
4951,27.425
4952,27.425
4953,27.425
4954,27.425
4955,27.425
4956,27.425
4957,27.425
4958,27.425
4959,27.425
4960,27.4875
4961,27.4875
4962,27.4875
4963,27.4875
4964,27.4875
4965,27.5375
4966,27.5875
4967,27.5875
4968,27.5875
4969,27.5875
4970,27.5875
4971,27.5875
4972,27.5875
4973,27.5875
4974,27.5875
4975,27.5875
4976,27.5875
4977,27.5875
4978,27.5875
4979,27.5875
4980,27.5875
4981,27.5875
4982,27.5875
4983,27.5875
4984,27.5875
4985,27.6375
4986,27.6375
4987,27.6375
4988,27.6375
4989,27.6375
4990,27.6375
4991,27.6375
4992,27.6375
4993,27.6375
4994,27.6375
4995,27.6375
4996,27.6375
4997,27.6375
4998,27.6375
