1,0.482602490914
2,0.584497714847
3,0.663498949414
4,0.725170280936
5,0.782048572105
6,0.840638616302
7,0.887698694562
8,0.935608780793
9,0.979391149533
10,1.02406638522
11,1.06924770643
12,1.11852109555
13,1.16824790557
14,1.206875621
15,1.25580840026
16,1.30555540605
17,1.34576861582
18,1.37375364137
19,1.40308549348
20,1.42080677214
21,1.45278266124
22,1.48115500949
23,1.50222501838
24,1.53045751382
25,1.56207853055
26,1.58735307237
27,1.62284723891
28,1.6521706975
29,1.68497822798
30,1.71128912005
31,1.73316267563
32,1.75084446793
33,1.78155499335
34,1.81513081035
35,1.84130712036
36,1.87220294966
37,1.89849970569
38,1.9043143847
39,1.93513169712
40,1.95286507343
41,1.98176075255
42,2.00539684369
43,2.034577308
44,2.05475216773
45,2.09029112437
46,2.12318328111
47,2.13861303512
48,2.15728086231
49,2.18744016441
50,2.2490952265
51,2.28883003416
52,2.30410791094
53,2.31890203168
54,2.33724318826
55,2.35280400603
56,2.34678990442
57,2.37618722651
58,2.41926673163
59,2.47051649518
60,2.49788995238
61,2.52533829203
62,2.52948177825
63,2.53811000389
64,2.57607116148
65,2.590424389
66,2.60427148577
67,2.59346274069
68,2.60853616416
69,2.62663325907
70,2.64485345338
71,2.65818484514
72,2.68302028621
73,2.70873048353
74,2.72228880516
75,2.73832538621
76,2.75785143945
77,2.76701566242
78,2.788603906
79,2.83638943624
80,2.86447266944
81,2.87193343502
82,2.89537286907
83,2.89267164267
84,2.891842891
85,2.88481554163
86,2.90238076331
87,2.92260640576
88,2.94421676655
89,2.95059150043
90,2.9585034362
91,2.98446628356
92,2.9919041737
93,2.9816544741
94,2.98564434859
95,2.99915181383
96,3.02498026398
97,3.05200333854
98,3.09369471497
99,3.10526361324
100,3.11247826055
101,3.12737180806
102,3.19630479448
103,3.20783272762
104,3.21830640499
105,3.23278287958
106,3.18429865097
107,3.17589953184
108,3.19690494064
109,3.21429769421
110,3.2301433871
111,3.25465345018
112,3.27528722494
113,3.28993218811
114,3.30185181285
115,3.30969833379
116,3.30447188168
117,3.3146678634
118,3.33145314386
119,3.36919677377
120,3.388875589
121,3.39405550572
122,3.33150689787
123,3.34222294966
124,3.34961192095
125,3.29536329802
126,3.30243124425
127,3.31348751265
128,3.30219405552
129,3.31258137363
130,3.32580270708
131,3.36067615145
132,3.41777554
133,3.43168227275
134,3.43479041256
135,3.42418640197
136,3.43477163771
137,3.45241650108
138,3.45706631847
139,3.45291712792
140,3.46391552685
141,3.4710362719
142,3.47044331656
143,3.40001607667
144,3.40946237532
145,3.41872319026
146,3.42388993009
147,3.4942686994
148,3.50170196779
149,3.51258051208
150,3.52620749621
151,3.53079479779
152,3.53732698474
153,3.55780873756
154,3.57505558331
155,3.58413840789
156,3.55108050997
157,3.55353185921
158,3.56939516896
159,3.57959481954
160,3.59534854866
161,3.65931306123
162,3.68765095189
163,3.6932460082
164,3.71074113025
165,3.71906067809
166,3.7344501969
167,3.76168871936
168,3.76662653641
169,3.77263772525
170,3.78025155686
171,3.78895001047
172,3.75729304628
173,3.73402818562
174,3.73661656946
175,3.75335177869
176,3.76957351991
177,3.78148309182
178,3.79942511121
179,3.81985550929
180,3.82279653803
181,3.8289834594
182,3.84088657914
183,3.85019652025
184,3.85445205726
185,3.90326569998
186,3.91628667853
187,3.92952197264
188,3.94041201494
189,3.94838490998
190,3.96034322271
191,3.96722244499
192,4.03987103137
193,4.07436324746
194,4.07868320287
195,4.09243738347
196,4.11045268138
197,4.12751186012
198,4.14660692568
199,4.16631215249
200,4.18657498986
201,4.19412573925
202,4.20578058506
203,4.20729759395
204,4.22575076539
205,4.24481103226
206,4.24877138134
207,4.27007347456
208,4.23769798357
209,4.2303002553
210,4.24219677928
211,4.24596649283
212,4.2552628334
213,4.26136464651
214,4.26546157817
215,4.26897323388
216,4.27235040065
217,4.28560005197
218,4.29769907568
219,4.3078803867
220,4.31363352477
221,4.31812479129
222,4.32584545278
223,4.336197142
224,4.33891323112
225,4.34818262282
226,4.35346370854
227,4.35296190936
228,4.36788588192
229,4.38224485628
230,4.39393390797
231,4.4072631713
232,4.4160645551
233,4.42676866581
234,4.44041131945
235,4.44696809601
236,4.45784721689
237,4.46472865454
238,4.53750447
239,4.55512234679
240,4.56696258424
241,4.58242479442
242,4.59461991637
243,4.60750975162
244,4.63108698739
245,4.6422690754
246,4.66296852049
247,4.66920158282
248,4.67475068593
249,4.68137089499
250,4.6837421687
251,4.69517179598
252,4.71027755743
253,4.71352958995
254,4.71788499065
255,4.72235868618
256,4.73456125326
257,4.76012584224
258,4.76226218828
259,4.76275492048
260,4.77549204785
261,4.77962483918
262,4.78118310476
263,4.78683551937
264,4.79090603924
265,4.79386310232
266,4.79954060709
267,4.8024842898
268,4.81298637583
269,4.81978395891
270,4.82270181983
271,4.83507782919
272,4.84502843581
273,4.8598392544
274,4.86517661593
275,4.87126468697
276,4.87806532172
277,4.88255166783
278,4.85916989471
279,4.87176307895
280,4.87751387767
281,4.91190456686
282,4.91544176448
283,4.91812192068
284,4.92390821816
285,4.94420980156
286,4.96030224656
287,4.96558610009
288,4.97145860884
289,4.98194468825
290,4.98688915806
291,4.9953327911
292,5.00963313399
293,5.02593389039
294,5.10872114244
295,5.12535645358
296,5.14089664815
297,5.16163397534
298,5.18404394291
299,5.18819928578
300,5.1926303386
301,5.19666259666
302,5.20274298581
303,5.20863136266
304,5.2113622041
305,5.22569912167
306,5.23621745638
307,5.24913446768
308,5.25056815944
309,5.25412732429
310,5.26287067174
311,5.27607258333
312,5.15797679332
313,5.04883689185
314,5.05153594718
315,5.06604151584
316,5.08203193568
317,5.08861842161
318,5.09017556892
319,5.10114250347
320,5.10701011764
321,5.10887869441
322,5.1146045475
323,5.12473243131
324,5.13309950284
325,5.1356057685
326,5.14193569588
327,5.14591703843
328,5.1519521639
329,5.15262692773
330,5.15535972125
331,5.15940830425
332,5.15940830425
333,5.00215362415
334,4.94234895928
335,4.95212413035
336,4.95568508552
337,4.95568508552
338,4.95568508552
339,4.95777976504
340,4.96354246112
341,4.9820780474
342,4.99175546676
343,4.99465210928
344,4.99623209612
345,4.99623209612
346,5.00517016266
347,5.01286753441
348,5.01710477183
349,5.03399387351
350,5.04798334026
351,5.07284020383
352,5.0832600707
353,5.09238803951
354,5.10302256627
355,5.10993500867
356,5.11099846134
357,4.97795184745
358,4.97077239339
359,4.99181092276
360,5.0081878439
361,5.01314937267
362,5.01928829548
363,5.02606238559
364,5.03200140541
365,5.04836878289
366,5.06291904744
367,5.06490317443
368,5.06622592575
369,5.08099664885
370,5.09995608448
371,5.10171975291
372,5.10745845865
373,5.11337106456
374,5.11529506649
375,5.11926332045
376,5.12302807422
377,5.12608057727
378,5.1307102069
379,5.13401708521
380,5.14362681704
381,5.15636932145
382,5.16040972549
383,5.16233372741
384,5.18189573026
385,5.19860668057
386,5.19860668057
387,5.2035940543
388,5.22000245651
389,5.22485186846
390,5.22731034748
391,5.23245104012
392,5.23434497952
393,5.25436334499
394,5.27014207384
395,5.27777194397
396,5.29513305508
397,5.30689247621
398,5.31480331537
399,5.3308289564
400,5.36970349726
401,5.3774801272
402,5.3931051272
403,5.39777233499
404,5.39840364812
405,5.40543828015
406,5.40827918925
407,5.42106328015
408,5.45018259834
409,5.45018259834
410,5.45018259834
411,5.45018259834
412,5.45075078015
413,5.45420357736
414,5.45908619474
415,5.4637201971
416,5.42511626593
417,5.36427171148
418,5.37852609744
419,5.38225416762
420,5.39212258867
421,5.41076293955
422,5.41076293955
423,5.41076293955
424,5.41273662376
425,5.41339451849
426,5.41879865383
427,5.43877045834
428,5.44271782676
429,5.44740283474
430,5.45956391927
431,5.45956391927
432,5.46285339295
433,5.46844549822
434,5.47650470874
435,5.48466935112
436,5.49996118647
437,5.50957657109
438,5.51223345368
439,5.51476381805
440,5.51678810955
441,5.51830632817
442,5.53610322426
443,5.54487515409
444,5.54487515409
445,5.54487515409
446,5.54816462777
447,5.57448041724
448,5.59202427689
449,5.59995034206
450,5.60280121925
451,5.61956187088
452,5.62708066787
453,5.63102803629
454,5.77759760969
455,5.93902129616
456,5.9586291393
457,5.9586291393
458,5.95992196412
459,5.97109566437
460,5.98410786226
461,6.01969188608
462,6.03019608776
463,6.03124650793
464,6.03447856998
465,6.03892265531
466,6.04191231271
467,6.04449796236
468,6.04554838252
469,6.05269123967
470,6.05829348056
471,6.0688207684
472,6.07542340946
473,6.10041522436
474,6.10554454882
475,6.10674502901
476,6.11223953451
477,6.11687215679
478,6.13647999993
479,6.14208224082
480,6.14208224082
481,6.14904502594
482,6.15584774702
483,6.18806063218
484,6.19959858069
485,6.20079906088
486,6.20079906088
487,6.20079906088
488,6.20403112294
489,6.20847520827
490,6.20952562843
491,6.21204663684
492,6.21288697297
493,6.21288697297
494,6.21768889374
495,6.21768889374
496,6.23569609662
497,6.25266955267
498,6.25640437993
499,6.25887996185
500,6.2789699597
501,6.2789699597
502,6.28355711567
503,6.29542547157
504,6.30468239711
505,6.32084386052
506,6.32696006847
507,6.3358431324
508,6.34399807634
509,6.3490949163
510,6.35928859622
511,6.36989002333
512,6.40248431487
513,6.42237179233
514,6.43374166608
515,6.43874583622
516,6.44156068193
517,6.44752398468
518,6.45165242505
519,6.46197352596
520,6.46603643553
521,6.48075174061
522,6.49021730054
523,6.49021730054
524,6.49671577149
525,6.50283197944
526,6.50589008341
527,6.52372902327
528,6.5696005829
529,6.58924301998
530,6.6011461016
531,6.60267515359
532,6.61068182582
533,6.61760426118
534,6.61760426118
535,6.61760426118
536,6.61760426118
537,6.61760426118
538,6.61760426118
539,6.63332045121
540,6.64569849111
541,6.64569849111
542,6.66404711496
543,6.67715327486
544,6.6850169708
545,6.68976795376
546,6.69601158271
547,6.70192391706
548,6.70375877945
549,6.71031185939
550,6.72003226132
551,6.72117905031
552,6.72872700694
553,6.74711733221
554,6.75216320377
555,6.82252761268
556,6.88995372759
557,6.89270098034
558,6.90033223797
559,6.90399524163
560,6.90399524163
561,6.91943218564
562,6.93408420029
563,6.93591570212
564,6.94446271067
565,6.95315731277
566,6.95979902271
567,6.96607845756
568,6.96745208394
569,7.01552900701
570,7.01552900701
571,7.01736050884
572,7.02926527075
573,7.05124329273
574,7.09519933668
575,7.11717735866
576,7.12956179962
577,7.13859720865
578,7.14409171415
579,7.16057523063
580,7.16497083503
581,7.1765877895
582,7.18482954774
583,7.19189391195
584,7.21549412126
585,7.23129968322
586,7.25223601185
587,7.25223601185
588,7.26024229129
589,7.27383465131
590,7.27887128134
591,7.27887128134
592,7.27887128134
593,7.27887128134
594,7.28253428501
595,7.28986029233
596,7.28986029233
597,7.29070560087
598,7.2957774521
599,7.29699845332
600,7.30844533976
601,7.30981896614
602,7.30981896614
603,7.30981896614
604,7.31647275191
605,7.33007416881
606,7.33007416881
607,7.33740017614
608,7.33862117736
609,7.35510469384
610,7.38990322864
611,7.39722923597
612,7.40522124396
613,7.41650995525
614,7.42842880563
615,7.43149304908
616,7.43738001925
617,7.44051973667
618,7.44491534107
619,7.44711314327
620,7.44711314327
621,7.45175294791
622,7.46719861335
623,7.47159421775
624,7.45797088013
625,7.340885317
626,7.35083556576
627,7.3553131777
628,7.37106773823
629,7.38682229876
630,7.39179742314
631,7.39638984564
632,7.4035655058
633,7.40569770197
634,7.43483771618
635,7.45118455342
636,7.45331674959
637,7.45704809287
638,7.45704809287
639,7.46077943615
640,7.46077943615
641,7.46451077944
642,7.46451077944
643,7.46451077944
644,7.46451077944
645,7.46877517176
646,7.47303956408
647,7.47303956408
648,7.47303956408
649,7.47552712627
650,7.48796493722
651,7.48796493722
652,7.49592513622
653,7.49891021085
654,7.49891021085
655,7.50338782279
656,7.50947278261
657,7.51291709948
658,7.51291709948
659,7.51664844277
660,7.51664844277
661,7.51664844277
662,7.51664844277
663,7.51664844277
664,7.51664844277
665,7.51664844277
666,7.51664844277
667,7.51664844277
668,7.51664844277
669,7.51664844277
670,7.52517722742
671,7.5289085707
672,7.5289085707
673,7.53956955151
674,7.55023053232
675,7.55023053232
676,7.55023053232
677,7.55023053232
678,7.55023053232
679,7.56478277113
680,7.56478277113
681,7.57304503125
682,7.58786379458
683,7.58786379458
684,7.58786379458
685,7.58786379458
686,7.59458021249
687,7.60440608314
688,7.60938120752
689,7.61535135677
690,7.61535135677
691,7.6214873435
692,7.64752382775
693,7.65854564175
694,7.67738004119
695,7.68626419186
696,7.68924926649
697,7.69223434111
698,7.69223434111
699,7.69223434111
700,7.69797486924
701,7.712211379
702,7.71946084595
703,7.7279896306
704,7.7279896306
705,7.7279896306
706,7.74167122264
707,7.74353689428
708,7.74353689428
709,7.74913390921
710,7.74913390921
711,7.75888870665
712,7.78708700089
713,7.79454968746
714,7.60333721834
715,7.56305031447
716,7.56305031447
717,7.56305031447
718,7.57059748428
719,7.57437106918
720,7.58694968553
721,7.58694968553
722,7.58694968553
723,7.58964510332
724,7.60312219227
725,7.60689577718
726,7.61444294699
727,7.62151841869
728,7.62623539982
729,7.62623539982
730,7.62623539982
731,7.62623539982
732,7.63432165319
733,7.64240790656
734,7.64240790656
735,7.64240790656
736,7.64240790656
737,7.65804132974
738,7.67630278527
739,7.68652291105
740,7.68966756514
741,7.70539083558
742,7.70539083558
743,7.72066486972
744,7.73414195867
745,7.73414195867
746,7.73414195867
747,7.73414195867
748,7.73414195867
749,7.73414195867
750,7.73414195867
751,7.73414195867
752,7.73414195867
753,7.73414195867
754,7.73414195867
755,7.73414195867
756,7.73414195867
757,7.73414195867
758,7.74492362983
759,7.74964061096
760,7.75199910153
761,7.75199910153
762,7.76547619048
763,7.76817160827
764,7.77571877808
765,7.77949236298
766,7.78703953279
767,7.78703953279
768,7.78703953279
769,7.78703953279
770,7.78703953279
771,7.79836028751
772,7.79836028751
773,7.79836028751
774,7.81453279425
775,7.81453279425
776,7.81453279425
777,7.8271114106
778,7.83340071878
779,7.84440700809
780,7.86484725966
781,7.8805705301
782,7.8805705301
783,7.8805705301
784,7.89189128482
785,7.89189128482
786,7.90446990117
787,7.91075920934
788,7.91075920934
789,7.91075920934
790,7.91075920934
791,7.91075920934
792,7.91075920934
793,7.91075920934
794,7.91075920934
795,7.91830637916
796,7.92908805031
797,7.94189128482
798,7.95024707996
799,7.957524708
800,7.96830637916
801,7.98088499551
802,7.98717430368
803,7.99189128482
804,7.99424977538
805,8.0016621743
806,8.01749775382
807,8.01749775382
808,8.01749775382
809,8.01749775382
810,8.01749775382
811,8.02457322552
812,8.03580413297
813,8.05332434861
814,8.06087151842
815,8.06464510332
816,8.07172057502
817,8.07172057502
818,8.07172057502
819,8.07172057502
820,8.07172057502
821,8.07172057502
822,8.07172057502
823,8.07172057502
824,8.07172057502
825,8.07441599281
826,8.08250224618
827,8.08250224618
828,8.08250224618
829,8.08250224618
830,8.10137017071
831,8.1152066487
832,8.13092991914
833,8.22897869674
834,8.25200680272
835,8.25486394558
836,8.26343537415
837,8.26343537415
838,8.26343537415
839,8.26343537415
840,8.26343537415
841,8.26343537415
842,8.2824829932
843,8.2824829932
844,8.2824829932
845,8.2824829932
846,8.2824829932
847,8.28656462585
848,8.31785714286
849,8.32071428571
850,8.32928571429
851,8.32928571429
852,8.34595238095
853,8.35904761905
854,8.35904761905
855,8.35904761905
856,8.35904761905
857,8.35904761905
858,8.35904761905
859,8.35904761905
860,8.35904761905
861,8.35904761905
862,8.35904761905
863,8.35904761905
864,8.35904761905
865,8.35904761905
866,8.35904761905
867,8.35904761905
868,8.35904761905
869,8.36857142857
870,8.36857142857
871,8.37571428571
872,8.38428571429
873,8.38714285714
874,8.38714285714
875,8.38714285714
876,8.38714285714
877,8.39285714286
878,8.39857142857
879,8.39857142857
880,8.39857142857
881,8.39857142857
882,8.39857142857
883,8.39857142857
884,8.40714285714
885,8.41
886,8.41
887,8.41
888,8.41
889,8.41
890,8.41
891,8.41
892,8.41
893,8.42632653061
894,8.42632653061
895,8.42632653061
896,8.42632653061
897,8.4406122449
898,8.4406122449
899,8.4406122449
900,8.4406122449
901,8.45965986395
902,8.46537414966
903,8.47680272109
904,8.49585034014
905,8.49585034014
906,8.49585034014
907,8.49585034014
908,8.49585034014
909,8.49585034014
910,8.49585034014
911,8.49585034014
912,8.49585034014
913,8.49585034014
914,8.49585034014
915,8.49585034014
916,8.49585034014
917,8.50537414966
918,8.5206122449
919,8.52632653061
920,8.52632653061
921,8.52632653061
922,8.52632653061
923,8.52989795918
924,8.5406122449
925,8.5406122449
926,8.5487755102
927,8.56102040816
928,8.58397959184
929,8.58397959184
930,8.58397959184
931,8.58397959184
932,8.59469387755
933,8.59469387755
934,8.59469387755
935,8.59469387755
936,8.5987755102
937,8.61102040816
938,8.61102040816
939,8.61102040816
940,8.61102040816
941,8.61102040816
942,8.61673469388
943,8.62653061224
944,8.65510204082
945,8.65510204082
946,8.65510204082
947,8.65510204082
948,8.65510204082
949,8.65510204082
950,8.67224489796
951,8.68081632653
952,8.69510204082
953,8.70081632653
954,8.71795918367
955,8.7274829932
956,8.7274829932
957,8.7274829932
958,8.7274829932
959,8.73700680272
960,8.75129251701
961,8.76557823129
962,8.78462585034
963,8.78462585034
964,8.78462585034
965,8.79034013605
966,8.80585034014
967,8.8180952381
968,8.8180952381
969,8.82952380952
970,8.85238095238
971,8.85238095238
972,8.85238095238
973,8.85238095238
974,8.85595238095
975,8.8630952381
976,8.8630952381
977,8.8630952381
978,8.8630952381
979,8.8630952381
980,8.8630952381
981,8.87261904762
982,8.87261904762
983,8.87261904762
984,8.89166666667
985,8.91071428571
986,8.91071428571
987,8.91071428571
988,8.91785714286
989,8.925
990,8.93452380952
991,8.94404761905
992,8.94404761905
993,8.95119047619
994,8.95119047619
995,8.9619047619
996,8.96904761905
997,8.97976190476
998,8.97976190476
999,9.2181372549
1000,10.3333333333
1001,10.3444444444
1002,10.3555555556
1003,10.3666666667
1004,10.3666666667
1005,10.3666666667
1006,10.3666666667
1007,10.380952381
1008,10.3857142857
1009,10.394047619
1010,10.394047619
1011,10.394047619
1012,10.394047619
1013,10.394047619
1014,10.394047619
1015,10.4229365079
1016,10.4362698413
1017,10.4404365079
1018,10.4529365079
1019,10.4529365079
1020,10.464047619
1021,10.4894444444
1022,10.4942063492
1023,10.4942063492
1024,10.5165873016
1025,10.5265873016
1026,10.5299206349
1027,10.5399206349
1028,10.5399206349
1029,10.5499206349
1030,10.5532539683
1031,10.5532539683
1032,10.5532539683
1033,10.5532539683
1034,10.5788095238
1035,10.5888095238
1036,10.5954761905
1037,10.6021428571
1038,10.6021428571
1039,10.6021428571
1040,10.6021428571
1041,10.6154761905
1042,10.6265873016
1043,10.6265873016
1044,10.6265873016
1045,10.6265873016
1046,10.6265873016
1047,10.6307539683
1048,10.6432539683
1049,10.6499206349
1050,10.6565873016
1051,10.6565873016
1052,10.6565873016
1053,10.6565873016
1054,10.6613492063
1055,10.6756349206
1056,10.6867460317
1057,10.6978571429
1058,10.6978571429
1059,10.6978571429
1060,10.6978571429
1061,10.6978571429
1062,10.6978571429
1063,10.6978571429
1064,10.6978571429
1065,10.6978571429
1066,10.6978571429
1067,10.6978571429
1068,10.6978571429
1069,10.6978571429
1070,10.7169047619
1071,10.7169047619
1072,10.7311904762
1073,10.735952381
1074,10.735952381
1075,10.735952381
1076,10.735952381
1077,10.735952381
1078,10.735952381
1079,10.735952381
1080,10.735952381
1081,10.735952381
1082,10.735952381
1083,10.735952381
1084,10.7585714286
1085,10.7675
1086,10.7675
1087,10.7675
1088,10.7675
1089,10.7675
1090,10.7675
1091,10.7722619048
1092,10.7921031746
1093,10.8230555556
1094,10.8278174603
1095,10.8278174603
1096,10.831984127
1097,10.8403174603
1098,10.8403174603
1099,10.8403174603
1100,10.8403174603
1101,10.8403174603
1102,10.8403174603
1103,10.8403174603
1104,10.8403174603
1105,10.8403174603
1106,10.8403174603
1107,10.8403174603
1108,10.8403174603
1109,10.8403174603
1110,10.8403174603
1111,10.8593650794
1112,10.8693650794
1113,10.8726984127
1114,10.8726984127
1115,10.8726984127
1116,10.8768650794
1117,10.8893650794
1118,10.9026984127
1119,10.9026984127
1120,10.9026984127
1121,10.9068650794
1122,10.923531746
1123,10.9276984127
1124,10.941984127
1125,10.9678571429
1126,10.9965873016
1127,11.0013492063
1128,11.0061111111
1129,11.0328968254
1130,11.0495634921
1131,11.0551190476
1132,11.0551190476
1133,11.0551190476
1134,11.0551190476
1135,11.0551190476
1136,11.0551190476
1137,11.0551190476
1138,11.0551190476
1139,11.0676190476
1140,11.0717857143
1141,11.0717857143
1142,11.0717857143
1143,11.0717857143
1144,11.0717857143
1145,11.0717857143
1146,11.0717857143
1147,11.0717857143
1148,11.0717857143
1149,11.0717857143
1150,11.0717857143
1151,11.0717857143
1152,11.0717857143
1153,11.0717857143
1154,11.0717857143
1155,11.0895634921
1156,11.1403968254
1157,11.1487301587
1158,11.1487301587
1159,11.1487301587
1160,11.1487301587
1161,11.1788888889
1162,11.1995238095
1163,11.209047619
1164,11.209047619
1165,11.209047619
1166,11.209047619
1167,11.209047619
1168,11.209047619
1169,11.219047619
1170,11.2223809524
1171,11.2223809524
1172,11.2223809524
1173,11.2223809524
1174,11.2223809524
1175,11.2323809524
1176,11.2357142857
1177,11.244047619
1178,11.2523809524
1179,11.2523809524
1180,11.2523809524
1181,11.256547619
1182,11.2648809524
1183,11.2648809524
1184,11.2648809524
1185,11.2732142857
1186,11.2732142857
1187,11.2932142857
1188,11.2932142857
1189,11.3043253968
1190,11.3043253968
1191,11.3043253968
1192,11.3043253968
1193,11.3043253968
1194,11.3043253968
1195,11.3043253968
1196,11.3043253968
1197,11.3043253968
1198,11.3043253968
1199,11.3043253968
1200,11.3154365079
1201,11.3360714286
1202,11.3455952381
1203,11.3455952381
1204,11.3455952381
1205,11.3455952381
1206,11.3598809524
1207,11.3646428571
1208,11.3646428571
1209,11.3646428571
1210,11.3646428571
1211,11.3646428571
1212,11.3646428571
1213,11.3713095238
1214,11.3846428571
1215,11.3846428571
1216,11.3846428571
1217,11.3846428571
1218,11.3846428571
1219,11.3913095238
1220,11.3979761905
1221,11.3979761905
1222,11.3979761905
1223,11.3979761905
1224,11.3979761905
1225,11.4046428571
1226,11.4290873016
1227,11.4290873016
1228,11.4290873016
1229,11.4324206349
1230,11.4646428571
1231,11.4646428571
1232,11.4646428571
1233,11.4688095238
1234,11.4771428571
1235,11.4813095238
1236,11.4938095238
1237,11.5033333333
1238,11.5128571429
1239,11.5417460317
1240,11.5484126984
1241,11.5484126984
1242,11.5484126984
1243,11.5484126984
1244,11.5626984127
1245,11.5674603175
1246,11.5896825397
1247,11.6021825397
1248,11.6063492063
1249,11.7467142857
1250,13.01
1251,13.01
1252,13.01
1253,13.01
1254,13.01
1255,13.0433333333
1256,13.0433333333
1257,13.0433333333
1258,13.0433333333
1259,13.0766666667
1260,13.11
1261,13.11
1262,13.11
1263,13.11
1264,13.11
1265,13.11
1266,13.11
1267,13.11
1268,13.11
1269,13.11
1270,13.11
1271,13.11
1272,13.11
1273,13.11
1274,13.11
1275,13.11
1276,13.11
1277,13.1433333333
1278,13.1766666667
1279,13.1766666667
1280,13.1766666667
1281,13.1766666667
1282,13.1766666667
1283,13.1766666667
1284,13.1766666667
1285,13.1766666667
1286,13.2433333333
1287,13.2433333333
1288,13.2433333333
1289,13.2433333333
1290,13.2766666667
1291,13.2766666667
1292,13.2766666667
1293,13.2766666667
1294,13.2766666667
1295,13.2966666667
1296,13.3366666667
1297,13.3366666667
1298,13.37
1299,13.37
1300,13.37
1301,13.37
1302,13.42
1303,13.445
1304,13.445
1305,13.445
1306,13.445
1307,13.445
1308,13.445
1309,13.445
1310,13.445
1311,13.445
1312,13.445
1313,13.445
1314,13.445
1315,13.445
1316,13.445
1317,13.445
1318,13.445
1319,13.445
1320,13.445
1321,13.445
1322,13.445
1323,13.445
1324,13.445
1325,13.445
1326,13.505
1327,13.505
1328,13.505
1329,13.505
1330,13.505
1331,13.505
1332,13.505
1333,13.505
1334,13.505
1335,13.505
1336,13.505
1337,13.53
1338,13.5425
1339,13.5425
1340,13.5425
1341,13.5425
1342,13.5425
1343,13.5758333333
1344,13.5758333333
1345,13.5758333333
1346,13.5758333333
1347,13.5758333333
1348,13.5758333333
1349,13.5758333333
1350,13.5758333333
1351,13.6008333333
1352,13.6008333333
1353,13.6008333333
1354,13.6008333333
1355,13.6008333333
1356,13.6008333333
1357,13.6008333333
1358,13.6008333333
1359,13.6008333333
1360,13.6008333333
1361,13.6008333333
1362,13.6008333333
1363,13.6008333333
1364,13.6008333333
1365,13.6008333333
1366,13.6008333333
1367,13.6008333333
1368,13.6341666667
1369,13.6341666667
1370,13.6341666667
1371,13.6341666667
1372,13.6341666667
1373,13.6341666667
1374,13.6716666667
1375,13.6716666667
1376,13.6716666667
1377,13.6716666667
1378,13.6716666667
1379,13.6716666667
1380,13.6716666667
1381,13.6716666667
1382,13.6716666667
1383,13.6716666667
1384,13.6966666667
1385,13.6966666667
1386,13.6966666667
1387,13.6966666667
1388,13.6966666667
1389,13.7216666667
1390,13.7341666667
1391,13.7341666667
1392,13.7591666667
1393,13.7716666667
1394,13.7716666667
1395,13.7716666667
1396,13.7716666667
1397,13.7716666667
1398,13.7716666667
1399,13.7716666667
1400,13.7716666667
1401,13.7716666667
1402,13.7716666667
1403,13.7716666667
1404,13.7966666667
1405,13.8091666667
1406,13.8091666667
1407,13.8091666667
1408,13.8091666667
1409,13.8091666667
1410,13.8091666667
1411,13.8091666667
1412,13.8091666667
1413,13.8091666667
1414,13.8091666667
1415,13.8091666667
1416,13.8091666667
1417,13.8091666667
1418,13.8091666667
1419,13.8091666667
1420,13.8091666667
1421,13.8091666667
1422,13.8091666667
1423,13.8091666667
1424,13.8341666667
1425,13.8341666667
1426,13.8341666667
1427,13.8341666667
1428,13.8341666667
1429,13.8466666667
1430,13.8716666667
1431,13.8716666667
1432,13.8716666667
1433,13.8716666667
1434,13.8716666667
1435,13.8716666667
1436,13.8716666667
1437,13.8716666667
1438,13.8716666667
1439,13.8716666667
1440,13.8716666667
1441,13.8716666667
1442,13.8716666667
1443,13.8716666667
1444,13.8716666667
1445,13.8716666667
1446,13.8716666667
1447,13.8716666667
1448,13.8716666667
1449,13.9116666667
1450,13.9316666667
1451,13.9316666667
1452,13.9316666667
1453,13.9316666667
1454,13.9316666667
1455,13.9316666667
1456,13.9316666667
1457,13.9316666667
1458,13.9316666667
1459,13.9316666667
1460,13.9316666667
1461,13.9316666667
1462,13.9316666667
1463,13.9316666667
1464,13.9316666667
1465,13.9316666667
1466,13.9316666667
1467,13.9316666667
1468,13.9316666667
1469,13.9316666667
1470,13.9316666667
1471,13.9316666667
1472,13.9316666667
1473,13.9316666667
1474,13.9316666667
1475,13.9316666667
1476,13.9316666667
1477,13.9316666667
1478,13.9316666667
1479,13.9316666667
1480,13.9316666667
1481,13.9316666667
1482,13.9316666667
1483,13.9441666667
1484,13.9691666667
1485,13.9691666667
1486,14.0358333333
1487,14.0358333333
1488,14.0358333333
1489,14.0358333333
1490,14.0358333333
1491,14.0358333333
1492,14.0358333333
1493,14.0358333333
1494,14.0358333333
1495,14.0358333333
1496,14.0358333333
1497,14.0358333333
1498,14.0358333333
1499,14.0358333333
1500,14.0358333333
1501,14.0358333333
1502,14.0358333333
1503,14.0358333333
1504,14.0358333333
1505,14.0358333333
1506,14.0358333333
1507,14.0358333333
1508,14.0358333333
1509,14.0358333333
1510,14.0358333333
1511,14.0358333333
1512,14.0358333333
1513,14.0358333333
1514,14.0358333333
1515,14.0608333333
1516,14.0733333333
1517,14.0733333333
1518,14.0733333333
1519,14.0733333333
1520,14.0733333333
1521,14.0733333333
1522,14.0733333333
1523,14.0733333333
1524,14.0733333333
1525,14.0933333333
1526,14.1333333333
1527,14.1333333333
1528,14.1333333333
1529,14.1333333333
1530,14.1333333333
1531,14.1933333333
1532,14.1933333333
1533,14.1933333333
1534,14.1933333333
1535,14.2183333333
1536,14.2183333333
1537,14.2183333333
1538,14.2183333333
1539,14.2183333333
1540,14.2183333333
1541,14.2183333333
1542,14.2183333333
1543,14.2183333333
1544,14.2183333333
1545,14.2183333333
1546,14.2183333333
1547,14.2183333333
1548,14.2183333333
1549,14.2183333333
1550,14.2183333333
1551,14.2183333333
1552,14.2183333333
1553,14.2183333333
1554,14.2183333333
1555,14.2383333333
1556,14.2783333333
1557,14.2783333333
1558,14.2783333333
1559,14.2783333333
1560,14.2783333333
1561,14.3033333333
1562,14.3033333333
1563,14.3033333333
1564,14.3033333333
1565,14.3033333333
1566,14.3033333333
1567,14.3033333333
1568,14.3033333333
1569,14.3233333333
1570,14.3633333333
1571,14.3633333333
1572,14.3633333333
1573,14.3633333333
1574,14.3633333333
1575,14.3633333333
1576,14.3633333333
1577,14.3633333333
1578,14.3633333333
1579,14.4283333333
1580,14.4608333333
1581,14.4608333333
1582,14.4608333333
1583,14.4608333333
1584,14.4608333333
1585,14.4608333333
1586,14.4608333333
1587,14.4608333333
1588,14.4608333333
1589,14.4941666667
1590,14.4941666667
1591,14.4941666667
1592,14.4941666667
1593,14.4941666667
1594,14.4941666667
1595,14.4941666667
1596,14.5191666667
1597,14.5191666667
1598,14.5191666667
1599,14.5191666667
1600,14.5441666667
1601,14.5441666667
1602,14.5441666667
1603,14.5441666667
1604,14.5441666667
1605,14.5441666667
1606,14.5441666667
1607,14.5441666667
1608,14.5441666667
1609,14.5441666667
1610,14.5441666667
1611,14.5441666667
1612,14.5441666667
1613,14.5441666667
1614,14.5441666667
1615,14.5441666667
1616,14.5441666667
1617,14.5775
1618,14.6108333333
1619,14.6108333333
1620,14.6483333333
1621,14.6483333333
1622,14.6483333333
1623,14.6483333333
1624,14.6483333333
1625,14.6483333333
1626,14.6483333333
1627,14.6483333333
1628,14.6483333333
1629,14.6483333333
1630,14.6683333333
1631,14.7083333333
1632,14.7083333333
1633,14.7083333333
1634,14.7083333333
1635,14.7083333333
1636,14.7083333333
1637,14.7083333333
1638,14.7083333333
1639,14.7333333333
1640,14.7583333333
1641,14.7833333333
1642,14.7833333333
1643,14.7833333333
1644,14.7833333333
1645,14.7833333333
1646,14.7833333333
1647,14.7833333333
1648,14.7833333333
1649,14.7833333333
1650,14.7833333333
1651,14.85
1652,14.8625
1653,14.8875
1654,14.8875
1655,14.8875
1656,14.8875
1657,14.8875
1658,14.8875
1659,14.8875
1660,14.8875
1661,14.8875
1662,14.8875
1663,14.8875
1664,14.8875
1665,14.8875
1666,14.9375
1667,15.0
1668,15.0
1669,15.0
1670,15.0
1671,15.0
1672,15.0
1673,15.0
1674,15.0
1675,15.0
1676,15.1666666667
1677,15.1666666667
1678,15.1666666667
1679,15.1666666667
1680,15.1666666667
1681,15.1666666667
1682,15.1666666667
1683,15.1666666667
1684,15.1666666667
1685,15.1666666667
1686,15.1666666667
1687,15.1666666667
1688,15.1666666667
1689,15.25
1690,15.25
1691,15.25
1692,15.25
1693,15.25
1694,15.25
1695,15.25
1696,15.25
1697,15.25
1698,15.25
1699,15.3125
1700,15.3125
1701,15.3125
1702,15.3125
1703,15.3125
1704,15.3125
1705,15.3125
1706,15.375
1707,15.375
1708,15.375
1709,15.375
1710,15.375
1711,15.375
1712,15.375
1713,15.375
1714,15.375
1715,15.375
1716,15.375
1717,15.375
1718,15.375
1719,15.375
1720,15.375
1721,15.375
1722,15.375
1723,15.375
1724,15.375
1725,15.375
1726,15.375
1727,15.375
1728,15.375
1729,15.375
1730,15.375
1731,15.375
1732,15.375
1733,15.375
1734,15.375
1735,15.375
1736,15.375
1737,15.375
1738,15.375
1739,15.375
1740,15.375
1741,15.375
1742,15.375
1743,15.375
1744,15.375
1745,15.375
1746,15.375
1747,15.375
1748,15.375
1749,15.375
1750,15.375
1751,15.375
1752,15.4583333333
1753,15.4583333333
1754,15.4583333333
1755,15.4583333333
1756,15.4583333333
1757,15.4583333333
1758,15.4583333333
1759,15.4583333333
1760,15.4583333333
1761,15.4583333333
1762,15.4583333333
1763,15.4583333333
1764,15.4583333333
1765,15.4583333333
1766,15.4583333333
1767,15.4583333333
1768,15.4583333333
1769,15.4583333333
1770,15.4583333333
1771,15.4583333333
1772,15.4583333333
1773,15.4583333333
1774,15.4583333333
1775,15.4583333333
1776,15.4583333333
1777,15.4583333333
1778,15.4583333333
1779,15.4583333333
1780,15.4583333333
1781,15.4583333333
1782,15.4583333333
1783,15.4583333333
1784,15.4583333333
1785,15.4583333333
1786,15.4583333333
1787,15.4583333333
1788,15.4583333333
1789,15.4583333333
1790,15.4583333333
1791,15.4583333333
1792,15.4583333333
1793,15.4583333333
1794,15.5416666667
1795,15.625
1796,15.625
1797,15.625
1798,15.625
1799,15.625
1800,15.625
1801,15.6875
1802,15.8541666667
1803,15.8541666667
1804,15.8541666667
1805,15.8541666667
1806,15.8541666667
1807,15.8541666667
1808,15.8541666667
1809,15.8541666667
1810,15.8541666667
1811,15.9375
1812,15.9375
1813,15.9375
1814,15.9375
1815,15.9375
1816,15.9375
1817,15.9375
1818,15.9375
1819,15.9375
1820,15.9375
1821,15.9375
1822,15.9375
1823,15.9375
1824,15.9375
1825,15.9375
1826,15.9375
1827,15.9375
1828,16.0208333333
1829,16.0208333333
1830,16.0208333333
1831,16.0208333333
1832,16.0208333333
1833,16.0208333333
1834,16.0208333333
1835,16.0208333333
1836,16.0208333333
1837,16.0208333333
1838,16.0208333333
1839,16.0208333333
1840,16.0208333333
1841,16.0208333333
1842,16.0208333333
1843,16.0208333333
1844,16.0208333333
1845,16.0208333333
1846,16.0208333333
1847,16.0208333333
1848,16.0208333333
1849,16.0208333333
1850,16.0208333333
1851,16.0208333333
1852,16.0208333333
1853,16.0208333333
1854,16.0208333333
1855,16.0208333333
1856,16.0208333333
1857,16.0208333333
1858,16.0208333333
1859,16.0208333333
1860,16.0208333333
1861,16.0208333333
1862,16.0208333333
1863,16.0208333333
1864,16.0208333333
1865,16.0208333333
1866,16.0208333333
1867,16.0208333333
1868,16.0208333333
1869,16.1041666667
1870,16.2708333333
1871,16.2708333333
1872,16.2708333333
1873,16.2708333333
1874,16.2708333333
1875,16.3541666667
1876,16.3541666667
1877,16.3541666667
1878,16.3541666667
1879,16.3541666667
1880,16.3541666667
1881,16.3541666667
1882,16.3541666667
1883,16.3541666667
1884,16.3541666667
1885,16.3541666667
1886,16.3541666667
1887,16.3541666667
1888,16.3541666667
1889,16.3541666667
1890,16.3541666667
1891,16.3541666667
1892,16.3541666667
1893,16.3541666667
1894,16.3541666667
1895,16.3541666667
1896,16.3541666667
1897,16.3541666667
1898,16.3541666667
1899,16.4375
1900,16.4375
1901,16.4375
1902,16.4375
1903,16.4375
1904,16.4375
1905,16.5833333333
1906,16.5833333333
1907,16.5833333333
1908,16.5833333333
1909,16.5833333333
1910,16.5833333333
1911,16.5833333333
1912,16.5833333333
1913,16.5833333333
1914,16.5833333333
1915,16.5833333333
1916,16.5833333333
1917,16.5833333333
1918,16.6458333333
1919,16.6458333333
1920,16.6458333333
1921,16.6458333333
1922,16.6458333333
1923,16.6458333333
1924,16.7083333333
1925,16.7083333333
1926,16.7083333333
1927,16.7083333333
1928,16.7083333333
1929,16.7083333333
1930,16.7083333333
1931,16.7083333333
1932,16.7083333333
1933,16.7916666667
1934,16.7916666667
1935,16.7916666667
1936,16.7916666667
1937,16.7916666667
1938,16.7916666667
1939,16.7916666667
1940,16.7916666667
1941,16.8541666667
1942,16.8541666667
1943,16.8541666667
1944,16.8541666667
1945,16.8541666667
1946,16.8541666667
1947,16.8541666667
1948,16.8541666667
1949,16.8541666667
1950,16.8541666667
1951,16.8541666667
1952,16.8541666667
1953,16.8541666667
1954,16.8541666667
1955,16.8541666667
1956,16.8541666667
1957,16.8541666667
1958,16.8541666667
1959,16.8541666667
1960,16.8541666667
1961,16.8541666667
1962,16.8541666667
1963,16.8541666667
1964,16.8541666667
1965,16.8541666667
1966,16.8541666667
1967,16.8541666667
1968,16.8541666667
1969,16.8541666667
1970,16.8541666667
1971,16.8541666667
1972,16.8541666667
1973,16.8541666667
1974,16.8541666667
1975,16.8541666667
1976,16.8541666667
1977,16.8541666667
1978,16.8541666667
1979,16.8541666667
1980,16.8541666667
1981,16.8541666667
1982,16.8541666667
1983,16.8541666667
1984,16.8541666667
1985,16.8541666667
1986,16.8541666667
1987,16.8541666667
1988,16.8541666667
1989,16.8541666667
1990,16.8541666667
1991,16.8541666667
1992,16.8541666667
1993,16.8541666667
1994,16.8541666667
1995,16.8541666667
1996,16.8541666667
1997,16.8541666667
1998,16.8541666667
1999,16.8541666667
2000,16.8541666667
2001,16.8541666667
2002,16.8541666667
2003,16.8541666667
2004,16.8541666667
2005,16.8541666667
2006,16.8541666667
2007,16.8541666667
2008,16.8541666667
2009,16.8541666667
2010,16.8541666667
2011,16.8541666667
2012,16.8541666667
2013,16.8541666667
2014,16.8541666667
2015,16.8541666667
2016,16.8541666667
2017,16.8541666667
2018,16.8541666667
2019,16.8541666667
2020,16.8541666667
2021,16.8541666667
2022,16.8541666667
2023,16.8541666667
2024,16.8541666667
2025,16.8541666667
2026,16.8541666667
2027,16.8541666667
2028,16.8541666667
2029,16.9375
2030,16.9375
2031,16.9375
2032,16.9375
2033,16.9375
2034,16.9375
2035,16.9375
2036,16.9375
2037,16.9375
2038,16.9375
2039,16.9375
2040,16.9375
2041,16.9375
2042,16.9375
2043,16.9375
2044,16.9375
2045,16.9375
2046,16.9375
2047,16.9375
2048,16.9375
2049,16.9375
2050,16.9375
2051,16.9375
2052,16.9375
2053,16.9375
2054,16.9375
2055,16.9375
2056,16.9375
2057,16.9375
2058,16.9375
2059,16.9375
2060,16.9375
2061,16.9375
2062,16.9375
2063,16.9375
2064,16.9375
2065,16.9375
2066,16.9375
2067,16.9375
2068,16.9375
2069,16.9375
2070,16.9375
2071,16.9375
2072,16.9375
2073,16.9375
2074,16.9375
2075,16.9375
2076,16.9375
2077,16.9375
2078,16.9375
2079,16.9375
2080,16.9375
2081,16.9375
2082,16.9375
2083,16.9375
2084,16.9375
2085,16.9375
2086,16.9375
2087,16.9375
2088,16.9375
2089,16.9375
2090,16.9375
2091,17.0
2092,17.0
2093,17.0
2094,17.0
2095,17.0
2096,17.0
2097,17.0
2098,17.0
2099,17.0
2100,17.0
2101,17.0625
2102,17.125
2103,17.125
2104,17.125
2105,17.125
2106,17.125
2107,17.125
2108,17.125
2109,17.125
2110,17.125
2111,17.125
2112,17.125
2113,17.125
2114,17.125
2115,17.125
2116,17.125
2117,17.125
2118,17.125
2119,17.125
2120,17.125
2121,17.125
2122,17.125
2123,17.125
2124,17.125
2125,17.125
2126,17.125
2127,17.125
2128,17.125
2129,17.125
2130,17.125
2131,17.125
2132,17.125
2133,17.125
2134,17.125
2135,17.125
2136,17.2083333333
2137,17.2916666667
2138,17.2916666667
2139,17.2916666667
2140,17.2916666667
2141,17.2916666667
2142,17.2916666667
2143,17.2916666667
2144,17.3541666667
2145,17.3541666667
2146,17.4375
2147,17.4375
2148,17.4375
2149,17.4375
2150,17.4375
2151,17.4375
2152,17.4375
2153,17.4375
2154,17.4375
2155,17.4375
2156,17.4375
2157,17.4375
2158,17.4375
2159,17.4375
2160,17.4375
2161,17.4375
2162,17.4375
2163,17.4375
2164,17.4375
2165,17.4375
2166,17.4375
2167,17.4375
2168,17.4375
2169,17.4375
2170,17.4375
2171,17.4375
2172,17.4375
2173,17.4375
2174,17.4375
2175,17.4375
2176,17.4375
2177,17.4375
2178,17.4375
2179,17.4375
2180,17.4375
2181,17.4375
2182,17.4375
2183,17.4375
2184,17.4375
2185,17.4375
2186,17.4375
2187,17.4375
2188,17.4375
2189,17.4375
2190,17.4375
2191,17.4375
2192,17.4375
2193,17.5
2194,17.5
2195,17.5
2196,17.5
2197,17.5
2198,17.6666666667
2199,17.6666666667
2200,17.6666666667
2201,17.6666666667
2202,17.6666666667
2203,17.6666666667
2204,17.6666666667
2205,17.6666666667
2206,17.6666666667
2207,17.6666666667
2208,17.6666666667
2209,17.6666666667
2210,17.6666666667
2211,17.6666666667
2212,17.6666666667
2213,17.6666666667
2214,17.6666666667
2215,17.6666666667
2216,17.6666666667
2217,17.6666666667
2218,17.6666666667
2219,17.6666666667
2220,17.8333333333
2221,17.8333333333
2222,17.8333333333
2223,17.8333333333
2224,17.8333333333
2225,17.9166666667
2226,17.9166666667
2227,17.9166666667
2228,17.9166666667
2229,17.9166666667
2230,17.9166666667
2231,17.9166666667
2232,17.9166666667
2233,17.9166666667
2234,17.9166666667
2235,17.9166666667
2236,17.9166666667
2237,17.9166666667
2238,17.9166666667
2239,17.9166666667
2240,17.9166666667
2241,17.9166666667
2242,17.9166666667
2243,17.9166666667
2244,17.9166666667
2245,17.9166666667
2246,17.9166666667
2247,17.9166666667
2248,17.9166666667
2249,17.9166666667
2250,17.9166666667
2251,17.9166666667
2252,17.9166666667
2253,17.9166666667
2254,17.9166666667
2255,17.9166666667
2256,18.0
2257,18.0833333333
2258,18.0833333333
2259,18.0833333333
2260,18.0833333333
2261,18.0833333333
2262,18.0833333333
2263,18.0833333333
2264,18.0833333333
2265,18.0833333333
2266,18.0833333333
2267,18.0833333333
2268,18.0833333333
2269,18.0833333333
2270,18.1666666667
2271,18.25
2272,18.3333333333
2273,18.3333333333
2274,18.3333333333
2275,18.3333333333
2276,18.3333333333
2277,18.3333333333
2278,18.3333333333
2279,18.3333333333
2280,18.3333333333
2281,18.3333333333
2282,18.3333333333
2283,18.3333333333
2284,18.3333333333
2285,18.3333333333
2286,18.3333333333
2287,18.3333333333
2288,18.3333333333
2289,18.3333333333
2290,18.3333333333
2291,18.3333333333
2292,18.3333333333
2293,18.3333333333
2294,18.3333333333
2295,18.3333333333
2296,18.3333333333
2297,18.3333333333
2298,18.3333333333
2299,18.3333333333
2300,18.3333333333
2301,18.3333333333
2302,18.4166666667
2303,18.4166666667
2304,18.4166666667
2305,18.4166666667
2306,18.4166666667
2307,18.4791666667
2308,18.4791666667
2309,18.4791666667
2310,18.4791666667
2311,18.4791666667
2312,18.4791666667
2313,18.4791666667
2314,18.4791666667
2315,18.4791666667
2316,18.4791666667
2317,18.4791666667
2318,18.4791666667
2319,18.4791666667
2320,18.4791666667
2321,18.4791666667
2322,18.4791666667
2323,18.4791666667
2324,18.4791666667
2325,18.4791666667
2326,18.4791666667
2327,18.4791666667
2328,18.4791666667
2329,18.4791666667
2330,18.4791666667
2331,18.4791666667
2332,18.4791666667
2333,18.4791666667
2334,18.4791666667
2335,18.4791666667
2336,18.4791666667
2337,18.4791666667
2338,18.4791666667
2339,18.4791666667
2340,18.4791666667
2341,18.4791666667
2342,18.4791666667
2343,18.4791666667
2344,18.4791666667
2345,18.4791666667
2346,18.4791666667
2347,18.4791666667
2348,18.4791666667
2349,18.4791666667
2350,18.4791666667
2351,18.4791666667
2352,18.4791666667
2353,18.4791666667
2354,18.4791666667
2355,18.4791666667
2356,18.4791666667
2357,18.4791666667
2358,18.4791666667
2359,18.4791666667
2360,18.4791666667
2361,18.4791666667
2362,18.4791666667
2363,18.4791666667
2364,18.4791666667
2365,18.4791666667
2366,18.4791666667
2367,18.4791666667
2368,18.4791666667
2369,18.4791666667
2370,18.4791666667
2371,18.4791666667
2372,18.4791666667
2373,18.4791666667
2374,18.4791666667
2375,18.4791666667
2376,18.4791666667
2377,18.4791666667
2378,18.4791666667
2379,18.4791666667
2380,18.4791666667
2381,18.4791666667
2382,18.4791666667
2383,18.4791666667
2384,18.5416666667
2385,18.5416666667
2386,18.625
2387,18.625
2388,18.625
2389,18.625
2390,18.625
2391,18.625
2392,18.625
2393,18.625
2394,18.625
2395,18.625
2396,18.625
2397,18.625
2398,18.625
2399,18.625
2400,18.625
2401,18.625
2402,18.625
2403,18.625
2404,18.625
2405,18.625
2406,18.625
2407,18.625
2408,18.625
2409,18.625
2410,18.625
2411,18.625
2412,18.625
2413,18.625
2414,18.625
2415,18.625
2416,18.625
2417,18.625
2418,18.625
2419,18.625
2420,18.625
2421,18.625
2422,18.625
2423,18.625
2424,18.625
2425,18.625
2426,18.625
2427,18.625
2428,18.625
2429,18.625
2430,18.625
2431,18.625
2432,18.625
2433,18.625
2434,18.625
2435,18.625
2436,18.625
2437,18.625
2438,18.625
2439,18.625
2440,18.625
2441,18.7916666667
2442,18.7916666667
2443,18.7916666667
2444,18.7916666667
2445,18.7916666667
2446,18.7916666667
2447,18.7916666667
2448,18.7916666667
2449,18.7916666667
2450,18.7916666667
2451,18.7916666667
2452,18.7916666667
2453,18.7916666667
2454,18.7916666667
2455,18.7916666667
2456,18.7916666667
2457,18.7916666667
2458,18.7916666667
2459,18.7916666667
2460,18.7916666667
2461,18.7916666667
2462,18.7916666667
2463,18.7916666667
2464,18.7916666667
2465,18.7916666667
2466,18.7916666667
2467,18.7916666667
2468,18.7916666667
2469,18.7916666667
2470,18.7916666667
2471,18.7916666667
2472,18.7916666667
2473,18.7916666667
2474,18.7916666667
2475,18.7916666667
2476,18.7916666667
2477,18.7916666667
2478,18.7916666667
2479,18.7916666667
2480,18.7916666667
2481,18.7916666667
2482,18.7916666667
2483,18.7916666667
2484,18.7916666667
2485,18.7916666667
2486,18.7916666667
2487,18.7916666667
2488,18.7916666667
2489,18.7916666667
2490,18.7916666667
2491,18.7916666667
2492,18.7916666667
2493,18.7916666667
2494,18.7916666667
2495,18.7916666667
2496,18.7916666667
2497,18.7916666667
2498,18.7916666667
2499,17.6111111111
2500,15.25
2501,15.25
2502,15.25
2503,15.25
2504,15.25
2505,15.25
2506,15.25
2507,15.25
2508,15.25
2509,15.25
2510,15.25
2511,15.25
2512,15.25
2513,15.25
2514,15.25
2515,15.25
2516,15.25
2517,15.25
2518,15.25
2519,15.25
2520,15.25
2521,15.25
2522,15.25
2523,15.25
2524,15.25
2525,15.25
2526,15.25
2527,15.25
2528,15.25
2529,15.25
2530,15.25
2531,15.25
2532,15.25
2533,15.25
2534,15.25
2535,15.25
2536,15.25
2537,15.25
2538,15.25
2539,15.25
2540,15.25
2541,15.25
2542,15.25
2543,15.25
2544,15.25
2545,15.4166666667
2546,15.4166666667
2547,15.4166666667
2548,15.4166666667
2549,15.4166666667
2550,15.4166666667
2551,15.4166666667
2552,15.4166666667
2553,15.4166666667
2554,15.4166666667
2555,15.4166666667
2556,15.4166666667
2557,15.4166666667
2558,15.4166666667
2559,15.4166666667
2560,15.4166666667
2561,15.4166666667
2562,15.4166666667
2563,15.4166666667
2564,15.4166666667
2565,15.4166666667
2566,15.4166666667
2567,15.4166666667
2568,15.4166666667
2569,15.4166666667
2570,15.4166666667
2571,15.4166666667
2572,15.5416666667
2573,15.5416666667
2574,15.5416666667
2575,15.5416666667
2576,15.5416666667
2577,15.5416666667
2578,15.5416666667
2579,15.5416666667
2580,15.5416666667
2581,15.5416666667
2582,15.5416666667
2583,15.5416666667
2584,15.7083333333
2585,15.7083333333
2586,15.7083333333
2587,15.7083333333
2588,15.7083333333
2589,15.7083333333
2590,15.7083333333
2591,15.7083333333
2592,15.7083333333
2593,15.7083333333
2594,15.7083333333
2595,15.7083333333
2596,15.7083333333
2597,15.7083333333
2598,15.7083333333
2599,15.7083333333
2600,15.7083333333
2601,15.7083333333
2602,15.7083333333
2603,15.7083333333
2604,15.875
2605,15.875
2606,15.875
2607,15.875
2608,15.875
2609,15.875
2610,15.875
2611,15.875
2612,15.875
2613,15.875
2614,15.875
2615,15.875
2616,15.875
2617,15.875
2618,15.875
2619,15.875
2620,15.875
2621,15.875
2622,15.875
2623,15.875
2624,15.875
2625,15.875
2626,15.875
2627,15.875
2628,15.875
2629,15.875
2630,15.875
2631,15.875
2632,15.875
2633,15.875
2634,15.875
2635,15.875
2636,15.875
2637,15.875
2638,15.875
2639,15.875
2640,15.875
2641,15.875
2642,15.875
2643,15.875
2644,15.875
2645,15.875
2646,15.875
2647,15.875
2648,15.875
2649,15.875
2650,15.875
2651,15.875
2652,15.875
2653,15.875
2654,15.875
2655,15.875
2656,15.875
2657,15.875
2658,15.875
2659,15.875
2660,15.875
2661,15.875
2662,15.875
2663,15.875
2664,15.875
2665,15.875
2666,15.875
2667,15.875
2668,15.875
2669,15.875
2670,15.875
2671,15.875
2672,15.875
2673,15.875
2674,15.875
2675,15.875
2676,15.875
2677,15.875
2678,15.875
2679,15.875
2680,15.875
2681,15.875
2682,15.875
2683,15.875
2684,15.875
2685,15.875
2686,15.875
2687,15.875
2688,15.875
2689,15.875
2690,15.875
2691,15.875
2692,15.875
2693,15.875
2694,15.875
2695,15.875
2696,15.875
2697,15.875
2698,15.875
2699,15.875
2700,15.875
2701,15.875
2702,15.875
2703,15.875
2704,15.875
2705,15.875
2706,15.875
2707,15.875
2708,15.875
2709,15.875
2710,15.875
2711,15.875
2712,15.875
2713,15.875
2714,15.875
2715,16.0
2716,16.0
2717,16.0
2718,16.0
2719,16.0
2720,16.0
2721,16.0
2722,16.0
2723,16.0
2724,16.0
2725,16.0
2726,16.0
2727,16.0
2728,16.0
2729,16.0
2730,16.0
2731,16.0
2732,16.0
2733,16.0
2734,16.1666666667
2735,16.1666666667
2736,16.1666666667
2737,16.1666666667
2738,16.1666666667
2739,16.1666666667
2740,16.1666666667
2741,16.1666666667
2742,16.1666666667
2743,16.1666666667
2744,16.1666666667
2745,16.1666666667
2746,16.1666666667
2747,16.1666666667
2748,16.1666666667
2749,16.1666666667
2750,16.1666666667
2751,16.1666666667
2752,16.1666666667
2753,16.1666666667
2754,16.1666666667
2755,16.1666666667
2756,16.3333333333
2757,16.3333333333
2758,16.3333333333
2759,16.3333333333
2760,16.3333333333
2761,16.3333333333
2762,16.3333333333
2763,16.3333333333
2764,16.3333333333
2765,16.3333333333
2766,16.3333333333
2767,16.3333333333
2768,16.3333333333
2769,16.3333333333
2770,16.3333333333
2771,16.3333333333
2772,16.3333333333
2773,16.3333333333
2774,16.3333333333
2775,16.3333333333
2776,16.3333333333
2777,16.3333333333
2778,16.3333333333
2779,16.3333333333
2780,16.3333333333
2781,16.3333333333
2782,16.3333333333
2783,16.3333333333
2784,16.3333333333
2785,16.3333333333
2786,16.3333333333
2787,16.3333333333
2788,16.3333333333
2789,16.3333333333
2790,16.3333333333
2791,16.5
2792,16.5
2793,16.5
2794,16.5
2795,16.5
2796,16.5
2797,16.5
2798,16.5
2799,16.5
2800,16.5
2801,16.5
2802,16.5
2803,16.5
2804,16.5
2805,16.5
2806,16.5
2807,16.5
2808,16.5
2809,16.5
2810,16.5
2811,16.5
2812,16.5
2813,16.5
2814,16.5
2815,16.5
2816,16.5
2817,16.5
2818,16.5
2819,16.5
2820,16.5
2821,16.5
2822,16.5
2823,16.5
2824,16.5
2825,16.5
2826,16.5
2827,16.5
2828,16.5
2829,16.5
2830,16.5
2831,16.5
2832,16.5
2833,16.5
2834,16.5
2835,16.5
2836,16.5
2837,16.5
2838,16.5
2839,16.5
2840,16.5
2841,16.5
2842,16.5
2843,16.5
2844,16.5
2845,16.5
2846,16.5
2847,16.5
2848,16.5
2849,16.5
2850,16.5
2851,16.5
2852,16.5
2853,16.5
2854,16.5
2855,16.5
2856,16.5
2857,16.5
2858,16.5
2859,16.5
2860,16.5
2861,16.5
2862,16.5
2863,16.5
2864,16.5
2865,16.5
2866,16.5
2867,16.5
2868,16.5
2869,16.5
2870,16.5
2871,16.5
2872,16.5
2873,16.5
2874,16.5
2875,16.5
2876,16.5
2877,16.5
2878,16.5
2879,16.5
2880,16.5
2881,16.5
2882,16.5
2883,16.5
2884,16.5
2885,16.5
2886,16.5
2887,16.5
2888,16.5
2889,16.5
2890,16.5
2891,16.5
2892,16.5
2893,16.5
2894,16.5
2895,16.5
2896,16.5
2897,16.5
2898,16.5
2899,16.6666666667
2900,16.6666666667
2901,16.6666666667
2902,16.6666666667
2903,16.6666666667
2904,16.6666666667
2905,16.6666666667
2906,16.6666666667
2907,16.6666666667
2908,16.6666666667
2909,16.6666666667
2910,16.6666666667
2911,16.6666666667
2912,16.6666666667
2913,16.6666666667
2914,16.6666666667
2915,16.6666666667
2916,16.6666666667
2917,16.6666666667
2918,16.6666666667
2919,16.6666666667
2920,16.6666666667
2921,16.6666666667
2922,16.6666666667
2923,16.6666666667
2924,16.6666666667
2925,16.6666666667
2926,16.6666666667
2927,16.6666666667
2928,16.6666666667
2929,16.6666666667
2930,16.6666666667
2931,16.6666666667
2932,16.6666666667
2933,16.6666666667
2934,16.6666666667
2935,16.6666666667
2936,16.6666666667
2937,16.6666666667
2938,16.6666666667
2939,16.6666666667
2940,16.6666666667
2941,16.6666666667
2942,16.6666666667
2943,16.6666666667
2944,16.6666666667
2945,16.6666666667
2946,16.6666666667
2947,16.6666666667
2948,16.6666666667
2949,16.6666666667
2950,16.6666666667
2951,16.6666666667
2952,16.6666666667
2953,16.6666666667
2954,16.6666666667
2955,16.6666666667
2956,16.6666666667
2957,16.6666666667
2958,16.6666666667
2959,16.6666666667
2960,16.6666666667
2961,16.6666666667
2962,16.6666666667
2963,16.6666666667
2964,16.6666666667
2965,16.6666666667
2966,16.7916666667
2967,16.7916666667
2968,16.7916666667
2969,16.7916666667
2970,16.7916666667
2971,16.7916666667
2972,16.7916666667
2973,16.7916666667
2974,16.7916666667
2975,16.7916666667
2976,16.7916666667
2977,16.7916666667
2978,16.7916666667
2979,16.7916666667
2980,16.7916666667
2981,16.7916666667
2982,16.9166666667
2983,16.9166666667
2984,16.9166666667
2985,16.9166666667
2986,16.9166666667
2987,16.9166666667
2988,16.9166666667
2989,16.9166666667
2990,16.9166666667
2991,16.9166666667
2992,16.9166666667
2993,16.9166666667
2994,16.9166666667
2995,16.9166666667
2996,16.9166666667
2997,16.9166666667
2998,16.9166666667
2999,16.9166666667
3000,16.9166666667
3001,16.9166666667
3002,16.9166666667
3003,16.9166666667
3004,16.9166666667
3005,16.9166666667
3006,16.9166666667
3007,16.9166666667
3008,16.9166666667
3009,16.9166666667
3010,16.9166666667
3011,16.9166666667
3012,16.9166666667
3013,16.9166666667
3014,16.9166666667
3015,16.9166666667
3016,16.9166666667
3017,16.9166666667
3018,16.9166666667
3019,16.9166666667
3020,16.9166666667
3021,16.9166666667
3022,16.9166666667
3023,16.9166666667
3024,17.0833333333
3025,17.0833333333
3026,17.0833333333
3027,17.0833333333
3028,17.0833333333
3029,17.0833333333
3030,17.0833333333
3031,17.0833333333
3032,17.0833333333
3033,17.0833333333
3034,17.0833333333
3035,17.0833333333
3036,17.0833333333
3037,17.0833333333
3038,17.0833333333
3039,17.0833333333
3040,17.0833333333
3041,17.0833333333
3042,17.0833333333
3043,17.0833333333
3044,17.0833333333
3045,17.0833333333
3046,17.0833333333
3047,17.0833333333
3048,17.0833333333
3049,17.0833333333
3050,17.0833333333
3051,17.0833333333
3052,17.0833333333
3053,17.0833333333
3054,17.0833333333
3055,17.0833333333
3056,17.0833333333
3057,17.0833333333
3058,17.0833333333
3059,17.0833333333
3060,17.0833333333
3061,17.0833333333
3062,17.0833333333
3063,17.0833333333
3064,17.0833333333
3065,17.0833333333
3066,17.0833333333
3067,17.0833333333
3068,17.0833333333
3069,17.0833333333
3070,17.0833333333
3071,17.0833333333
3072,17.0833333333
3073,17.0833333333
3074,17.0833333333
3075,17.0833333333
3076,17.0833333333
3077,17.0833333333
3078,17.0833333333
3079,17.0833333333
3080,17.0833333333
3081,17.0833333333
3082,17.0833333333
3083,17.0833333333
3084,17.0833333333
3085,17.0833333333
3086,17.0833333333
3087,17.0833333333
3088,17.0833333333
3089,17.0833333333
3090,17.0833333333
3091,17.0833333333
3092,17.0833333333
3093,17.0833333333
3094,17.0833333333
3095,17.0833333333
3096,17.0833333333
3097,17.0833333333
3098,17.0833333333
3099,17.0833333333
3100,17.0833333333
3101,17.0833333333
3102,17.0833333333
3103,17.0833333333
3104,17.0833333333
3105,17.0833333333
3106,17.0833333333
3107,17.0833333333
3108,17.0833333333
3109,17.0833333333
3110,17.0833333333
3111,17.0833333333
3112,17.0833333333
3113,17.0833333333
3114,17.0833333333
3115,17.0833333333
3116,17.0833333333
3117,17.0833333333
3118,17.0833333333
3119,17.0833333333
3120,17.0833333333
3121,17.0833333333
3122,17.0833333333
3123,17.0833333333
3124,17.0833333333
3125,17.0833333333
3126,17.0833333333
3127,17.0833333333
3128,17.0833333333
3129,17.0833333333
3130,17.0833333333
3131,17.0833333333
3132,17.0833333333
3133,17.0833333333
3134,17.0833333333
3135,17.2083333333
3136,17.2083333333
3137,17.2083333333
3138,17.2083333333
3139,17.2083333333
3140,17.2083333333
3141,17.2083333333
3142,17.2083333333
3143,17.2083333333
3144,17.2083333333
3145,17.2083333333
3146,17.2083333333
3147,17.375
3148,17.375
3149,17.375
3150,17.375
3151,17.375
3152,17.375
3153,17.375
3154,17.375
3155,17.375
3156,17.375
3157,17.375
3158,17.375
3159,17.375
3160,17.375
3161,17.375
3162,17.375
3163,17.375
3164,17.375
3165,17.375
3166,17.375
3167,17.375
3168,17.375
3169,17.375
3170,17.375
3171,17.375
3172,17.375
3173,17.375
3174,17.375
3175,17.375
3176,17.375
3177,17.375
3178,17.375
3179,17.375
3180,17.375
3181,17.375
3182,17.375
3183,17.375
3184,17.375
3185,17.375
3186,17.375
3187,17.375
3188,17.375
3189,17.375
3190,17.375
3191,17.375
3192,17.375
3193,17.375
3194,17.375
3195,17.375
3196,17.375
3197,17.375
3198,17.375
3199,17.375
3200,17.375
3201,17.375
3202,17.375
3203,17.375
3204,17.375
3205,17.375
3206,17.375
3207,17.375
3208,17.375
3209,17.375
3210,17.375
3211,17.375
3212,17.375
3213,17.375
3214,17.375
3215,17.375
3216,17.375
3217,17.375
3218,17.375
3219,17.375
3220,17.375
3221,17.375
3222,17.375
3223,17.375
3224,17.375
3225,17.375
3226,17.375
3227,17.375
3228,17.375
3229,17.375
3230,17.375
3231,17.375
3232,17.375
3233,17.375
3234,17.375
3235,17.375
3236,17.375
3237,17.375
3238,17.375
3239,17.375
3240,17.375
3241,17.375
3242,17.375
3243,17.375
3244,17.375
3245,17.375
3246,17.375
3247,17.375
3248,17.375
3249,17.375
3250,17.375
3251,17.375
3252,17.375
3253,17.375
3254,17.375
3255,17.375
3256,17.375
3257,17.375
3258,17.375
3259,17.375
3260,17.375
3261,17.375
3262,17.375
3263,17.375
3264,17.375
3265,17.375
3266,17.375
3267,17.375
3268,17.375
3269,17.375
3270,17.375
3271,17.375
3272,17.375
3273,17.375
3274,17.375
3275,17.375
3276,17.375
3277,17.375
3278,17.375
3279,17.375
3280,17.375
3281,17.375
3282,17.375
3283,17.5
3284,17.5
3285,17.5
3286,17.5
3287,17.5
3288,17.5
3289,17.5
3290,17.5
3291,17.5
3292,17.5
3293,17.5
3294,17.5
3295,17.5
3296,17.5
3297,17.5
3298,17.5
3299,17.625
3300,17.625
3301,17.625
3302,17.625
3303,17.625
3304,17.625
3305,17.625
3306,17.625
3307,17.625
3308,17.625
3309,17.625
3310,17.625
3311,17.625
3312,17.625
3313,17.625
3314,17.625
3315,17.625
3316,17.625
3317,17.625
3318,17.625
3319,17.625
3320,17.75
3321,17.75
3322,17.75
3323,17.75
3324,17.75
3325,17.75
3326,17.75
3327,17.75
3328,17.75
3329,17.75
3330,17.75
3331,17.75
3332,17.75
3333,17.75
3334,17.75
3335,17.75
3336,17.75
3337,17.75
3338,17.75
3339,17.75
3340,17.75
3341,17.75
3342,17.75
3343,17.75
3344,17.75
3345,17.75
3346,17.75
3347,17.75
3348,17.75
3349,17.75
3350,17.75
3351,17.75
3352,17.75
3353,17.75
3354,17.75
3355,17.75
3356,17.75
3357,17.75
3358,17.75
3359,17.75
3360,17.75
3361,17.75
3362,17.75
3363,17.75
3364,17.75
3365,17.75
3366,17.75
3367,17.75
3368,17.75
3369,17.75
3370,17.75
3371,17.75
3372,17.75
3373,17.75
3374,17.75
3375,17.75
3376,17.75
3377,17.75
3378,17.75
3379,17.75
3380,17.75
3381,17.75
3382,17.75
3383,17.75
3384,17.75
3385,17.75
3386,17.75
3387,17.75
3388,17.75
3389,17.75
3390,17.75
3391,17.75
3392,17.75
3393,17.75
3394,17.875
3395,17.875
3396,17.875
3397,17.875
3398,17.875
3399,17.875
3400,17.875
3401,17.875
3402,17.875
3403,17.875
3404,17.875
3405,17.875
3406,17.875
3407,17.875
3408,17.875
3409,17.875
3410,17.875
3411,17.875
3412,17.875
3413,17.875
3414,17.875
3415,17.875
3416,17.875
3417,17.875
3418,17.875
3419,17.875
3420,17.875
3421,17.875
3422,17.875
3423,17.875
3424,17.875
3425,17.875
3426,17.875
3427,17.875
3428,17.875
3429,17.875
3430,17.875
3431,17.875
3432,17.875
3433,17.875
3434,17.875
3435,17.875
3436,17.875
3437,17.875
3438,17.875
3439,17.875
3440,17.875
3441,17.875
3442,17.875
3443,17.875
3444,17.875
3445,17.875
3446,17.875
3447,17.875
3448,17.875
3449,17.875
3450,17.875
3451,17.875
3452,17.875
3453,17.875
3454,17.875
3455,17.875
3456,17.875
3457,17.875
3458,17.875
3459,17.875
3460,17.875
3461,17.875
3462,17.875
3463,17.875
3464,17.875
3465,17.875
3466,17.875
3467,17.875
3468,17.875
3469,17.875
3470,17.875
3471,17.875
3472,17.875
3473,17.875
3474,17.875
3475,17.875
3476,17.875
3477,17.875
3478,17.875
3479,17.875
3480,17.875
3481,17.875
3482,17.875
3483,17.875
3484,17.875
3485,17.875
3486,17.875
3487,17.875
3488,17.875
3489,17.875
3490,17.875
3491,17.875
3492,17.875
3493,17.875
3494,17.875
3495,17.875
3496,17.875
3497,17.875
3498,17.875
3499,17.875
3500,18.0
3501,18.0
3502,18.0
3503,18.0
3504,18.0
3505,18.0
3506,18.0
3507,18.0
3508,18.0
3509,18.0
3510,18.0
3511,18.0
3512,18.0
3513,18.0
3514,18.0
3515,18.0
3516,18.0
3517,18.0
3518,18.0
3519,18.0
3520,18.0
3521,18.0
3522,18.0
3523,18.0
3524,18.0
3525,18.0
3526,18.0
3527,18.0
3528,18.0
3529,18.0
3530,18.0
3531,18.0
3532,18.0
3533,18.0
3534,18.0
3535,18.0
3536,18.0
3537,18.0
3538,18.0
3539,18.0
3540,18.0
3541,18.0
3542,18.0
3543,18.0
3544,18.0
3545,18.0
3546,18.125
3547,18.125
3548,18.125
3549,18.125
3550,18.125
3551,18.125
3552,18.125
3553,18.125
3554,18.125
3555,18.125
3556,18.125
3557,18.125
3558,18.125
3559,18.125
3560,18.125
3561,18.125
3562,18.125
3563,18.125
3564,18.125
3565,18.125
3566,18.125
3567,18.125
3568,18.125
3569,18.125
3570,18.125
3571,18.125
3572,18.125
3573,18.125
3574,18.125
3575,18.125
3576,18.125
3577,18.125
3578,18.125
3579,18.125
3580,18.125
3581,18.125
3582,18.125
3583,18.125
3584,18.125
3585,18.125
3586,18.125
3587,18.125
3588,18.125
3589,18.125
3590,18.125
3591,18.125
3592,18.125
3593,18.125
3594,18.125
3595,18.125
3596,18.125
3597,18.125
3598,18.125
3599,18.125
3600,18.125
3601,18.125
3602,18.125
3603,18.125
3604,18.125
3605,18.125
3606,18.125
3607,18.125
3608,18.125
3609,18.125
3610,18.125
3611,18.125
3612,18.125
3613,18.125
3614,18.125
3615,18.125
3616,18.125
3617,18.125
3618,18.125
3619,18.125
3620,18.125
3621,18.125
3622,18.125
3623,18.125
3624,18.125
3625,18.125
3626,18.125
3627,18.125
3628,18.125
3629,18.125
3630,18.125
3631,18.125
3632,18.125
3633,18.125
3634,18.125
3635,18.125
3636,18.125
3637,18.125
3638,18.125
3639,18.125
3640,18.125
3641,18.125
3642,18.125
3643,18.125
3644,18.125
3645,18.125
3646,18.125
3647,18.125
3648,18.125
3649,18.125
3650,18.125
3651,18.125
3652,18.125
3653,18.125
3654,18.125
3655,18.125
3656,18.125
3657,18.125
3658,18.125
3659,18.125
3660,18.125
3661,18.125
3662,18.125
3663,18.125
3664,18.125
3665,18.125
3666,18.125
3667,18.125
3668,18.125
3669,18.125
3670,18.125
3671,18.125
3672,18.125
3673,18.125
3674,18.125
3675,18.125
3676,18.125
3677,18.125
3678,18.125
3679,18.125
3680,18.125
3681,18.125
3682,18.125
3683,18.125
3684,18.125
3685,18.125
3686,18.125
3687,18.125
3688,18.125
3689,18.125
3690,18.125
3691,18.125
3692,18.125
3693,18.125
3694,18.125
3695,18.125
3696,18.125
3697,18.125
3698,18.125
3699,18.125
3700,18.125
3701,18.125
3702,18.125
3703,18.125
3704,18.125
3705,18.125
3706,18.125
3707,18.125
3708,18.125
3709,18.125
3710,18.125
3711,18.125
3712,18.125
3713,18.125
3714,18.125
3715,18.125
3716,18.125
3717,18.125
3718,18.125
3719,18.125
3720,18.125
3721,18.125
3722,18.125
3723,18.125
3724,18.125
3725,18.125
3726,18.125
3727,18.125
3728,18.125
3729,18.125
3730,18.125
3731,18.125
3732,18.125
3733,18.125
3734,18.125
3735,18.125
3736,18.125
3737,18.125
3738,18.125
3739,18.125
3740,18.125
3741,18.125
3742,18.125
3743,18.125
3744,18.125
3745,18.125
3746,18.125
3747,18.125
3748,18.125
3749,18.125
3750,18.125
3751,18.125
3752,18.125
3753,18.125
3754,18.125
3755,18.125
3756,18.125
3757,18.125
3758,18.125
3759,18.125
3760,18.125
3761,18.125
3762,18.125
3763,18.125
3764,18.125
3765,18.125
3766,18.125
3767,18.125
3768,18.125
3769,18.125
3770,18.125
3771,18.125
3772,18.125
3773,18.125
3774,18.125
3775,18.125
3776,18.125
3777,18.125
3778,18.125
3779,18.125
3780,18.125
3781,18.125
3782,18.125
3783,18.125
3784,18.125
3785,18.125
3786,18.125
3787,18.125
3788,18.125
3789,18.125
3790,18.125
3791,18.125
3792,18.125
3793,18.125
3794,18.125
3795,18.125
3796,18.125
3797,18.125
3798,18.125
3799,18.125
3800,18.125
3801,18.125
3802,18.125
3803,18.125
3804,18.125
3805,18.125
3806,18.125
3807,18.125
3808,18.125
3809,18.125
3810,18.125
3811,18.125
3812,18.125
3813,18.125
3814,18.125
3815,18.125
3816,18.125
3817,18.125
3818,18.125
3819,18.125
3820,18.125
3821,18.125
3822,18.125
3823,18.125
3824,18.125
3825,18.125
3826,18.125
3827,18.125
3828,18.125
3829,18.125
3830,18.125
3831,18.125
3832,18.125
3833,18.125
3834,18.125
3835,18.125
3836,18.125
3837,18.125
3838,18.125
3839,18.125
3840,18.125
3841,18.125
3842,18.125
3843,18.125
3844,18.125
3845,18.125
3846,18.125
3847,18.125
3848,18.125
3849,18.125
3850,18.125
3851,18.125
3852,18.125
3853,18.125
3854,18.125
3855,18.125
3856,18.125
3857,18.125
3858,18.125
3859,18.125
3860,18.125
3861,18.125
3862,18.125
3863,18.125
3864,18.125
3865,18.125
3866,18.125
3867,18.125
3868,18.125
3869,18.125
3870,18.125
3871,18.125
3872,18.125
3873,18.125
3874,18.125
3875,18.125
3876,18.125
3877,18.125
3878,18.125
3879,18.125
3880,18.125
3881,18.125
3882,18.125
3883,18.125
3884,18.125
3885,18.125
3886,18.125
3887,18.125
3888,18.125
3889,18.125
3890,18.125
3891,18.125
3892,18.2916666667
3893,18.2916666667
3894,18.2916666667
3895,18.2916666667
3896,18.2916666667
3897,18.2916666667
3898,18.2916666667
3899,18.2916666667
3900,18.2916666667
3901,18.2916666667
3902,18.2916666667
3903,18.2916666667
3904,18.2916666667
3905,18.2916666667
3906,18.2916666667
3907,18.2916666667
3908,18.2916666667
3909,18.2916666667
3910,18.2916666667
3911,18.2916666667
3912,18.2916666667
3913,18.2916666667
3914,18.2916666667
3915,18.2916666667
3916,18.2916666667
3917,18.2916666667
3918,18.2916666667
3919,18.2916666667
3920,18.2916666667
3921,18.2916666667
3922,18.2916666667
3923,18.2916666667
3924,18.2916666667
3925,18.2916666667
3926,18.2916666667
3927,18.2916666667
3928,18.2916666667
3929,18.2916666667
3930,18.2916666667
3931,18.2916666667
3932,18.2916666667
3933,18.2916666667
3934,18.2916666667
3935,18.2916666667
3936,18.2916666667
3937,18.2916666667
3938,18.2916666667
3939,18.2916666667
3940,18.2916666667
3941,18.2916666667
3942,18.2916666667
3943,18.2916666667
3944,18.2916666667
3945,18.2916666667
3946,18.2916666667
3947,18.2916666667
3948,18.2916666667
3949,18.2916666667
3950,18.2916666667
3951,18.2916666667
3952,18.2916666667
3953,18.2916666667
3954,18.2916666667
3955,18.2916666667
3956,18.2916666667
3957,18.2916666667
3958,18.2916666667
3959,18.2916666667
3960,18.2916666667
3961,18.2916666667
3962,18.2916666667
3963,18.2916666667
3964,18.2916666667
3965,18.2916666667
3966,18.2916666667
3967,18.2916666667
3968,18.2916666667
3969,18.2916666667
3970,18.2916666667
3971,18.2916666667
3972,18.2916666667
3973,18.2916666667
3974,18.2916666667
3975,18.2916666667
3976,18.2916666667
3977,18.2916666667
3978,18.2916666667
3979,18.2916666667
3980,18.2916666667
3981,18.2916666667
3982,18.2916666667
3983,18.2916666667
3984,18.2916666667
3985,18.2916666667
3986,18.2916666667
3987,18.4583333333
3988,18.4583333333
3989,18.4583333333
3990,18.4583333333
3991,18.4583333333
3992,18.4583333333
3993,18.4583333333
3994,18.4583333333
3995,18.4583333333
3996,18.4583333333
3997,18.4583333333
3998,18.4583333333
3999,18.4583333333
4000,18.4583333333
4001,18.4583333333
4002,18.4583333333
4003,18.4583333333
4004,18.4583333333
4005,18.4583333333
4006,18.4583333333
4007,18.4583333333
4008,18.4583333333
4009,18.4583333333
4010,18.4583333333
4011,18.4583333333
4012,18.4583333333
4013,18.4583333333
4014,18.4583333333
4015,18.4583333333
4016,18.4583333333
4017,18.4583333333
4018,18.4583333333
4019,18.4583333333
4020,18.4583333333
4021,18.4583333333
4022,18.4583333333
4023,18.4583333333
4024,18.4583333333
4025,18.4583333333
4026,18.4583333333
4027,18.4583333333
4028,18.4583333333
4029,18.4583333333
4030,18.4583333333
4031,18.4583333333
4032,18.4583333333
4033,18.4583333333
4034,18.4583333333
4035,18.4583333333
4036,18.4583333333
4037,18.4583333333
4038,18.4583333333
4039,18.4583333333
4040,18.4583333333
4041,18.4583333333
4042,18.4583333333
4043,18.4583333333
4044,18.4583333333
4045,18.4583333333
4046,18.4583333333
4047,18.4583333333
4048,18.4583333333
4049,18.4583333333
4050,18.4583333333
4051,18.4583333333
4052,18.4583333333
4053,18.4583333333
4054,18.4583333333
4055,18.4583333333
4056,18.4583333333
4057,18.4583333333
4058,18.4583333333
4059,18.4583333333
4060,18.4583333333
4061,18.4583333333
4062,18.4583333333
4063,18.4583333333
4064,18.4583333333
4065,18.4583333333
4066,18.4583333333
4067,18.4583333333
4068,18.4583333333
4069,18.4583333333
4070,18.4583333333
4071,18.4583333333
4072,18.4583333333
4073,18.4583333333
4074,18.4583333333
4075,18.4583333333
4076,18.4583333333
4077,18.4583333333
4078,18.4583333333
4079,18.4583333333
4080,18.4583333333
4081,18.4583333333
4082,18.4583333333
4083,18.4583333333
4084,18.4583333333
4085,18.4583333333
4086,18.4583333333
4087,18.4583333333
4088,18.4583333333
4089,18.4583333333
4090,18.4583333333
4091,18.4583333333
4092,18.4583333333
4093,18.4583333333
4094,18.4583333333
4095,18.4583333333
4096,18.625
4097,18.625
4098,18.625
4099,18.625
4100,18.625
4101,18.625
4102,18.7916666667
4103,18.7916666667
4104,18.7916666667
4105,18.7916666667
4106,18.7916666667
4107,18.7916666667
4108,18.7916666667
4109,18.7916666667
4110,18.7916666667
4111,18.7916666667
4112,18.7916666667
4113,18.7916666667
4114,18.7916666667
4115,18.7916666667
4116,18.7916666667
4117,18.7916666667
4118,18.7916666667
4119,18.7916666667
4120,18.7916666667
4121,18.7916666667
4122,18.7916666667
4123,18.7916666667
4124,18.7916666667
4125,18.7916666667
4126,18.7916666667
4127,18.7916666667
4128,18.7916666667
4129,18.7916666667
4130,18.7916666667
4131,18.7916666667
4132,18.7916666667
4133,18.7916666667
4134,18.7916666667
4135,18.7916666667
4136,18.7916666667
4137,18.7916666667
4138,18.7916666667
4139,18.7916666667
4140,18.7916666667
4141,18.7916666667
4142,18.7916666667
4143,18.7916666667
4144,18.7916666667
4145,18.7916666667
4146,18.7916666667
4147,18.7916666667
4148,18.7916666667
4149,18.7916666667
4150,18.7916666667
4151,18.7916666667
4152,18.7916666667
4153,18.7916666667
4154,18.7916666667
4155,18.7916666667
4156,18.7916666667
4157,18.7916666667
4158,18.7916666667
4159,18.7916666667
4160,18.7916666667
4161,18.7916666667
4162,18.7916666667
4163,18.7916666667
4164,18.7916666667
4165,18.9166666667
4166,18.9166666667
4167,18.9166666667
4168,18.9166666667
4169,18.9166666667
4170,18.9166666667
4171,18.9166666667
4172,18.9166666667
4173,18.9166666667
4174,18.9166666667
4175,18.9166666667
4176,18.9166666667
4177,18.9166666667
4178,18.9166666667
4179,18.9166666667
4180,18.9166666667
4181,18.9166666667
4182,18.9166666667
4183,18.9166666667
4184,18.9166666667
4185,18.9166666667
4186,18.9166666667
4187,18.9166666667
4188,18.9166666667
4189,18.9166666667
4190,18.9166666667
4191,18.9166666667
4192,18.9166666667
4193,18.9166666667
4194,18.9166666667
4195,18.9166666667
4196,18.9166666667
4197,18.9166666667
4198,18.9166666667
4199,18.9166666667
4200,18.9166666667
4201,18.9166666667
4202,18.9166666667
4203,18.9166666667
4204,18.9166666667
4205,18.9166666667
4206,18.9166666667
4207,18.9166666667
4208,18.9166666667
4209,18.9166666667
4210,18.9166666667
4211,18.9166666667
4212,18.9166666667
4213,18.9166666667
4214,18.9166666667
4215,18.9166666667
4216,18.9166666667
4217,18.9166666667
4218,18.9166666667
4219,18.9166666667
4220,18.9166666667
4221,18.9166666667
4222,18.9166666667
4223,18.9166666667
4224,18.9166666667
4225,18.9166666667
4226,18.9166666667
4227,18.9166666667
4228,18.9166666667
4229,18.9166666667
4230,18.9166666667
4231,18.9166666667
4232,18.9166666667
4233,18.9166666667
4234,18.9166666667
4235,18.9166666667
4236,18.9166666667
4237,18.9166666667
4238,18.9166666667
4239,18.9166666667
4240,18.9166666667
4241,18.9166666667
4242,18.9166666667
4243,18.9166666667
4244,18.9166666667
4245,18.9166666667
4246,18.9166666667
4247,18.9166666667
4248,18.9166666667
4249,18.9166666667
4250,18.9166666667
4251,19.0416666667
4252,19.0416666667
4253,19.0416666667
4254,19.0416666667
4255,19.0416666667
4256,19.0416666667
4257,19.0416666667
4258,19.0416666667
4259,19.0416666667
4260,19.0416666667
4261,19.0416666667
4262,19.0416666667
4263,19.0416666667
4264,19.0416666667
4265,19.0416666667
4266,19.0416666667
4267,19.0416666667
4268,19.0416666667
4269,19.0416666667
4270,19.0416666667
4271,19.0416666667
4272,19.0416666667
4273,19.0416666667
4274,19.0416666667
4275,19.0416666667
4276,19.0416666667
4277,19.0416666667
4278,19.0416666667
4279,19.0416666667
4280,19.0416666667
4281,19.0416666667
4282,19.0416666667
4283,19.0416666667
4284,19.0416666667
4285,19.0416666667
4286,19.0416666667
4287,19.0416666667
4288,19.0416666667
4289,19.0416666667
4290,19.0416666667
4291,19.0416666667
4292,19.0416666667
4293,19.0416666667
4294,19.0416666667
4295,19.0416666667
4296,19.0416666667
4297,19.0416666667
4298,19.0416666667
4299,19.0416666667
4300,19.0416666667
4301,19.0416666667
4302,19.0416666667
4303,19.0416666667
4304,19.0416666667
4305,19.0416666667
4306,19.0416666667
4307,19.0416666667
4308,19.0416666667
4309,19.0416666667
4310,19.0416666667
4311,19.0416666667
4312,19.0416666667
4313,19.0416666667
4314,19.0416666667
4315,19.0416666667
4316,19.0416666667
4317,19.0416666667
4318,19.0416666667
4319,19.0416666667
4320,19.0416666667
4321,19.0416666667
4322,19.0416666667
4323,19.0416666667
4324,19.0416666667
4325,19.0416666667
4326,19.0416666667
4327,19.0416666667
4328,19.0416666667
4329,19.0416666667
4330,19.0416666667
4331,19.0416666667
4332,19.0416666667
4333,19.0416666667
4334,19.0416666667
4335,19.0416666667
4336,19.0416666667
4337,19.0416666667
4338,19.0416666667
4339,19.0416666667
4340,19.0416666667
4341,19.0416666667
4342,19.0416666667
4343,19.0416666667
4344,19.0416666667
4345,19.0416666667
4346,19.0416666667
4347,19.0416666667
4348,19.0416666667
4349,19.0416666667
4350,19.0416666667
4351,19.0416666667
4352,19.0416666667
4353,19.0416666667
4354,19.0416666667
4355,19.0416666667
4356,19.0416666667
4357,19.0416666667
4358,19.0416666667
4359,19.0416666667
4360,19.0416666667
4361,19.0416666667
4362,19.0416666667
4363,19.0416666667
4364,19.0416666667
4365,19.0416666667
4366,19.0416666667
4367,19.0416666667
4368,19.0416666667
4369,19.0416666667
4370,19.0416666667
4371,19.0416666667
4372,19.0416666667
4373,19.0416666667
4374,19.0416666667
4375,19.0416666667
4376,19.0416666667
4377,19.0416666667
4378,19.0416666667
4379,19.0416666667
4380,19.0416666667
4381,19.0416666667
4382,19.1666666667
4383,19.1666666667
4384,19.1666666667
4385,19.1666666667
4386,19.1666666667
4387,19.1666666667
4388,19.1666666667
4389,19.1666666667
4390,19.1666666667
4391,19.1666666667
4392,19.1666666667
4393,19.1666666667
4394,19.1666666667
4395,19.1666666667
4396,19.1666666667
4397,19.1666666667
4398,19.1666666667
4399,19.1666666667
4400,19.1666666667
4401,19.1666666667
4402,19.1666666667
4403,19.1666666667
4404,19.1666666667
4405,19.1666666667
4406,19.1666666667
4407,19.1666666667
4408,19.1666666667
4409,19.1666666667
4410,19.1666666667
4411,19.1666666667
4412,19.1666666667
4413,19.1666666667
4414,19.1666666667
4415,19.1666666667
4416,19.1666666667
4417,19.1666666667
4418,19.1666666667
4419,19.1666666667
4420,19.1666666667
4421,19.1666666667
4422,19.1666666667
4423,19.1666666667
4424,19.1666666667
4425,19.1666666667
4426,19.1666666667
4427,19.1666666667
4428,19.1666666667
4429,19.1666666667
4430,19.1666666667
4431,19.1666666667
4432,19.1666666667
4433,19.1666666667
4434,19.1666666667
4435,19.1666666667
4436,19.1666666667
4437,19.1666666667
4438,19.1666666667
4439,19.1666666667
4440,19.1666666667
4441,19.1666666667
4442,19.1666666667
4443,19.1666666667
4444,19.1666666667
4445,19.1666666667
4446,19.1666666667
4447,19.1666666667
4448,19.1666666667
4449,19.1666666667
4450,19.1666666667
4451,19.1666666667
4452,19.1666666667
4453,19.1666666667
4454,19.1666666667
4455,19.1666666667
4456,19.1666666667
4457,19.1666666667
4458,19.1666666667
4459,19.1666666667
4460,19.1666666667
4461,19.1666666667
4462,19.1666666667
4463,19.1666666667
4464,19.1666666667
4465,19.1666666667
4466,19.1666666667
4467,19.1666666667
4468,19.1666666667
4469,19.1666666667
4470,19.1666666667
4471,19.1666666667
4472,19.1666666667
4473,19.1666666667
4474,19.1666666667
4475,19.1666666667
4476,19.1666666667
4477,19.1666666667
4478,19.1666666667
4479,19.1666666667
4480,19.1666666667
4481,19.1666666667
4482,19.1666666667
4483,19.1666666667
4484,19.1666666667
4485,19.1666666667
4486,19.1666666667
4487,19.1666666667
4488,19.1666666667
4489,19.1666666667
4490,19.1666666667
4491,19.1666666667
4492,19.1666666667
4493,19.1666666667
4494,19.1666666667
4495,19.1666666667
4496,19.1666666667
4497,19.1666666667
4498,19.1666666667
4499,19.1666666667
4500,19.1666666667
4501,19.1666666667
4502,19.1666666667
4503,19.1666666667
4504,19.1666666667
4505,19.1666666667
4506,19.1666666667
4507,19.1666666667
4508,19.1666666667
4509,19.1666666667
4510,19.1666666667
4511,19.1666666667
4512,19.1666666667
4513,19.1666666667
4514,19.1666666667
4515,19.1666666667
4516,19.1666666667
4517,19.3333333333
4518,19.3333333333
4519,19.3333333333
4520,19.3333333333
4521,19.3333333333
4522,19.3333333333
4523,19.3333333333
4524,19.4583333333
4525,19.4583333333
4526,19.4583333333
4527,19.4583333333
4528,19.4583333333
4529,19.4583333333
4530,19.4583333333
4531,19.4583333333
4532,19.4583333333
4533,19.4583333333
4534,19.4583333333
4535,19.4583333333
4536,19.4583333333
4537,19.4583333333
4538,19.4583333333
4539,19.4583333333
4540,19.4583333333
4541,19.4583333333
4542,19.4583333333
4543,19.4583333333
4544,19.4583333333
4545,19.4583333333
4546,19.4583333333
4547,19.4583333333
4548,19.4583333333
4549,19.4583333333
4550,19.4583333333
4551,19.4583333333
4552,19.4583333333
4553,19.4583333333
4554,19.4583333333
4555,19.4583333333
4556,19.4583333333
4557,19.4583333333
4558,19.4583333333
4559,19.4583333333
4560,19.4583333333
4561,19.4583333333
4562,19.4583333333
4563,19.4583333333
4564,19.4583333333
4565,19.4583333333
4566,19.625
4567,19.625
4568,19.625
4569,19.625
4570,19.625
4571,19.625
4572,19.625
4573,19.625
4574,19.625
4575,19.625
4576,19.625
4577,19.625
4578,19.625
4579,19.625
4580,19.625
4581,19.625
4582,19.625
4583,19.625
4584,19.625
4585,19.625
4586,19.625
4587,19.625
4588,19.625
4589,19.625
4590,19.625
4591,19.625
4592,19.625
4593,19.625
4594,19.625
4595,19.625
4596,19.625
4597,19.625
4598,19.625
4599,19.625
4600,19.625
4601,19.625
4602,19.625
4603,19.625
4604,19.625
4605,19.625
4606,19.625
4607,19.75
4608,19.75
4609,19.75
4610,19.75
4611,19.75
4612,19.75
4613,19.75
4614,19.75
4615,19.75
4616,19.75
4617,19.75
4618,19.75
4619,19.75
4620,19.75
4621,19.75
4622,19.75
4623,19.75
4624,19.75
4625,19.75
4626,19.75
4627,19.75
4628,19.75
4629,19.75
4630,19.75
4631,19.75
4632,19.75
4633,19.75
4634,19.75
4635,19.75
4636,19.75
4637,19.75
4638,19.75
4639,19.75
4640,19.75
4641,19.75
4642,19.75
4643,19.75
4644,19.75
4645,19.75
4646,19.75
4647,19.75
4648,19.75
4649,19.75
4650,19.75
4651,19.75
4652,19.75
4653,19.75
4654,19.75
4655,19.75
4656,19.75
4657,19.75
4658,19.75
4659,19.75
4660,19.75
4661,19.75
4662,19.75
4663,19.75
4664,19.75
4665,19.75
4666,19.75
4667,19.75
4668,19.75
4669,19.75
4670,19.75
4671,19.75
4672,19.75
4673,19.75
4674,19.75
4675,19.75
4676,19.75
4677,19.75
4678,19.75
4679,19.75
4680,19.75
4681,19.75
4682,19.75
4683,19.75
4684,19.75
4685,19.75
4686,19.75
4687,19.75
4688,19.75
4689,19.75
4690,19.75
4691,19.75
4692,19.75
4693,19.75
4694,19.75
4695,19.75
4696,19.75
4697,19.75
4698,19.75
4699,19.75
4700,19.75
4701,19.75
4702,19.75
4703,19.75
4704,19.75
4705,19.75
4706,19.75
4707,19.75
4708,19.75
4709,19.75
4710,19.75
4711,19.75
4712,19.75
4713,19.75
4714,19.75
4715,19.75
4716,19.75
4717,19.875
4718,19.875
4719,19.875
4720,19.875
4721,19.875
4722,19.875
4723,19.875
4724,19.875
4725,19.875
4726,19.875
4727,19.875
4728,19.875
4729,19.875
4730,19.875
4731,19.875
4732,19.875
4733,19.875
4734,20.0
4735,20.0
4736,20.0
4737,20.0
4738,20.0
4739,20.0
4740,20.0
4741,20.0
4742,20.0
4743,20.0
4744,20.0
4745,20.0
4746,20.0
4747,20.0
4748,20.0
4749,20.0
4750,20.0
4751,20.0
4752,20.0
4753,20.0
4754,20.0
4755,20.0
4756,20.0
4757,20.0
4758,20.0
4759,20.0
4760,20.0
4761,20.0
4762,20.0
4763,20.0
4764,20.0
4765,20.0
4766,20.0
4767,20.0
4768,20.0
4769,20.0
4770,20.0
4771,20.0
4772,20.0
4773,20.0
4774,20.0
4775,20.0
4776,20.0
4777,20.0
4778,20.0
4779,20.0
4780,20.0
4781,20.0
4782,20.0
4783,20.0
4784,20.0
4785,20.0
4786,20.0
4787,20.0
4788,20.0
4789,20.0
4790,20.0
4791,20.0
4792,20.0
4793,20.0
4794,20.0
4795,20.0
4796,20.0
4797,20.0
4798,20.0
4799,20.0
4800,20.0
4801,20.0
4802,20.0
4803,20.0
4804,20.0
4805,20.0
4806,20.0
4807,20.0
4808,20.0
4809,20.0
4810,20.0
4811,20.0
4812,20.0
4813,20.0
4814,20.0
4815,20.0
4816,20.0
4817,20.0
4818,20.0
4819,20.0
4820,20.0
4821,20.0
4822,20.0
4823,20.125
4824,20.125
4825,20.125
4826,20.125
4827,20.125
4828,20.125
4829,20.125
4830,20.125
4831,20.125
4832,20.125
4833,20.25
4834,20.25
4835,20.25
4836,20.25
4837,20.25
4838,20.25
4839,20.25
4840,20.25
4841,20.25
4842,20.25
4843,20.25
4844,20.25
4845,20.25
4846,20.25
4847,20.25
4848,20.25
4849,20.25
4850,20.25
4851,20.25
4852,20.25
4853,20.25
4854,20.25
4855,20.25
4856,20.25
4857,20.25
4858,20.25
4859,20.25
4860,20.25
4861,20.25
4862,20.25
4863,20.25
4864,20.25
4865,20.25
4866,20.25
4867,20.25
4868,20.25
4869,20.25
4870,20.25
4871,20.25
4872,20.25
4873,20.25
4874,20.25
4875,20.25
4876,20.25
4877,20.25
4878,20.25
4879,20.25
4880,20.25
4881,20.25
4882,20.25
4883,20.25
4884,20.25
4885,20.25
4886,20.25
4887,20.25
4888,20.25
4889,20.25
4890,20.25
4891,20.25
4892,20.25
4893,20.25
4894,20.25
4895,20.25
4896,20.25
4897,20.25
4898,20.25
4899,20.375
4900,20.375
4901,20.375
4902,20.375
4903,20.375
4904,20.375
4905,20.375
4906,20.375
4907,20.375
4908,20.375
4909,20.375
4910,20.375
4911,20.375
4912,20.375
4913,20.375
4914,20.375
4915,20.375
4916,20.375
4917,20.375
4918,20.375
4919,20.375
4920,20.375
4921,20.375
4922,20.5
4923,20.5
4924,20.5
4925,20.5
4926,20.5
4927,20.5
4928,20.5
4929,20.5
4930,20.5
4931,20.5
4932,20.5
4933,20.5
4934,20.5
4935,20.5
4936,20.5
4937,20.5
4938,20.5
4939,20.5
4940,20.5
4941,20.5
4942,20.5
4943,20.5
4944,20.5
4945,20.5
4946,20.5
4947,20.5
4948,20.5
4949,20.5
4950,20.5
4951,20.5
4952,20.5
4953,20.5
4954,20.5
4955,20.5
4956,20.5
4957,20.5
4958,20.5
4959,20.5
4960,20.5
4961,20.5
4962,20.5
4963,20.5
4964,20.6666666667
4965,20.6666666667
4966,20.6666666667
4967,20.6666666667
4968,20.6666666667
4969,20.6666666667
4970,20.6666666667
4971,20.6666666667
4972,20.6666666667
4973,20.6666666667
4974,20.6666666667
4975,20.6666666667
4976,20.6666666667
4977,20.6666666667
4978,20.6666666667
4979,20.6666666667
4980,20.6666666667
4981,20.6666666667
4982,20.6666666667
4983,20.6666666667
4984,20.6666666667
4985,20.6666666667
4986,20.6666666667
4987,20.6666666667
4988,20.6666666667
4989,20.6666666667
4990,20.6666666667
4991,20.6666666667
4992,20.6666666667
4993,20.6666666667
4994,20.6666666667
4995,20.6666666667
4996,20.6666666667
4997,20.6666666667
4998,20.6666666667
