1,0.300117469825
2,0.408767193706
3,0.499379911838
4,0.585435324144
5,0.662738891065
6,0.74120683066
7,0.816349669012
8,0.890948580664
9,0.965411321504
10,1.03654649238
11,1.11559614095
12,1.18979404523
13,1.26435271792
14,1.34444430777
15,1.41714591224
16,1.48570188373
17,1.55787232944
18,1.62355354299
19,1.69074837189
20,1.75468325533
21,1.8156782825
22,1.89270163138
23,1.95683819563
24,2.02043001973
25,2.07343441965
26,2.12729154719
27,2.1989716883
28,2.27017508815
29,2.31915126816
30,2.37831710413
31,2.43526173027
32,2.50790417256
33,2.56814777847
34,2.62392841634
35,2.66687942351
36,2.72468869183
37,2.77069998069
38,2.81661235518
39,2.85565015682
40,2.91952459881
41,2.97887968922
42,3.04252707369
43,3.08737564331
44,3.15440566038
45,3.21852962358
46,3.31044282915
47,3.38176233012
48,3.42751832068
49,3.50716732132
50,3.57063843558
51,3.62274897898
52,3.66281279712
53,3.7104899343
54,3.78614878504
55,3.83737750336
56,3.88782127733
57,3.91604368217
58,3.9695906085
59,4.02622810379
60,4.08611045005
61,4.16353719136
62,4.2084868151
63,4.24572880705
64,4.29127774628
65,4.34023096055
66,4.37856307019
67,4.41916862039
68,4.47046168441
69,4.51363856865
70,4.54101267531
71,4.56842277636
72,4.62018685383
73,4.68361936291
74,4.74740634887
75,4.79143383281
76,4.83646992484
77,4.85521860416
78,4.90051495333
79,4.95420721839
80,4.99124147251
81,5.01994546265
82,5.09223912659
83,5.15470229077
84,5.21460861467
85,5.28240831385
86,5.29957807616
87,5.34982076184
88,5.43844204997
89,5.48226318944
90,5.51692770417
91,5.53675827216
92,5.58748338559
93,5.63327792707
94,5.66647624173
95,5.70971114542
96,5.75299804151
97,5.79868299427
98,5.83112735999
99,5.88206674228
100,5.91919035036
101,5.95254789112
102,5.99023293979
103,6.0364985914
104,6.08013378485
105,6.11901277318
106,6.15731703645
107,6.20308353631
108,6.27050997774
109,6.34433472382
110,6.39247203623
111,6.40920972038
112,6.44290730543
113,6.45121203952
114,6.43123330374
115,6.47149452387
116,6.50160361405
117,6.53832577848
118,6.57294940856
119,6.64685716832
120,6.69829487325
121,6.74193382518
122,6.81111127772
123,6.86356131336
124,6.90466287944
125,6.9604928455
126,7.00451010442
127,7.04893878992
128,7.01852073219
129,7.04985913459
130,7.07955676208
131,7.15547488726
132,7.2430233255
133,7.28811130939
134,7.32918360974
135,7.37481930595
136,7.41812733385
137,7.4574661738
138,7.48880621721
139,7.51707446157
140,7.55782159589
141,7.60446878323
142,7.65117737817
143,7.7468979527
144,7.79279891577
145,7.83105779097
146,7.87028961722
147,7.90454609173
148,7.9550094574
149,7.98851587319
150,8.03839112389
151,8.08158500428
152,8.1251959578
153,8.16015627998
154,8.20518601152
155,8.24489405385
156,8.26622282509
157,8.29940862601
158,8.3337091153
159,8.35970780539
160,8.39835355071
161,8.44742621204
162,8.50095539806
163,8.53452830025
164,8.56886542159
165,8.61079735726
166,8.63220250511
167,8.59917097061
168,8.63718642353
169,8.68186652386
170,8.72709791606
171,8.77219103142
172,8.94633163734
173,9.08417856626
174,9.11608974081
175,9.15138966906
176,9.18136676528
177,9.21314125916
178,9.24257206968
179,9.2765787639
180,9.31962467766
181,9.36017973249
182,9.40199313031
183,9.45503210642
184,9.49640610996
185,9.52391081564
186,9.56188784407
187,9.59972710066
188,9.62955889431
189,9.66628200477
190,9.71682050413
191,9.76078901969
192,9.85238210763
193,9.90990073166
194,9.93555325841
195,9.96699425095
196,9.99622352321
197,10.034199528
198,10.0681214328
199,10.1021891013
200,10.0607856508
201,10.0974514233
202,10.1548350537
203,10.1970207771
204,10.2267065406
205,10.2604327767
206,10.2992687562
207,10.3447128616
208,10.4264510255
209,10.4732835573
210,10.521456853
211,10.5674534385
212,10.6089166026
213,10.643264332
214,10.6908408151
215,10.7395714524
216,10.7741633839
217,10.9002668356
218,10.9970027252
219,11.0348463468
220,11.0996742766
221,11.1462945184
222,11.1829029124
223,11.2280252534
224,11.2594692154
225,11.2878648907
226,11.3309444917
227,11.4577617064
228,11.5198539456
229,11.5480042224
230,11.587038241
231,11.6279198829
232,11.6545444758
233,11.6815068044
234,11.719349394
235,11.7675345153
236,11.8062357797
237,11.8507683734
238,11.8422553315
239,11.8755329287
240,11.9050710609
241,11.9383935201
242,11.9672914774
243,12.014414693
244,12.0461216971
245,12.0880027001
246,12.1131668774
247,12.1398224072
248,12.1818294189
249,12.1978857187
250,11.7365973598
251,11.7633573753
252,11.7980433896
253,11.8347639025
254,11.8786058643
255,11.9068531646
256,11.9353236084
257,11.9614968005
258,12.0071703356
259,12.0590684641
260,12.104534945
261,12.1451465134
262,12.1729877413
263,12.0709794513
264,12.0886899872
265,12.1044947529
266,12.1275617292
267,12.1627756204
268,12.2034150232
269,12.2454606132
270,12.2758419391
271,12.2957524073
272,12.3155221208
273,12.3434315674
274,12.3637734282
275,12.3994084612
276,12.4288082229
277,12.4230068733
278,12.3390337593
279,12.3751467672
280,12.4065358574
281,12.4308542264
282,12.4501139713
283,12.4722264792
284,12.5035122828
285,12.5450324823
286,12.5836329893
287,12.6099710893
288,12.6367121427
289,12.6675280394
290,12.7177261323
291,12.7472800873
292,12.7768107203
293,12.7915782514
294,12.8080219797
295,12.8304438979
296,12.8697493925
297,12.8897707841
298,12.9180717761
299,12.9564308917
300,12.9823907135
301,13.0221342626
302,13.0652548463
303,13.1004167796
304,13.122688976
305,13.143017511
306,13.1742306373
307,13.2007018349
308,13.2304441502
309,13.2419421931
310,13.2621815374
311,13.3011596477
312,13.2925310627
313,13.2900850973
314,13.3218677953
315,13.3647566384
316,13.3891823241
317,13.418215007
318,13.4514573869
319,13.4845491035
320,13.5192717293
321,13.5456111352
322,13.5678113382
323,13.5913748082
324,13.6187629572
325,13.6606650929
326,13.6983093132
327,13.7286403042
328,13.750831467
329,13.7745735229
330,13.8051609396
331,13.8444875401
332,13.8760688256
333,13.8824967099
334,13.9009939977
335,13.931093466
336,13.9737602449
337,14.0191005559
338,14.0518729171
339,14.0691305985
340,14.0949873926
341,14.127876732
342,14.1468466793
343,14.1637861371
344,14.1954556959
345,14.2310559306
346,14.2743601078
347,14.3116444164
348,14.3337669383
349,14.3539378705
350,14.4025061117
351,14.4415818459
352,14.471806341
353,14.5183728414
354,14.5730947592
355,14.6219879657
356,14.6489010986
357,14.7287019566
358,14.7615740468
359,14.792523635
360,14.8300842639
361,14.8628487973
362,14.886592755
363,14.9066065154
364,14.9471116182
365,14.9724748527
366,15.0082016411
367,15.0328626864
368,15.052138672
369,15.0916675802
370,15.130214182
371,15.1572318051
372,15.1834720639
373,15.2168233885
374,15.2544491234
375,15.2870467575
376,15.3206993435
377,15.3509600673
378,15.3792854175
379,15.4075696678
380,15.4501452926
381,15.4908827461
382,15.5149747308
383,15.5454433687
384,15.5082941459
385,15.4541339056
386,15.4805211976
387,15.505683582
388,15.5253162817
389,15.5579990366
390,15.5763130006
391,15.5998893913
392,15.6301412325
393,15.6512891508
394,15.6960981999
395,15.7255862084
396,15.7507723181
397,15.7819200827
398,15.8057015228
399,15.8358696498
400,15.8768009387
401,15.907649204
402,15.9261524092
403,15.9428621605
404,15.9714929116
405,15.9929310673
406,16.0182879849
407,16.0518577428
408,16.0833750681
409,16.1097760857
410,16.1391437655
411,16.159736434
412,16.1774397298
413,16.2086888064
414,16.2352324172
415,16.2505300733
416,16.4936426111
417,16.8831197409
418,16.9206731788
419,16.9620062958
420,17.0031803706
421,17.0323497437
422,17.0664983893
423,17.0986228589
424,17.1348918272
425,17.1659151131
426,17.1827488588
427,17.1996256574
428,17.2180598234
429,17.2406747666
430,17.2717944111
431,17.2911225745
432,17.3192407134
433,17.3603229656
434,17.3885769187
435,17.420650035
436,17.4599417543
437,17.4954774812
438,17.531982794
439,17.5722387707
440,17.6345075898
441,17.6729218771
442,17.6894521645
443,17.7061914321
444,17.7363348053
445,17.7684304672
446,17.8034058968
447,17.8253327169
448,17.8484550524
449,17.8846578633
450,17.9205833223
451,17.9584213924
452,17.9781865592
453,17.9953860863
454,17.9236619128
455,17.845293066
456,17.8580594536
457,17.8861176022
458,17.932576255
459,17.9649969776
460,18.0107479997
461,18.0370752439
462,18.0539038414
463,18.0955344687
464,18.131851444
465,18.1748529314
466,18.1971703098
467,18.2218596248
468,18.2475952926
469,18.2861932861
470,18.339647727
471,18.372642471
472,18.4058731188
473,18.4348433653
474,18.4493394373
475,18.4656138238
476,18.4936439588
477,18.5444933271
478,18.5696300424
479,18.5993658998
480,18.6252333781
481,18.6507830861
482,18.7031211528
483,18.7354357576
484,18.7616095453
485,18.7925046351
486,18.8217835434
487,18.8572691763
488,18.8871670041
489,18.9200744162
490,18.9443304574
491,18.9635312518
492,18.9805374769
493,19.0148762375
494,19.0482374252
495,19.1009028944
496,19.1414090263
497,19.169845227
498,19.2076396518
499,19.2505450199
500,19.4041416794
501,19.42682966
502,19.4451706234
503,19.4610316674
504,19.471395517
505,19.4974580483
506,19.5075067509
507,19.5214500347
508,19.5506791267
509,19.5895353417
510,19.6149617344
511,19.644624132
512,19.6690362243
513,19.6774600645
514,19.6965067258
515,19.7120173951
516,19.7341258054
517,19.7674284909
518,19.7911930744
519,19.8417050501
520,19.8765632106
521,19.9149401729
522,19.9418320249
523,19.9756530097
524,20.0092404646
525,20.0455166147
526,20.0797755588
527,20.0985898074
528,20.1170832118
529,20.1537898188
530,20.1784846913
531,20.1966320307
532,20.224838792
533,20.2567946802
534,20.2863535432
535,20.3182987612
536,20.3379608101
537,20.368789642
538,20.4053599915
539,20.439660487
540,20.4539493938
541,20.4858741431
542,20.5356595224
543,20.5810861091
544,20.6217081345
545,20.6627193848
546,20.6920138858
547,20.7225774717
548,20.7537166987
549,20.7813669001
550,20.8068344266
551,20.8274085305
552,20.8525302377
553,20.8876689436
554,20.9090270104
555,21.0623709624
556,21.2248425697
557,21.2597314966
558,21.2761099427
559,21.3144812497
560,21.3433340344
561,21.3684827453
562,21.3962008751
563,21.4276266424
564,21.4580139889
565,21.4944433344
566,21.5157373036
567,21.5373652079
568,21.5487033434
569,21.5684068855
570,21.5897767875
571,21.6056526514
572,21.6320679321
573,21.6617466744
574,21.7142828663
575,21.7400057837
576,21.7499438865
577,21.7761286667
578,21.8074782527
579,21.8315202926
580,21.8679967985
581,21.8815883532
582,21.9080244901
583,21.9343072133
584,21.9553676148
585,21.9713971993
586,21.994288869
587,22.0236790549
588,22.0430084535
589,22.0701162434
590,22.0977572866
591,22.1217327702
592,22.1650366885
593,22.1947264431
594,22.2059097043
595,22.2372627957
596,22.2705559937
597,22.3008121265
598,22.3346201751
599,22.3536362468
600,22.3722864854
601,22.4141082894
602,22.4472578299
603,22.4564862039
604,22.4861624779
605,22.518815512
606,22.5484241928
607,22.5875112022
608,22.6190743175
609,22.6475614152
610,22.6824948151
611,22.7032375811
612,22.742078813
613,22.768190114
614,22.7845021061
615,22.8127179984
616,22.8485165127
617,22.8611123964
618,22.8837354312
619,22.9016777959
620,22.9190490796
621,22.9441252607
622,22.9623203697
623,22.9930266809
624,23.0904214747
625,23.7243585053
626,23.7757913448
627,23.8037349192
628,23.831809036
629,23.8397079446
630,23.8570596852
631,23.8937443621
632,23.9210439795
633,23.9575455843
634,23.9872825922
635,24.014491299
636,24.0291164235
637,24.0744957703
638,24.0964619105
639,24.115639603
640,24.1425708876
641,24.1851201224
642,24.2060538053
643,24.2378425174
644,24.2703761028
645,24.3006008858
646,24.3315512344
647,24.3729775702
648,24.4075486329
649,24.4293064525
650,24.4612963719
651,24.480836847
652,24.5006334042
653,24.5321507913
654,24.5531562334
655,24.5743156687
656,24.605118434
657,24.6308434914
658,24.6692311601
659,24.6988907024
660,24.7225162943
661,24.7594855848
662,24.7928351773
663,24.8138145892
664,24.8338672282
665,24.862434592
666,24.8883684391
667,24.9139537302
668,24.9352975663
669,24.9566174045
670,24.9759150083
671,25.0074496708
672,25.0218624099
673,25.0554748069
674,25.0712819262
675,25.1174363977
676,25.1400092083
677,25.1908155225
678,25.2344005759
679,25.2492960092
680,25.2638286596
681,25.27828916
682,25.2994962002
683,25.3136376143
684,25.3424254931
685,25.360431509
686,25.3902376184
687,25.4279981364
688,25.4816807606
689,25.5186317595
690,25.5587421186
691,25.5856252511
692,25.6128803122
693,25.6536756671
694,25.6752830894
695,25.6990987104
696,25.7263114038
697,25.7605457141
698,25.7999035393
699,25.8179708398
700,25.8330369943
701,25.8639304358
702,25.9005003604
703,25.9355500525
704,25.9562382844
705,25.9880609219
706,26.0270171143
707,26.0816912352
708,26.1098766648
709,26.1276591171
710,26.1505093498
711,26.1769736523
712,26.193220082
713,26.2209507238
714,26.5582800179
715,26.6842344994
716,26.7318727784
717,26.7726302122
718,26.8029653809
719,26.8381675172
720,26.8645629564
721,26.9085319074
722,26.9245055978
723,26.9570167559
724,26.9825078023
725,27.0303728571
726,27.0712329015
727,27.0978379502
728,27.1308830704
729,27.1525264142
730,27.1677886713
731,27.1961117694
732,27.2127885035
733,27.2278695465
734,27.238440371
735,27.2765860754
736,27.2939313916
737,27.3264425497
738,27.3623246263
739,27.3768021384
740,27.3984261217
741,27.4157085808
742,27.4411389644
743,27.4605559815
744,27.4946789644
745,27.5128607826
746,27.5342960657
747,27.5670203182
748,27.580836218
749,27.5986388289
750,27.6264350636
751,27.6427129718
752,27.6741158067
753,27.6960175483
754,27.7260522423
755,27.7533576243
756,27.8029448588
757,27.8145828332
758,27.8243314825
759,27.8612390194
760,27.8936639588
761,27.9144803517
762,27.9520799614
763,27.9966994246
764,28.0301644092
765,28.0400573587
766,28.0468696678
767,28.0642293107
768,28.101495662
769,28.1323665998
770,28.1530939345
771,28.1905162021
772,28.225504986
773,28.2400675552
774,28.2436453727
775,28.267546278
776,28.2935119144
777,28.3181771717
778,28.35235075
779,28.3626514313
780,28.3924242424
781,28.4424026878
782,28.4880881393
783,28.5409497479
784,28.5874491142
785,28.6170728496
786,28.6223330933
787,28.6474329288
788,28.6758919375
789,28.7006572239
790,28.7259200748
791,28.7554563008
792,28.783061254
793,28.8014259642
794,28.8178443004
795,28.8360647105
796,28.8650086348
797,28.8763345182
798,28.8927418834
799,28.9146966728
800,28.9563666308
801,28.9737145284
802,28.9986636103
803,29.010987204
804,29.0232845965
805,29.0508337915
806,29.0910545527
807,29.103671006
808,29.1170281914
809,29.1365741494
810,29.1706692532
811,29.1847996964
812,29.2157152925
813,29.226286117
814,29.2664720293
815,29.3034799825
816,29.3340061747
817,29.3925517635
818,29.4221249035
819,29.4544749824
820,29.4890063425
821,29.5047837176
822,29.5466458606
823,29.5783331655
824,29.6133894529
825,29.6480420097
826,29.6746553188
827,29.7281772491
828,29.7666435632
829,29.8014482933
830,29.8345709846
831,29.8587999855
832,29.8686207849
833,26.6948611994
834,25.8311353521
835,25.860707572
836,25.8717143072
837,25.9015276838
838,25.9227913663
839,25.9491861185
840,25.9740966918
841,25.9942109861
842,26.0187670752
843,26.0293871004
844,26.0481215917
845,26.0625337029
846,26.0703678042
847,26.0914157527
848,26.1212726342
849,26.1609057609
850,26.1863584444
851,26.215420959
852,26.2273606322
853,26.2526364317
854,26.2681510246
855,26.2812078602
856,26.3195643067
857,26.3292191679
858,26.3498936547
859,26.386626814
860,26.4171516655
861,26.4526994511
862,26.4698924731
863,26.5138170074
864,26.5319918433
865,26.561607031
866,26.5861178248
867,26.6122601413
868,26.6433113482
869,26.6626312755
870,26.6724064466
871,26.6797867008
872,26.7207260481
873,26.7510756269
874,26.782007061
875,26.8170952703
876,26.8312227199
877,26.8495395286
878,26.8778386488
879,26.9496041593
880,26.9646858518
881,26.9941178893
882,27.0119011813
883,27.0543742995
884,27.0706649981
885,27.1076903383
886,27.1366062253
887,27.1676348741
888,27.1758273984
889,27.1959735605
890,27.2285109156
891,27.2534510293
892,27.2804933418
893,27.3101679682
894,27.3296825039
895,27.3350964448
896,27.3380289961
897,27.3441873539
898,27.3657768755
899,27.4151629732
900,27.4333777334
901,27.4472933876
902,27.4713216891
903,27.4936516888
904,27.527635447
905,27.5463586593
906,27.576691767
907,27.5899580706
908,27.6171853236
909,27.663638512
910,27.695595802
911,27.7313441039
912,27.7594015304
913,27.791969142
914,27.8108515141
915,27.8265220443
916,27.8546745369
917,27.8731898925
918,27.8838598677
919,27.8838598677
920,27.9079155611
921,27.9260887858
922,27.9559343882
923,27.9664915729
924,27.9754358545
925,28.0138347316
926,28.0537614715
927,28.067093301
928,28.0776155744
929,28.1136114781
930,28.1532009209
931,28.1748831813
932,28.2011791076
933,28.2315693267
934,28.2572454427
935,28.2660430967
936,28.275968655
937,28.295137658
938,28.3228921616
939,28.3384137368
940,28.375852642
941,28.3950422338
942,28.409476903
943,28.4316618865
944,28.461303929
945,28.4773010144
946,28.5053568296
947,28.581350191
948,28.5982436918
949,28.6169230411
950,28.6442301426
951,28.6894490814
952,28.7033018952
953,28.7226497517
954,28.7451559193
955,28.7648342697
956,28.7897197784
957,28.8223387723
958,28.8390290713
959,28.8751780478
960,28.9134542876
961,28.9572921702
962,28.9784618607
963,29.0221310947
964,29.02806602
965,29.04842165
966,29.0652838201
967,29.0827976683
968,29.110895019
969,29.1442247716
970,29.1655233655
971,29.1890138535
972,29.2118958103
973,29.2257346596
974,29.2537219053
975,29.2714452214
976,29.2901320901
977,29.3029468739
978,29.3287597707
979,29.3328540635
980,29.3508441379
981,29.3659467772
982,29.3821223579
983,29.3969247598
984,29.3969247598
985,29.4269834109
986,29.4488937586
987,29.4583407632
988,29.4741625758
989,29.497543854
990,29.5108590334
991,29.5363582654
992,29.5652764798
993,29.5929402139
994,29.6048868694
995,29.620117875
996,29.6665119826
997,29.6916724852
998,29.7129734065
999,29.7787765806
1000,29.9061282468
1001,29.9130726912
1002,29.9228580447
1003,29.937630772
1004,29.9637671356
1005,29.9977633478
1006,30.0114944084
1007,30.0449810606
1008,30.0741116522
1009,30.0986652237
1010,30.1184839466
1011,30.1561372655
1012,30.1770968615
1013,30.2277867965
1014,30.2306277056
1015,30.2524080087
1016,30.260741342
1017,30.2836580087
1018,30.304491342
1019,30.3281024531
1020,30.3516143579
1021,30.3694715007
1022,30.3845283189
1023,30.4205717893
1024,30.4368912338
1025,30.4618551587
1026,30.4912382756
1027,30.5156700938
1028,30.5312950938
1029,30.5344200938
1030,30.5555690837
1031,30.5958423521
1032,30.6339375902
1033,30.6487103175
1034,30.6600739538
1035,30.668880772
1036,30.6836534993
1037,30.6836534993
1038,30.6994047619
1039,30.7255411255
1040,30.7519615801
1041,30.7819128788
1042,30.8460813492
1043,30.8780257937
1044,30.9089285714
1045,30.9349702381
1046,30.9567505411
1047,30.9682088745
1048,30.9710497835
1049,30.9826975108
1050,31.0306141775
1051,31.0531836219
1052,31.082093254
1053,31.1038104257
1054,31.1261589105
1055,31.1344922439
1056,31.1585993867
1057,31.167122114
1058,31.2105880231
1059,31.2238455988
1060,31.2290539322
1061,31.2636769481
1062,31.2761769481
1063,31.2865936147
1064,31.3132350289
1065,31.3459370491
1066,31.3916080447
1067,31.4308125902
1068,31.458590368
1069,31.4752570346
1070,31.4994047619
1071,31.5248151154
1072,31.5525613276
1073,31.5932404401
1074,31.6326659452
1075,31.6774846681
1076,31.7044733045
1077,31.7471139971
1078,31.7782693001
1079,31.8025387807
1080,31.8204365079
1081,31.8266865079
1082,31.8443001443
1083,31.8708423521
1084,31.8911345599
1085,31.9085858586
1086,31.9114267677
1087,31.9331439394
1088,31.9416666667
1089,31.9473484848
1090,31.9535984848
1091,31.9719020563
1092,31.9937770563
1093,32.033103355
1094,32.056083153
1095,32.099833153
1096,32.115458153
1097,32.127958153
1098,32.1545003608
1099,32.1638753608
1100,32.1765016234
1101,32.2064574315
1102,32.2526695527
1103,32.2707882395
1104,32.283982684
1105,32.293357684
1106,32.3086354618
1107,32.3527011183
1108,32.3728715729
1109,32.375712482
1110,32.385087482
1111,32.3940160534
1112,32.3940160534
1113,32.4029446248
1114,32.4098890693
1115,32.4161390693
1116,32.4387085137
1117,32.4705582612
1118,32.5110840548
1119,32.5417929293
1120,32.5804879149
1121,32.5992379149
1122,32.6175414863
1123,32.6273268398
1124,32.6427940115
1125,32.671577381
1126,32.6863501082
1127,32.7283549784
1128,32.7564439033
1129,32.7665133478
1130,32.7810966811
1131,32.8185019841
1132,32.8282873377
1133,32.8524350649
1134,32.870900974
1135,32.8957431457
1136,32.9113681457
1137,32.9280348124
1138,32.9332431457
1139,32.9332431457
1140,32.9421717172
1141,32.9757530664
1142,32.989294733
1143,32.989294733
1144,33.0138483045
1145,33.0415268759
1146,33.0586670274
1147,33.0903905123
1148,33.122362013
1149,33.1535443723
1150,33.1592261905
1151,33.1757981602
1152,33.2066693723
1153,33.2251352814
1154,33.2528183622
1155,33.2830582612
1156,33.3063537157
1157,33.3120355339
1158,33.3449900794
1159,33.3679698773
1160,33.4163555195
1161,33.4338068182
1162,33.454788961
1163,33.4667207792
1164,33.4724025974
1165,33.4793470418
1166,33.5033324315
1167,33.520377886
1168,33.5379915224
1169,33.5844246032
1170,33.5906746032
1171,33.6225198413
1172,33.6417433261
1173,33.6752931097
1174,33.6940070346
1175,33.7002570346
1176,33.7033820346
1177,33.7033820346
1178,33.7033820346
1179,33.7179924242
1180,33.7426136364
1181,33.7627164502
1182,33.7945616883
1183,33.811228355
1184,33.8358495671
1185,33.8638167388
1186,33.8758703102
1187,33.9011228355
1188,33.9238501082
1189,33.9456304113
1190,33.959767316
1191,33.962892316
1192,33.9805059524
1193,33.9961309524
1194,34.0117559524
1195,34.034767316
1196,34.059731241
1197,34.0780348124
1198,34.0954861111
1199,34.1233270202
1200,34.1318497475
1201,34.151010101
1202,34.1724386724
1203,34.1786886724
1204,34.1901470058
1205,34.2332927489
1206,34.2632169913
1207,34.2715503247
1208,34.2952516234
1209,34.3012175325
1210,34.3382711039
1211,34.3631764069
1212,34.3866928211
1213,34.4018713925
1214,34.4157602814
1215,34.4347582973
1216,34.4410082973
1217,34.4760777417
1218,34.487725469
1219,34.5019300144
1220,34.5108585859
1221,34.5267316017
1222,34.5481646825
1223,34.563343254
1224,34.5753968254
1225,34.5920634921
1226,34.6354662698
1227,34.6424107143
1228,34.7134334416
1229,34.7219561688
1230,34.7435110029
1231,34.7674963925
1232,34.7957476551
1233,34.8252931097
1234,34.8504193723
1235,34.8740304834
1236,34.8792388167
1237,34.9074900794
1238,34.9279446248
1239,34.9466585498
1240,34.9862689394
1241,35.000879329
1242,35.0065611472
1243,35.0272997835
1244,35.0392316017
1245,35.0454816017
1246,35.0454816017
1247,35.0524260462
1248,35.0656204906
1249,34.8754112554
1250,33.9738095238
1251,33.9738095238
1252,33.9926587302
1253,34.0148809524
1254,34.0615079365
1255,34.105489418
1256,34.1485449735
1257,34.1619708995
1258,34.1772486772
1259,34.2119708995
1260,34.2212301587
1261,34.230489418
1262,34.2499338624
1263,34.2979497354
1264,34.3132275132
1265,34.3224867725
1266,34.3224867725
1267,34.3363756614
1268,34.3433201058
1269,34.3558201058
1270,34.3683201058
1271,34.3766534392
1272,34.3960978836
1273,34.4218915344
1274,34.4542989418
1275,34.4788359788
1276,34.4955026455
1277,34.4955026455
1278,34.4955026455
1279,34.4955026455
1280,34.4955026455
1281,34.5163359788
1282,34.5288359788
1283,34.5714285714
1284,34.5839285714
1285,34.5839285714
1286,34.6056878307
1287,34.614021164
1288,34.6181878307
1289,34.6473544974
1290,34.664021164
1291,34.6681878307
1292,34.6834656085
1293,34.7185185185
1294,34.7430555556
1295,34.787037037
1296,34.8123677249
1297,34.8299603175
1298,34.8650132275
1299,34.871957672
1300,34.8921957672
1301,34.9041005291
1302,34.9041005291
1303,34.9457671958
1304,34.9541005291
1305,34.9743386243
1306,34.9862433862
1307,34.9862433862
1308,35.0066137566
1309,35.0566137566
1310,35.0788359788
1311,35.0949074074
1312,35.1068121693
1313,35.1276455026
1314,35.1701058201
1315,35.2056216931
1316,35.2139550265
1317,35.2431216931
1318,35.2642857143
1319,35.2726190476
1320,35.293452381
1321,35.3017857143
1322,35.3136904762
1323,35.3348544974
1324,35.3467592593
1325,35.3467592593
1326,35.3592592593
1327,35.3800925926
1328,35.3961640212
1329,35.4044973545
1330,35.4256613757
1331,35.4542328042
1332,35.4625661376
1333,35.4947089947
1334,35.5303571429
1335,35.5373015873
1336,35.5617063492
1337,35.5783730159
1338,35.6117063492
1339,35.6242063492
1340,35.6422619048
1341,35.6492063492
1342,35.6584656085
1343,35.6584656085
1344,35.6584656085
1345,35.6709656085
1346,35.699537037
1347,35.7207010582
1348,35.7299603175
1349,35.7424603175
1350,35.771031746
1351,35.7829365079
1352,35.7968253968
1353,35.8130291005
1354,35.844510582
1355,35.8607142857
1356,35.8726190476
1357,35.8851190476
1358,35.9189153439
1359,35.966468254
1360,35.9840608466
1361,35.9840608466
1362,35.9933201058
1363,36.0085978836
1364,36.0558201058
1365,36.0891534392
1366,36.1067460317
1367,36.1423941799
1368,36.1618386243
1369,36.1687830688
1370,36.1826719577
1371,36.1826719577
1372,36.191005291
1373,36.2154100529
1374,36.2288359788
1375,36.2288359788
1376,36.2288359788
1377,36.2288359788
1378,36.2288359788
1379,36.2288359788
1380,36.2814814815
1381,36.3092592593
1382,36.3092592593
1383,36.3226851852
1384,36.3435185185
1385,36.3805555556
1386,36.3986111111
1387,36.424537037
1388,36.4582010582
1389,36.4841269841
1390,36.5058862434
1391,36.5058862434
1392,36.5177910053
1393,36.5372354497
1394,36.5636243386
1395,36.571957672
1396,36.5802910053
1397,36.6158068783
1398,36.6463624339
1399,36.6463624339
1400,36.6556216931
1401,36.6741402116
1402,36.6860449735
1403,36.692989418
1404,36.728042328
1405,36.7363756614
1406,36.7363756614
1407,36.7447089947
1408,36.7447089947
1409,36.7447089947
1410,36.7613756614
1411,36.7816137566
1412,36.8018518519
1413,36.8018518519
1414,36.8277777778
1415,36.8319444444
1416,36.849537037
1417,36.8656084656
1418,36.8697751323
1419,36.8947751323
1420,36.9207010582
1421,36.9341269841
1422,36.946031746
1423,36.9626984127
1424,36.9918650794
1425,37.0043650794
1426,37.0136243386
1427,37.0136243386
1428,37.0338624339
1429,37.0338624339
1430,37.055026455
1431,37.068452381
1432,37.0860449735
1433,37.1110449735
1434,37.130489418
1435,37.1738756614
1436,37.1822089947
1437,37.1988756614
1438,37.2072089947
1439,37.2257275132
1440,37.2349867725
1441,37.2609126984
1442,37.3567460317
1443,37.3868386243
1444,37.3868386243
1445,37.4076719577
1446,37.4419312169
1447,37.4627645503
1448,37.4766534392
1449,37.4974867725
1450,37.5044312169
1451,37.5312830688
1452,37.6312830688
1453,37.6382275132
1454,37.6521164021
1455,37.6521164021
1456,37.664021164
1457,37.6732804233
1458,37.6851851852
1459,37.6851851852
1460,37.6893518519
1461,37.7185185185
1462,37.7415343915
1463,37.7784391534
1464,37.833994709
1465,37.8542328042
1466,37.8667328042
1467,37.8828042328
1468,37.8828042328
1469,37.8920634921
1470,37.8920634921
1471,37.9212301587
1472,37.9448412698
1473,37.9587301587
1474,37.9670634921
1475,37.9753968254
1476,37.9753968254
1477,37.9962301587
1478,38.0193783069
1479,38.0558201058
1480,38.0734126984
1481,38.1126322751
1482,38.1195767196
1483,38.1496693122
1484,38.1615740741
1485,38.1615740741
1486,38.1740740741
1487,38.1824074074
1488,38.1824074074
1489,38.1958333333
1490,38.2041666667
1491,38.2125
1492,38.2244047619
1493,38.2327380952
1494,38.2452380952
1495,38.2767195767
1496,38.2878306878
1497,38.2961640212
1498,38.3044973545
1499,38.3211640212
1500,38.3211640212
1501,38.3423280423
1502,38.3506613757
1503,38.3881613757
1504,38.3881613757
1505,38.4000661376
1506,38.4119708995
1507,38.4212301587
1508,38.4212301587
1509,38.4420634921
1510,38.4462301587
1511,38.4869708995
1512,38.5064153439
1513,38.5183201058
1514,38.5451719577
1515,38.5590608466
1516,38.5882275132
1517,38.6076719577
1518,38.6252645503
1519,38.6294312169
1520,38.6335978836
1521,38.6502645503
1522,38.6746693122
1523,38.6913359788
1524,38.6996693122
1525,38.7163359788
1526,38.7518518519
1527,38.7657407407
1528,38.7845899471
1529,38.8103835979
1530,38.8103835979
1531,38.8523809524
1532,38.8884920635
1533,38.9023809524
1534,38.9093253968
1535,38.9357142857
1536,38.9426587302
1537,38.9823412698
1538,39.0078042328
1539,39.0419312169
1540,39.0783730159
1541,39.0950396825
1542,39.1194444444
1543,39.1194444444
1544,39.1521825397
1545,39.1521825397
1546,39.1521825397
1547,39.1521825397
1548,39.1563492063
1549,39.1765873016
1550,39.1951058201
1551,39.2126984127
1552,39.2126984127
1553,39.2358465608
1554,39.2728835979
1555,39.3148809524
1556,39.3267857143
1557,39.343452381
1558,39.3601190476
1559,39.3693783069
1560,39.3693783069
1561,39.3735449735
1562,39.3902116402
1563,39.4064153439
1564,39.4411375661
1565,39.4453042328
1566,39.4545634921
1567,39.466468254
1568,39.466468254
1569,39.466468254
1570,39.4970238095
1571,39.5081349206
1572,39.5081349206
1573,39.5081349206
1574,39.5382275132
1575,39.5382275132
1576,39.5382275132
1577,39.5558201058
1578,39.5775793651
1579,39.5775793651
1580,39.5987433862
1581,39.5987433862
1582,39.5987433862
1583,39.5987433862
1584,39.6126322751
1585,39.6417989418
1586,39.6606481481
1587,39.6921296296
1588,39.7240740741
1589,39.748478836
1590,39.7687169312
1591,39.7895502646
1592,39.8020502646
1593,39.8139550265
1594,39.8258597884
1595,39.8517857143
1596,39.8652116402
1597,39.9022486772
1598,39.9244708995
1599,39.9498015873
1600,39.953968254
1601,39.9706349206
1602,39.9748015873
1603,40.0130952381
1604,40.0325396825
1605,40.0542989418
1606,40.0718915344
1607,40.1060185185
1608,40.1263888889
1609,40.1466269841
1610,40.173478836
1611,40.1915343915
1612,40.2026455026
1613,40.210978836
1614,40.2270502646
1615,40.2611772487
1616,40.2892857143
1617,40.3017857143
1618,40.3017857143
1619,40.305952381
1620,40.3226190476
1621,40.3226190476
1622,40.3604497354
1623,40.3687830688
1624,40.4021164021
1625,40.4104497354
1626,40.4104497354
1627,40.4229497354
1628,40.4473544974
1629,40.4598544974
1630,40.4681878307
1631,40.4800925926
1632,40.4935185185
1633,40.5143518519
1634,40.5226851852
1635,40.5351851852
1636,40.5720899471
1637,40.5887566138
1638,40.6167328042
1639,40.6292328042
1640,40.6468253968
1641,40.6628968254
1642,40.6781746032
1643,40.717989418
1644,40.7397486772
1645,40.7564153439
1646,40.7683201058
1647,40.7802248677
1648,40.8180555556
1649,40.8433862434
1650,40.8826058201
1651,40.9097883598
1652,40.9181216931
1653,40.943452381
1654,40.9587301587
1655,40.9976190476
1656,41.0138227513
1657,41.0396164021
1658,41.0521164021
1659,41.0723544974
1660,41.0816137566
1661,41.0976851852
1662,41.1282407407
1663,41.1554232804
1664,41.1679232804
1665,41.1679232804
1666,39.597718254
1667,38.0275132275
1668,38.0275132275
1669,38.067989418
1670,38.0865079365
1671,38.105026455
1672,38.1455026455
1673,38.1455026455
1674,38.164021164
1675,38.164021164
1676,38.164021164
1677,38.164021164
1678,38.164021164
1679,38.164021164
1680,38.164021164
1681,38.164021164
1682,38.164021164
1683,38.164021164
1684,38.2044973545
1685,38.2044973545
1686,38.2044973545
1687,38.2211640212
1688,38.2211640212
1689,38.2396825397
1690,38.2396825397
1691,38.2396825397
1692,38.2396825397
1693,38.2396825397
1694,38.2396825397
1695,38.2396825397
1696,38.3058201058
1697,38.3058201058
1698,38.3058201058
1699,38.3428571429
1700,38.3666666667
1701,38.3851851852
1702,38.5685185185
1703,38.587037037
1704,38.587037037
1705,38.6275132275
1706,38.6275132275
1707,38.646031746
1708,38.6698412698
1709,38.6883597884
1710,38.6883597884
1711,38.6883597884
1712,38.6883597884
1713,38.6883597884
1714,38.6883597884
1715,38.735978836
1716,38.7711640212
1717,38.7711640212
1718,38.9378306878
1719,38.9616402116
1720,38.9854497354
1721,39.0224867725
1722,39.062962963
1723,39.062962963
1724,39.062962963
1725,39.0867724868
1726,39.1510582011
1727,39.1677248677
1728,39.1677248677
1729,39.1915343915
1730,39.2082010582
1731,39.2082010582
1732,39.232010582
1733,39.2962962963
1734,39.3624338624
1735,39.3624338624
1736,39.380952381
1737,39.380952381
1738,39.380952381
1739,39.380952381
1740,39.3994708995
1741,39.4346560847
1742,39.4698412698
1743,39.4698412698
1744,39.4698412698
1745,39.4936507937
1746,39.4936507937
1747,39.4936507937
1748,39.4936507937
1749,39.4936507937
1750,39.4936507937
1751,39.4936507937
1752,39.5103174603
1753,39.5288359788
1754,39.5878306878
1755,39.6063492063
1756,39.6063492063
1757,39.6248677249
1758,39.6724867725
1759,39.691005291
1760,39.7314814815
1761,39.7552910053
1762,39.7552910053
1763,39.7552910053
1764,39.7552910053
1765,39.771957672
1766,39.7957671958
1767,39.830952381
1768,39.830952381
1769,39.8476190476
1770,39.8476190476
1771,39.8828042328
1772,39.9013227513
1773,39.9251322751
1774,39.9251322751
1775,39.9251322751
1776,39.9417989418
1777,39.9417989418
1778,39.9417989418
1779,39.9417989418
1780,39.9584656085
1781,39.9751322751
1782,40.0579365079
1783,40.0579365079
1784,40.0579365079
1785,40.0931216931
1786,40.1335978836
1787,40.1812169312
1788,40.1812169312
1789,40.2235449735
1790,40.2235449735
1791,40.2658730159
1792,40.2658730159
1793,40.2896825397
1794,40.3082010582
1795,40.332010582
1796,40.332010582
1797,40.332010582
1798,40.3558201058
1799,40.3558201058
1800,40.3558201058
1801,40.3558201058
1802,40.3558201058
1803,40.3558201058
1804,40.3558201058
1805,40.3558201058
1806,40.3743386243
1807,40.391005291
1808,40.391005291
1809,40.4076719577
1810,40.4314814815
1811,40.45
1812,40.508994709
1813,40.508994709
1814,40.508994709
1815,40.5275132275
1816,40.567989418
1817,40.5846560847
1818,40.5846560847
1819,40.5846560847
1820,40.5846560847
1821,40.5846560847
1822,40.5846560847
1823,40.6031746032
1824,40.6031746032
1825,40.6031746032
1826,40.6031746032
1827,40.6455026455
1828,40.6621693122
1829,40.685978836
1830,40.7283068783
1831,40.744973545
1832,40.7634920635
1833,40.7634920635
1834,40.782010582
1835,40.782010582
1836,40.819047619
1837,40.819047619
1838,40.819047619
1839,40.8375661376
1840,40.8375661376
1841,40.8375661376
1842,40.8560846561
1843,40.8727513228
1844,40.8727513228
1845,40.9079365079
1846,40.9079365079
1847,40.9246031746
1848,40.9484126984
1849,41.1335978836
1850,41.1335978836
1851,41.1335978836
1852,41.1502645503
1853,41.1925925926
1854,41.2111111111
1855,41.2111111111
1856,41.2111111111
1857,41.2296296296
1858,41.2462962963
1859,41.412962963
1860,41.412962963
1861,41.412962963
1862,41.412962963
1863,41.4314814815
1864,41.4552910053
1865,41.4552910053
1866,41.4738095238
1867,41.4976190476
1868,41.4976190476
1869,41.5452380952
1870,41.5452380952
1871,41.5452380952
1872,41.5619047619
1873,41.5619047619
1874,41.5785714286
1875,41.5970899471
1876,41.5970899471
1877,41.5970899471
1878,41.6208994709
1879,41.6375661376
1880,41.6375661376
1881,41.6375661376
1882,41.6375661376
1883,41.6613756614
1884,41.6798941799
1885,41.7222222222
1886,41.7645502646
1887,41.7883597884
1888,41.7883597884
1889,41.7883597884
1890,41.7883597884
1891,41.8121693122
1892,41.8121693122
1893,41.8121693122
1894,41.8121693122
1895,41.8121693122
1896,41.835978836
1897,41.8597883598
1898,41.9002645503
1899,41.9002645503
1900,41.9002645503
1901,41.9002645503
1902,41.9187830688
1903,41.9187830688
1904,41.9187830688
1905,41.953968254
1906,41.9724867725
1907,41.9724867725
1908,41.9724867725
1909,41.9962962963
1910,42.0148148148
1911,42.0148148148
1912,42.0386243386
1913,42.0386243386
1914,42.0386243386
1915,42.0552910053
1916,42.0552910053
1917,42.0552910053
1918,42.0738095238
1919,42.0976190476
1920,42.1161375661
1921,42.1161375661
1922,42.1161375661
1923,42.1513227513
1924,42.167989418
1925,42.167989418
1926,42.205026455
1927,42.2288359788
1928,42.2526455026
1929,42.2693121693
1930,42.2693121693
1931,42.2693121693
1932,42.2931216931
1933,42.2931216931
1934,42.2931216931
1935,42.2931216931
1936,42.2931216931
1937,42.3097883598
1938,42.3283068783
1939,42.3283068783
1940,42.3283068783
1941,42.3468253968
1942,42.3891534392
1943,42.4481481481
1944,42.4481481481
1945,42.4481481481
1946,42.4481481481
1947,42.4904761905
1948,42.4904761905
1949,42.4904761905
1950,42.508994709
1951,42.5256613757
1952,42.5256613757
1953,42.5423280423
1954,42.5661375661
1955,42.5846560847
1956,42.5846560847
1957,42.6031746032
1958,42.6383597884
1959,42.6621693122
1960,42.6621693122
1961,42.6621693122
1962,42.685978836
1963,42.7026455026
1964,42.744973545
1965,42.7616402116
1966,42.7616402116
1967,42.7854497354
1968,42.7854497354
1969,42.7854497354
1970,42.8021164021
1971,42.8021164021
1972,42.8021164021
1973,42.8373015873
1974,42.8796296296
1975,42.8981481481
1976,42.8981481481
1977,43.0814814815
1978,43.1238095238
1979,43.1661375661
1980,43.2013227513
1981,43.2251322751
1982,43.2251322751
1983,43.2417989418
1984,43.2417989418
1985,43.2656084656
1986,43.2822751323
1987,43.3174603175
1988,43.335978836
1989,43.3783068783
1990,43.3783068783
1991,43.3968253968
1992,43.4153439153
1993,43.4576719577
1994,43.4576719577
1995,43.4576719577
1996,43.4928571429
1997,43.5166666667
1998,43.5166666667
1999,43.5333333333
2000,43.5333333333
2001,43.5333333333
2002,43.5333333333
2003,43.5333333333
2004,43.55
2005,43.55
2006,43.5738095238
2007,43.5976190476
2008,43.6161375661
2009,43.6161375661
2010,43.6584656085
2011,43.6822751323
2012,43.6989417989
2013,43.7341269841
2014,43.7341269841
2015,43.7341269841
2016,43.7341269841
2017,43.7341269841
2018,43.7579365079
2019,43.7579365079
2020,43.8055555556
2021,43.8407407407
2022,43.8812169312
2023,43.8812169312
2024,43.8978835979
2025,43.9383597884
2026,43.9568783069
2027,43.9568783069
2028,43.9753968254
2029,43.9939153439
2030,44.0124338624
2031,44.0124338624
2032,44.0529100529
2033,44.0529100529
2034,44.0880952381
2035,44.1047619048
2036,44.1047619048
2037,44.1285714286
2038,44.1637566138
2039,44.1804232804
2040,44.2208994709
2041,44.2208994709
2042,44.2208994709
2043,44.2208994709
2044,44.2613756614
2045,44.2613756614
2046,44.278042328
2047,44.278042328
2048,44.278042328
2049,44.3018518519
2050,44.3018518519
2051,44.3256613757
2052,44.3441798942
2053,44.3608465608
2054,44.3793650794
2055,44.3793650794
2056,44.3978835979
2057,44.4216931217
2058,44.4216931217
2059,44.4216931217
2060,44.4383597884
2061,44.4383597884
2062,44.4621693122
2063,44.4621693122
2064,44.4788359788
2065,44.4788359788
2066,44.4788359788
2067,44.4973544974
2068,44.4973544974
2069,44.5158730159
2070,44.5396825397
2071,44.5396825397
2072,44.5748677249
2073,44.5986772487
2074,44.5986772487
2075,44.6338624339
2076,44.6523809524
2077,44.7
2078,44.7238095238
2079,44.7476190476
2080,44.7476190476
2081,44.7661375661
2082,44.7661375661
2083,44.8084656085
2084,44.8251322751
2085,44.8251322751
2086,44.8436507937
2087,44.8674603175
2088,44.8912698413
2089,44.9502645503
2090,44.9502645503
2091,44.9740740741
2092,44.9740740741
2093,44.9740740741
2094,44.9740740741
2095,44.9740740741
2096,44.9925925926
2097,45.0111111111
2098,45.0349206349
2099,45.0772486772
2100,45.0772486772
2101,45.0939153439
2102,45.0939153439
2103,45.0939153439
2104,45.1105820106
2105,45.1343915344
2106,45.1582010582
2107,45.1582010582
2108,45.1986772487
2109,45.1986772487
2110,45.2357142857
2111,45.2523809524
2112,45.2761904762
2113,45.2761904762
2114,45.2761904762
2115,45.2761904762
2116,45.2947089947
2117,45.3132275132
2118,45.3132275132
2119,45.3132275132
2120,45.337037037
2121,45.3608465608
2122,45.3608465608
2123,45.4031746032
2124,45.4031746032
2125,45.4216931217
2126,45.4216931217
2127,45.464021164
2128,45.4878306878
2129,45.5301587302
2130,45.553968254
2131,45.553968254
2132,45.5962962963
2133,45.5962962963
2134,45.5962962963
2135,45.5962962963
2136,45.612962963
2137,45.612962963
2138,45.6367724868
2139,45.6552910053
2140,45.6552910053
2141,45.6552910053
2142,45.8571428571
2143,45.880952381
2144,45.880952381
2145,45.880952381
2146,45.9232804233
2147,45.9232804233
2148,45.9656084656
2149,46.0060846561
2150,46.0060846561
2151,46.0060846561
2152,46.0060846561
2153,46.0298941799
2154,46.0298941799
2155,46.0465608466
2156,46.0465608466
2157,46.0703703704
2158,46.1126984127
2159,46.1126984127
2160,46.1365079365
2161,46.155026455
2162,46.1902116402
2163,46.2087301587
2164,46.2325396825
2165,46.2748677249
2166,46.2748677249
2167,46.2915343915
2168,46.2915343915
2169,46.2915343915
2170,46.2915343915
2171,46.2915343915
2172,46.2915343915
2173,46.2915343915
2174,46.3100529101
2175,46.3523809524
2176,46.3523809524
2177,46.3523809524
2178,46.3523809524
2179,46.3523809524
2180,46.3523809524
2181,46.3523809524
2182,46.3894179894
2183,46.3894179894
2184,46.4079365079
2185,46.4079365079
2186,46.4264550265
2187,46.4264550265
2188,46.4264550265
2189,46.4687830688
2190,46.4687830688
2191,46.4687830688
2192,46.4873015873
2193,46.5058201058
2194,46.5296296296
2195,46.5462962963
2196,46.5814814815
2197,46.5981481481
2198,46.5981481481
2199,46.5981481481
2200,46.6148148148
2201,46.6386243386
2202,46.6386243386
2203,46.6571428571
2204,46.6756613757
2205,46.6756613757
2206,46.6941798942
2207,46.7126984127
2208,46.7478835979
2209,46.7478835979
2210,46.7902116402
2211,46.8068783069
2212,46.9920634921
2213,47.0087301587
2214,47.0253968254
2215,47.0253968254
2216,47.0420634921
2217,47.0420634921
2218,47.0772486772
2219,47.1010582011
2220,47.1010582011
2221,47.1195767196
2222,47.1362433862
2223,47.1362433862
2224,47.1362433862
2225,47.1362433862
2226,47.1600529101
2227,47.1600529101
2228,47.2208994709
2229,47.2579365079
2230,47.2579365079
2231,47.2764550265
2232,47.294973545
2233,47.294973545
2234,47.3134920635
2235,47.3134920635
2236,47.3134920635
2237,47.3134920635
2238,47.3134920635
2239,47.3373015873
2240,47.353968254
2241,47.353968254
2242,47.3962962963
2243,47.3962962963
2244,47.3962962963
2245,47.4201058201
2246,47.4201058201
2247,47.4386243386
2248,47.4386243386
2249,47.4624338624
2250,47.4791005291
2251,47.4791005291
2252,47.4791005291
2253,47.4791005291
2254,47.4791005291
2255,47.4791005291
2256,47.4957671958
2257,47.4957671958
2258,47.5142857143
2259,47.5142857143
2260,47.5142857143
2261,47.5142857143
2262,47.5380952381
2263,47.5566137566
2264,47.5804232804
2265,47.6042328042
2266,47.6227513228
2267,47.6227513228
2268,47.6650793651
2269,47.6650793651
2270,47.6650793651
2271,47.6888888889
2272,47.8722222222
2273,47.8722222222
2274,47.8722222222
2275,47.9312169312
2276,47.9312169312
2277,47.9312169312
2278,47.9478835979
2279,47.9664021164
2280,47.9664021164
2281,47.9664021164
2282,47.9664021164
2283,47.9830687831
2284,47.9830687831
2285,47.9830687831
2286,48.0068783069
2287,48.0068783069
2288,48.0544973545
2289,48.073015873
2290,48.073015873
2291,48.073015873
2292,48.0915343915
2293,48.1100529101
2294,48.1100529101
2295,48.1100529101
2296,48.1523809524
2297,48.1523809524
2298,48.1523809524
2299,48.1708994709
2300,48.1947089947
2301,48.2185185185
2302,48.2185185185
2303,48.2185185185
2304,48.2185185185
2305,48.2185185185
2306,48.2185185185
2307,48.237037037
2308,48.237037037
2309,48.2722222222
2310,48.2722222222
2311,48.3074074074
2312,48.3074074074
2313,48.3312169312
2314,48.3478835979
2315,48.3716931217
2316,48.3716931217
2317,48.3716931217
2318,48.3883597884
2319,48.4473544974
2320,48.4473544974
2321,48.4711640212
2322,48.5134920635
2323,48.5134920635
2324,48.5134920635
2325,48.532010582
2326,48.532010582
2327,48.6986772487
2328,48.7171957672
2329,48.7357142857
2330,48.7595238095
2331,48.7595238095
2332,48.7833333333
2333,48.7833333333
2334,48.7833333333
2335,48.7833333333
2336,48.8185185185
2337,48.8185185185
2338,48.8351851852
2339,48.8537037037
2340,48.8703703704
2341,49.037037037
2342,49.037037037
2343,49.0722222222
2344,49.1145502646
2345,49.1145502646
2346,49.1145502646
2347,49.1145502646
2348,49.1330687831
2349,49.1330687831
2350,49.1568783069
2351,49.1568783069
2352,49.1568783069
2353,49.1939153439
2354,49.2105820106
2355,49.2272486772
2356,49.2272486772
2357,49.2457671958
2358,49.2457671958
2359,49.2457671958
2360,49.2457671958
2361,49.3119047619
2362,49.3119047619
2363,49.3304232804
2364,49.3304232804
2365,49.3304232804
2366,49.3304232804
2367,49.3708994709
2368,49.3708994709
2369,49.3708994709
2370,49.3708994709
2371,49.4113756614
2372,49.4351851852
2373,49.4775132275
2374,49.4775132275
2375,49.4775132275
2376,49.4775132275
2377,49.6441798942
2378,49.6441798942
2379,49.6865079365
2380,49.7103174603
2381,49.726984127
2382,49.7436507937
2383,49.7603174603
2384,49.7788359788
2385,49.7788359788
2386,49.7788359788
2387,49.7955026455
2388,49.814021164
2389,49.8378306878
2390,49.8378306878
2391,49.8378306878
2392,49.8801587302
2393,49.8801587302
2394,49.8801587302
2395,49.8801587302
2396,49.8801587302
2397,49.8986772487
2398,49.9224867725
2399,49.9814814815
2400,50.0
2401,50.0238095238
2402,50.0238095238
2403,50.0238095238
2404,50.0404761905
2405,50.0571428571
2406,50.1108465608
2407,50.1275132275
2408,50.1698412698
2409,50.1936507937
2410,50.2121693122
2411,50.2306878307
2412,50.2306878307
2413,50.2544973545
2414,50.2783068783
2415,50.2783068783
2416,50.294973545
2417,50.294973545
2418,50.3486772487
2419,50.3486772487
2420,50.3486772487
2421,50.3724867725
2422,50.412962963
2423,50.4552910053
2424,50.4904761905
2425,50.4904761905
2426,50.4904761905
2427,50.508994709
2428,50.5275132275
2429,50.5275132275
2430,50.5698412698
2431,50.5936507937
2432,50.6341269841
2433,50.6341269841
2434,50.6341269841
2435,50.6764550265
2436,50.6764550265
2437,50.6764550265
2438,50.6764550265
2439,50.6764550265
2440,50.6931216931
2441,50.7354497354
2442,50.7521164021
2443,50.7521164021
2444,50.7925925926
2445,50.7925925926
2446,50.7925925926
2447,50.8111111111
2448,50.8462962963
2449,50.9
2450,50.9
2451,50.9238095238
2452,50.9238095238
2453,50.9661375661
2454,50.9661375661
2455,51.0084656085
2456,51.0251322751
2457,51.0603174603
2458,51.0788359788
2459,51.0788359788
2460,51.0788359788
2461,51.0788359788
2462,51.0955026455
2463,51.0955026455
2464,51.114021164
2465,51.1378306878
2466,51.1378306878
2467,51.1378306878
2468,51.1378306878
2469,51.1378306878
2470,51.1616402116
2471,51.1616402116
2472,51.1616402116
2473,51.1801587302
2474,51.203968254
2475,51.203968254
2476,51.203968254
2477,51.2576719577
2478,51.2743386243
2479,51.2743386243
2480,51.2743386243
2481,51.2743386243
2482,51.2743386243
2483,51.2743386243
2484,51.3095238095
2485,51.3333333333
2486,51.3333333333
2487,51.3333333333
2488,51.3518518519
2489,51.3756613757
2490,51.3756613757
2491,51.3756613757
2492,51.3994708995
2493,51.5661375661
2494,51.5846560847
2495,51.5846560847
2496,51.6013227513
2497,51.6198412698
2498,51.6841269841
2499,51.7079365079
2500,51.7317460317
2501,51.7484126984
2502,51.7484126984
2503,51.7669312169
2504,51.7854497354
2505,51.8092592593
2506,51.8092592593
2507,51.8092592593
2508,51.8259259259
2509,51.8497354497
2510,51.8735449735
2511,51.8735449735
2512,51.8902116402
2513,51.8902116402
2514,51.914021164
2515,51.914021164
2516,51.914021164
2517,51.914021164
2518,51.9544973545
2519,51.9968253968
2520,51.9968253968
2521,52.0134920635
2522,52.0134920635
2523,52.0486772487
2524,52.0486772487
2525,52.0724867725
2526,52.0724867725
2527,52.0962962963
2528,52.1201058201
2529,52.1201058201
2530,52.1367724868
2531,52.1367724868
2532,52.1367724868
2533,52.2010582011
2534,52.3862433862
2535,52.3862433862
2536,52.3862433862
2537,52.4285714286
2538,52.4285714286
2539,52.4285714286
2540,52.4470899471
2541,52.4637566138
2542,52.4875661376
2543,52.5113756614
2544,52.5113756614
2545,52.5113756614
2546,52.528042328
2547,52.5447089947
2548,52.5447089947
2549,52.5685185185
2550,52.6108465608
2551,52.6275132275
2552,52.6275132275
2553,52.6626984127
2554,52.6626984127
2555,52.6793650794
2556,52.6793650794
2557,52.6793650794
2558,52.6793650794
2559,52.7031746032
2560,52.7383597884
2561,52.7383597884
2562,52.7383597884
2563,52.7383597884
2564,52.755026455
2565,52.755026455
2566,52.755026455
2567,52.755026455
2568,52.755026455
2569,52.8026455026
2570,52.8026455026
2571,52.8264550265
2572,52.8264550265
2573,52.8687830688
2574,52.8687830688
2575,52.8873015873
2576,52.8873015873
2577,52.8873015873
2578,52.8873015873
2579,52.9111111111
2580,52.9481481481
2581,52.9481481481
2582,52.9481481481
2583,52.9481481481
2584,52.9666666667
2585,52.9851851852
2586,52.9851851852
2587,53.008994709
2588,53.008994709
2589,53.008994709
2590,53.0732804233
2591,53.0732804233
2592,53.0732804233
2593,53.0899470899
2594,53.1251322751
2595,53.1489417989
2596,53.1489417989
2597,53.1489417989
2598,53.1674603175
2599,53.1674603175
2600,53.185978836
2601,53.2026455026
2602,53.2193121693
2603,53.235978836
2604,53.2597883598
2605,53.2597883598
2606,53.2783068783
2607,53.2783068783
2608,53.2783068783
2609,53.3134920635
2610,53.332010582
2611,53.3505291005
2612,53.3743386243
2613,53.541005291
2614,53.541005291
2615,53.5648148148
2616,53.5833333333
2617,53.630952381
2618,53.6547619048
2619,53.6785714286
2620,53.6785714286
2621,53.7023809524
2622,53.7023809524
2623,53.7208994709
2624,53.7447089947
2625,53.7851851852
2626,53.7851851852
2627,53.7851851852
2628,53.7851851852
2629,53.8256613757
2630,53.8494708995
2631,53.8732804233
2632,53.8917989418
2633,53.8917989418
2634,53.8917989418
2635,53.8917989418
2636,53.9084656085
2637,53.9251322751
2638,53.9489417989
2639,53.9727513228
2640,53.9965608466
2641,53.9965608466
2642,54.0574074074
2643,54.0812169312
2644,54.0812169312
2645,54.0812169312
2646,54.0812169312
2647,54.0997354497
2648,54.1402116402
2649,54.1402116402
2650,54.1568783069
2651,54.1753968254
2652,54.1753968254
2653,54.1753968254
2654,54.2158730159
2655,54.2563492063
2656,54.2563492063
2657,54.2563492063
2658,54.2563492063
2659,54.2801587302
2660,54.2968253968
2661,54.2968253968
2662,54.2968253968
2663,54.3134920635
2664,54.3505291005
2665,54.3505291005
2666,54.3505291005
2667,54.369047619
2668,54.3928571429
2669,54.4351851852
2670,54.4537037037
2671,54.4703703704
2672,54.5108465608
2673,54.5108465608
2674,54.5108465608
2675,54.5108465608
2676,54.5346560847
2677,54.5346560847
2678,54.5346560847
2679,54.5346560847
2680,54.5346560847
2681,54.5346560847
2682,54.7251322751
2683,54.7436507937
2684,54.7436507937
2685,54.7674603175
2686,54.7674603175
2687,54.7912698413
2688,54.7912698413
2689,54.7912698413
2690,54.8335978836
2691,54.8335978836
2692,54.8335978836
2693,54.8502645503
2694,54.8907407407
2695,54.8907407407
2696,54.9074074074
2697,54.9259259259
2698,54.9259259259
2699,54.9497354497
2700,54.9735449735
2701,54.9735449735
2702,54.9902116402
2703,55.0068783069
2704,55.0235449735
2705,55.0235449735
2706,55.0235449735
2707,55.0587301587
2708,55.0753968254
2709,55.0753968254
2710,55.0753968254
2711,55.0753968254
2712,55.0753968254
2713,55.0753968254
2714,55.0753968254
2715,55.0992063492
2716,55.0992063492
2717,55.123015873
2718,55.123015873
2719,55.1396825397
2720,55.1396825397
2721,55.1767195767
2722,55.1952380952
2723,55.2119047619
2724,55.2119047619
2725,55.2357142857
2726,55.2357142857
2727,55.2595238095
2728,55.2595238095
2729,55.2761904762
2730,55.2761904762
2731,55.2761904762
2732,55.3
2733,55.3
2734,55.3185185185
2735,55.3423280423
2736,55.3423280423
2737,55.3661375661
2738,55.3661375661
2739,55.3661375661
2740,55.3661375661
2741,55.3661375661
2742,55.3846560847
2743,55.3846560847
2744,55.4031746032
2745,55.5698412698
2746,55.6174603175
2747,55.6174603175
2748,55.635978836
2749,55.635978836
2750,55.635978836
2751,55.6544973545
2752,55.6544973545
2753,55.6544973545
2754,55.6544973545
2755,55.6711640212
2756,55.6711640212
2757,55.6711640212
2758,55.8378306878
2759,55.8563492063
2760,55.8563492063
2761,55.8563492063
2762,55.873015873
2763,55.873015873
2764,55.873015873
2765,55.873015873
2766,55.873015873
2767,55.873015873
2768,55.8915343915
2769,55.9082010582
2770,55.9248677249
2771,55.9653439153
2772,55.9653439153
2773,55.9653439153
2774,55.9653439153
2775,55.9653439153
2776,56.0058201058
2777,56.0058201058
2778,56.0058201058
2779,56.0058201058
2780,56.0058201058
2781,56.0058201058
2782,56.1962962963
2783,56.1962962963
2784,56.212962963
2785,56.2314814815
2786,56.2314814815
2787,56.2666666667
2788,56.2851851852
2789,56.2851851852
2790,56.3018518519
2791,56.3185185185
2792,56.3608465608
2793,56.3608465608
2794,56.3608465608
2795,56.3775132275
2796,56.3775132275
2797,56.4126984127
2798,56.4126984127
2799,56.5793650794
2800,56.5793650794
2801,56.5793650794
2802,56.6031746032
2803,56.6031746032
2804,56.6031746032
2805,56.6031746032
2806,56.6198412698
2807,56.6198412698
2808,56.6365079365
2809,56.6716931217
2810,56.6716931217
2811,56.6716931217
2812,56.6716931217
2813,56.6716931217
2814,56.6716931217
2815,56.6716931217
2816,56.6955026455
2817,56.7193121693
2818,56.7193121693
2819,56.7193121693
2820,56.7378306878
2821,56.7616402116
2822,56.7801587302
2823,56.7801587302
2824,56.8224867725
2825,56.8576719577
2826,56.8576719577
2827,56.8814814815
2828,56.8814814815
2829,56.8814814815
2830,56.9
2831,56.9
2832,56.9
2833,56.9
2834,56.9423280423
2835,56.9608465608
2836,56.9608465608
2837,56.9608465608
2838,56.9608465608
2839,56.9846560847
2840,57.0013227513
2841,57.0436507937
2842,57.0841269841
2843,57.0841269841
2844,57.1079365079
2845,57.1079365079
2846,57.1264550265
2847,57.1264550265
2848,57.1264550265
2849,57.1431216931
2850,57.1431216931
2851,57.1597883598
2852,57.1597883598
2853,57.2021164021
2854,57.2021164021
2855,57.2425925926
2856,57.2611111111
2857,57.2611111111
2858,57.2849206349
2859,57.2849206349
2860,57.2849206349
2861,57.2849206349
2862,57.2849206349
2863,57.3087301587
2864,57.3325396825
2865,57.3325396825
2866,57.3325396825
2867,57.3563492063
2868,57.3748677249
2869,57.3748677249
2870,57.3933862434
2871,57.3933862434
2872,57.4338624339
2873,57.4338624339
2874,57.4505291005
2875,57.4743386243
2876,57.5166666667
2877,57.5333333333
2878,57.5685185185
2879,57.5923280423
2880,57.608994709
2881,57.608994709
2882,57.608994709
2883,57.6256613757
2884,57.6793650794
2885,57.6978835979
2886,57.6978835979
2887,57.7216931217
2888,57.7216931217
2889,57.7216931217
2890,57.7216931217
2891,57.7402116402
2892,57.7568783069
2893,57.8105820106
2894,57.8272486772
2895,57.8624338624
2896,57.8624338624
2897,57.8624338624
2898,57.8624338624
2899,57.8624338624
2900,57.880952381
2901,57.9047619048
2902,57.9047619048
2903,57.9047619048
2904,57.9047619048
2905,57.9047619048
2906,57.9232804233
2907,57.9470899471
2908,57.9637566138
2909,57.9637566138
2910,58.0060846561
2911,58.0060846561
2912,58.0298941799
2913,58.0650793651
2914,58.0835978836
2915,58.0835978836
2916,58.1074074074
2917,58.1074074074
2918,58.1259259259
2919,58.1259259259
2920,58.1259259259
2921,58.1867724868
2922,58.1867724868
2923,58.1867724868
2924,58.2052910053
2925,58.2052910053
2926,58.2052910053
2927,58.2052910053
2928,58.2291005291
2929,58.2291005291
2930,58.2457671958
2931,58.2642857143
2932,58.2642857143
2933,58.2828042328
2934,58.2828042328
2935,58.3013227513
2936,58.3365079365
2937,58.3788359788
2938,58.3955026455
2939,58.4193121693
2940,58.4378306878
2941,58.4544973545
2942,58.4544973545
2943,58.473015873
2944,58.473015873
2945,58.4896825397
2946,58.6563492063
2947,58.6563492063
2948,58.6748677249
2949,58.6748677249
2950,58.6748677249
2951,58.6986772487
2952,58.7153439153
2953,58.7153439153
2954,58.7391534392
2955,58.9243386243
2956,58.9243386243
2957,58.9481481481
2958,58.9481481481
2959,58.9886243386
2960,59.0071428571
2961,59.0071428571
2962,59.0071428571
2963,59.0071428571
2964,59.0071428571
2965,59.0238095238
2966,59.058994709
2967,59.058994709
2968,59.058994709
2969,59.058994709
2970,59.058994709
2971,59.0775132275
2972,59.1198412698
2973,59.326984127
2974,59.3507936508
2975,59.3746031746
2976,59.4169312169
2977,59.4335978836
2978,59.6240740741
2979,59.6240740741
2980,59.6240740741
2981,59.6478835979
2982,59.6478835979
2983,59.6883597884
2984,59.6883597884
2985,59.6883597884
2986,59.6883597884
2987,59.6883597884
2988,59.705026455
2989,59.7216931217
2990,59.7216931217
2991,59.7402116402
2992,59.764021164
2993,59.764021164
2994,59.7825396825
2995,59.7825396825
2996,59.7825396825
2997,59.7825396825
2998,59.7992063492
2999,59.7992063492
3000,59.8468253968
3001,59.8706349206
3002,59.8873015873
3003,59.8873015873
3004,59.9111111111
3005,59.9111111111
3006,59.9277777778
3007,59.9462962963
3008,59.9648148148
3009,60.0
3010,60.0351851852
3011,60.0351851852
3012,60.0537037037
3013,60.0537037037
3014,60.0537037037
3015,60.0703703704
3016,60.0703703704
3017,60.1126984127
3018,60.1126984127
3019,60.1126984127
3020,60.1365079365
3021,60.1365079365
3022,60.1365079365
3023,60.1365079365
3024,60.155026455
3025,60.155026455
3026,60.155026455
3027,60.1955026455
3028,60.2121693122
3029,60.235978836
3030,60.235978836
3031,60.235978836
3032,60.235978836
3033,60.2544973545
3034,60.2544973545
3035,60.2783068783
3036,60.2783068783
3037,60.2783068783
3038,60.2968253968
3039,60.2968253968
3040,60.2968253968
3041,60.2968253968
3042,60.3153439153
3043,60.3153439153
3044,60.3153439153
3045,60.3153439153
3046,60.3338624339
3047,60.3505291005
3048,60.3671957672
3049,60.3671957672
3050,60.3671957672
3051,60.3857142857
3052,60.4042328042
3053,60.4042328042
3054,60.5894179894
3055,60.6060846561
3056,60.6227513228
3057,60.6227513228
3058,60.6227513228
3059,60.6227513228
3060,60.6227513228
3061,60.6465608466
3062,60.6465608466
3063,60.6465608466
3064,60.6465608466
3065,60.6465608466
3066,60.6465608466
3067,60.6465608466
3068,60.6888888889
3069,60.7074074074
3070,60.7074074074
3071,60.7735449735
3072,60.7973544974
3073,60.7973544974
3074,60.8396825397
3075,60.8563492063
3076,60.873015873
3077,60.8896825397
3078,60.9082010582
3079,60.9082010582
3080,60.9082010582
3081,60.9267195767
3082,60.9267195767
3083,60.9267195767
3084,60.9267195767
3085,60.9267195767
3086,60.9267195767
3087,60.9505291005
3088,60.9505291005
3089,60.9505291005
3090,60.9505291005
3091,60.9857142857
3092,61.0023809524
3093,61.0447089947
3094,61.0685185185
3095,61.0685185185
3096,61.0685185185
3097,61.0685185185
3098,61.0923280423
3099,61.0923280423
3100,61.1108465608
3101,61.1108465608
3102,61.1346560847
3103,61.1531746032
3104,61.1531746032
3105,61.1531746032
3106,61.1698412698
3107,61.1698412698
3108,61.1698412698
3109,61.1865079365
3110,61.1865079365
3111,61.1865079365
3112,61.1865079365
3113,61.2103174603
3114,61.2746031746
3115,61.2746031746
3116,61.3169312169
3117,61.3407407407
3118,61.3407407407
3119,61.3407407407
3120,61.3407407407
3121,61.3830687831
3122,61.4068783069
3123,61.4068783069
3124,61.4473544974
3125,61.4658730159
3126,61.4843915344
3127,61.4843915344
3128,61.5010582011
3129,61.5010582011
3130,61.5195767196
3131,61.5380952381
3132,61.5619047619
3133,61.5619047619
3134,61.5804232804
3135,61.5989417989
3136,61.5989417989
3137,61.5989417989
3138,61.5989417989
3139,61.6341269841
3140,61.6693121693
3141,61.6878306878
3142,61.7063492063
3143,61.7301587302
3144,61.7486772487
3145,61.7486772487
3146,61.7486772487
3147,61.7486772487
3148,61.7486772487
3149,61.7653439153
3150,61.7653439153
3151,61.7653439153
3152,61.782010582
3153,61.782010582
3154,61.8005291005
3155,61.8005291005
3156,61.8005291005
3157,61.819047619
3158,61.819047619
3159,61.819047619
3160,61.819047619
3161,61.878042328
3162,61.9150793651
3163,61.9150793651
3164,61.9150793651
3165,61.9317460317
3166,61.9502645503
3167,61.9669312169
3168,61.9854497354
3169,61.9854497354
3170,61.9854497354
3171,62.0021164021
3172,62.0021164021
3173,62.0187830688
3174,62.0187830688
3175,62.0187830688
3176,62.0187830688
3177,62.0187830688
3178,62.0425925926
3179,62.0849206349
3180,62.0849206349
3181,62.1034391534
3182,62.1201058201
3183,62.1386243386
3184,62.3238095238
3185,62.3476190476
3186,62.3476190476
3187,62.3476190476
3188,62.3476190476
3189,62.3642857143
3190,62.3642857143
3191,62.3642857143
3192,62.3880952381
3193,62.3880952381
3194,62.3880952381
3195,62.4119047619
3196,62.4119047619
3197,62.4304232804
3198,62.4489417989
3199,62.4489417989
3200,62.4489417989
3201,62.4912698413
3202,62.5150793651
3203,62.5150793651
3204,62.5150793651
3205,62.5574074074
3206,62.5740740741
3207,62.5740740741
3208,62.5740740741
3209,62.5740740741
3210,62.5740740741
3211,62.6164021164
3212,62.6349206349
3213,62.6349206349
3214,62.6587301587
3215,62.6825396825
3216,62.6825396825
3217,62.6825396825
3218,62.6825396825
3219,62.6825396825
3220,62.6825396825
3221,62.7248677249
3222,62.7248677249
3223,62.7248677249
3224,62.7248677249
3225,62.7248677249
3226,62.7248677249
3227,62.7248677249
3228,62.7486772487
3229,62.7486772487
3230,62.7653439153
3231,62.7838624339
3232,62.8261904762
3233,62.8261904762
3234,62.8261904762
3235,62.8261904762
3236,62.8261904762
3237,62.85
3238,62.8738095238
3239,62.8923280423
3240,62.9108465608
3241,62.9108465608
3242,62.946031746
3243,62.946031746
3244,62.946031746
3245,63.1126984127
3246,63.155026455
3247,63.155026455
3248,63.1788359788
3249,63.2026455026
3250,63.2026455026
3251,63.2026455026
3252,63.2264550265
3253,63.3931216931
3254,63.4169312169
3255,63.4169312169
3256,63.4354497354
3257,63.4706349206
3258,63.4706349206
3259,63.5296296296
3260,63.5296296296
3261,63.5296296296
3262,63.5481481481
3263,63.571957672
3264,63.571957672
3265,63.571957672
3266,63.5957671958
3267,63.6195767196
3268,63.6547619048
3269,63.6785714286
3270,63.6970899471
3271,63.7137566138
3272,63.7137566138
3273,63.7137566138
3274,63.7137566138
3275,63.7375661376
3276,63.7375661376
3277,63.7613756614
3278,63.7613756614
3279,63.7613756614
3280,63.778042328
3281,63.7965608466
3282,63.7965608466
3283,63.7965608466
3284,63.7965608466
3285,63.8317460317
3286,63.8317460317
3287,63.8978835979
3288,63.9216931217
3289,63.9455026455
3290,63.9455026455
3291,63.9693121693
3292,63.9693121693
3293,63.9878306878
3294,64.0301587302
3295,64.0301587302
3296,64.0724867725
3297,64.091005291
3298,64.091005291
3299,64.1148148148
3300,64.1148148148
3301,64.1314814815
3302,64.1314814815
3303,64.1314814815
3304,64.1481481481
3305,64.1481481481
3306,64.1481481481
3307,64.171957672
3308,64.171957672
3309,64.171957672
3310,64.1904761905
3311,64.1904761905
3312,64.208994709
3313,64.2328042328
3314,64.2328042328
3315,64.2328042328
3316,64.2494708995
3317,64.2917989418
3318,64.3103174603
3319,64.3103174603
3320,64.3288359788
3321,64.3288359788
3322,64.3473544974
3323,64.3473544974
3324,64.3658730159
3325,64.3658730159
3326,64.4082010582
3327,64.4082010582
3328,64.4082010582
3329,64.4486772487
3330,64.4653439153
3331,64.5076719577
3332,64.5076719577
3333,64.5076719577
3334,64.5076719577
3335,64.5314814815
3336,64.5738095238
3337,64.5738095238
3338,64.5738095238
3339,64.5976190476
3340,64.5976190476
3341,64.6214285714
3342,64.6214285714
3343,64.6619047619
3344,64.6804232804
3345,64.6804232804
3346,64.6804232804
3347,64.7227513228
3348,64.7650793651
3349,64.7817460317
3350,64.8002645503
3351,64.8002645503
3352,64.8002645503
3353,64.8002645503
3354,64.8002645503
3355,64.8002645503
3356,64.8002645503
3357,64.8002645503
3358,64.8002645503
3359,64.8002645503
3360,64.8169312169
3361,64.8169312169
3362,64.8592592593
3363,64.8777777778
3364,64.8944444444
3365,64.9349206349
3366,64.9349206349
3367,64.9349206349
3368,64.9349206349
3369,64.9349206349
3370,64.9772486772
3371,64.9772486772
3372,65.0124338624
3373,65.0124338624
3374,65.0124338624
3375,65.1791005291
3376,65.1791005291
3377,65.1976190476
3378,65.2214285714
3379,65.2452380952
3380,65.2619047619
3381,65.2857142857
3382,65.3042328042
3383,65.3042328042
3384,65.3042328042
3385,65.3042328042
3386,65.3042328042
3387,65.3042328042
3388,65.3227513228
3389,65.3227513228
3390,65.3227513228
3391,65.3227513228
3392,65.4894179894
3393,65.5132275132
3394,65.5484126984
3395,65.5484126984
3396,65.5888888889
3397,65.5888888889
3398,65.6055555556
3399,65.6055555556
3400,65.6293650794
3401,65.6531746032
3402,65.676984127
3403,65.7007936508
3404,65.7007936508
3405,65.7174603175
3406,65.7174603175
3407,65.735978836
3408,65.735978836
3409,65.7544973545
3410,65.7711640212
3411,65.7711640212
3412,65.7896825397
3413,65.7896825397
3414,65.7896825397
3415,65.8082010582
3416,65.8486772487
3417,65.8486772487
3418,65.8962962963
3419,65.8962962963
3420,65.912962963
3421,66.0981481481
3422,66.0981481481
3423,66.0981481481
3424,66.1166666667
3425,66.1166666667
3426,66.1404761905
3427,66.1404761905
3428,66.1404761905
3429,66.1404761905
3430,66.1404761905
3431,66.1404761905
3432,66.1404761905
3433,66.1404761905
3434,66.1404761905
3435,66.1642857143
3436,66.1642857143
3437,66.1880952381
3438,66.1880952381
3439,66.2047619048
3440,66.2285714286
3441,66.2285714286
3442,66.2285714286
3443,66.4119047619
3444,66.4357142857
3445,66.4523809524
3446,66.4761904762
3447,66.4761904762
3448,66.4761904762
3449,66.5166666667
3450,66.5166666667
3451,66.5166666667
3452,66.5166666667
3453,66.5166666667
3454,66.5351851852
3455,66.5537037037
3456,66.5722222222
3457,66.5722222222
3458,66.5888888889
3459,66.6126984127
3460,66.6126984127
3461,66.6126984127
3462,66.6126984127
3463,66.6126984127
3464,66.655026455
3465,66.6788359788
3466,66.6788359788
3467,66.6788359788
3468,66.6788359788
3469,66.6955026455
3470,66.6955026455
3471,66.7193121693
3472,66.7378306878
3473,66.7378306878
3474,66.7378306878
3475,66.7378306878
3476,66.7616402116
3477,66.7854497354
3478,66.7854497354
3479,66.7854497354
3480,66.803968254
3481,66.803968254
3482,66.803968254
3483,66.803968254
3484,66.803968254
3485,66.8224867725
3486,66.8391534392
3487,66.8576719577
3488,66.8576719577
3489,66.8761904762
3490,66.8928571429
3491,66.8928571429
3492,66.8928571429
3493,66.9166666667
3494,66.9166666667
3495,66.9333333333
3496,66.9333333333
3497,66.9333333333
3498,66.9333333333
3499,66.9333333333
3500,66.9333333333
3501,66.9333333333
3502,66.95
3503,66.95
3504,66.9685185185
3505,66.987037037
3506,67.0275132275
3507,67.067989418
3508,67.067989418
3509,67.067989418
3510,67.067989418
3511,67.0846560847
3512,67.1084656085
3513,67.1322751323
3514,67.1322751323
3515,67.1322751323
3516,67.1489417989
3517,67.1674603175
3518,67.1674603175
3519,67.1674603175
3520,67.185978836
3521,67.2097883598
3522,67.2097883598
3523,67.2097883598
3524,67.2097883598
3525,67.2468253968
3526,67.2653439153
3527,67.2653439153
3528,67.2653439153
3529,67.2653439153
3530,67.2653439153
3531,67.2653439153
3532,67.2653439153
3533,67.3076719577
3534,67.3076719577
3535,67.3076719577
3536,67.3076719577
3537,67.3243386243
3538,67.3428571429
3539,67.3613756614
3540,67.3613756614
3541,67.3851851852
3542,67.3851851852
3543,67.3851851852
3544,67.3851851852
3545,67.3851851852
3546,67.3851851852
3547,67.3851851852
3548,67.3851851852
3549,67.4256613757
3550,67.4423280423
3551,67.4661375661
3552,67.4661375661
3553,67.4661375661
3554,67.5066137566
3555,67.5066137566
3556,67.5542328042
3557,67.5542328042
3558,67.578042328
3559,67.578042328
3560,67.5965608466
3561,67.6203703704
3562,67.6203703704
3563,67.6203703704
3564,67.6388888889
3565,67.6388888889
3566,67.6574074074
3567,67.6574074074
3568,67.6574074074
3569,67.6812169312
3570,67.6812169312
3571,67.6812169312
3572,67.6812169312
3573,67.705026455
3574,67.7288359788
3575,67.7288359788
3576,67.7288359788
3577,67.7526455026
3578,67.794973545
3579,67.8116402116
3580,67.8592592593
3581,67.8759259259
3582,67.8944444444
3583,67.9182539683
3584,67.9182539683
3585,67.9349206349
3586,67.9349206349
3587,67.9349206349
3588,67.9349206349
3589,67.9349206349
3590,67.9349206349
3591,67.9534391534
3592,67.9534391534
3593,67.971957672
3594,67.9886243386
3595,67.9886243386
3596,67.9886243386
3597,68.0238095238
3598,68.0404761905
3599,68.0571428571
3600,68.0571428571
3601,68.0571428571
3602,68.0571428571
3603,68.0756613757
3604,68.0756613757
3605,68.2423280423
3606,68.2608465608
3607,68.2608465608
3608,68.2846560847
3609,68.3031746032
3610,68.3031746032
3611,68.3031746032
3612,68.3031746032
3613,68.3031746032
3614,68.3031746032
3615,68.3031746032
3616,68.3031746032
3617,68.326984127
3618,68.326984127
3619,68.326984127
3620,68.326984127
3621,68.3455026455
3622,68.3621693122
3623,68.385978836
3624,68.4097883598
3625,68.4097883598
3626,68.4283068783
3627,68.4283068783
3628,68.4283068783
3629,68.4283068783
3630,68.4468253968
3631,68.4468253968
3632,68.6134920635
3633,68.6373015873
3634,68.6777777778
3635,68.7015873016
3636,68.7253968254
3637,68.7253968254
3638,68.8920634921
3639,68.8920634921
3640,68.8920634921
3641,68.8920634921
3642,69.0587301587
3643,69.0587301587
3644,69.0753968254
3645,69.0753968254
3646,69.0992063492
3647,69.0992063492
3648,69.123015873
3649,69.1653439153
3650,69.1653439153
3651,69.1653439153
3652,69.182010582
3653,69.1986772487
3654,69.2224867725
3655,69.2391534392
3656,69.2391534392
3657,69.262962963
3658,69.262962963
3659,69.262962963
3660,69.2796296296
3661,69.2796296296
3662,69.2796296296
3663,69.2796296296
3664,69.3034391534
3665,69.3034391534
3666,69.3034391534
3667,69.3034391534
3668,69.3034391534
3669,69.3272486772
3670,69.3439153439
3671,69.3439153439
3672,69.3605820106
3673,69.3605820106
3674,69.5272486772
3675,69.5624338624
3676,69.580952381
3677,69.580952381
3678,69.580952381
3679,69.580952381
3680,69.5994708995
3681,69.5994708995
3682,69.6232804233
3683,69.6232804233
3684,69.6232804233
3685,69.6603174603
3686,69.6603174603
3687,69.6603174603
3688,69.7079365079
3689,69.7246031746
3690,69.7246031746
3691,69.7246031746
3692,69.7246031746
3693,69.7246031746
3694,69.7669312169
3695,69.7669312169
3696,69.7669312169
3697,69.7669312169
3698,69.7669312169
3699,69.7669312169
3700,69.8074074074
3701,69.8074074074
3702,69.8074074074
3703,69.8074074074
3704,69.8074074074
3705,69.8074074074
3706,69.8074074074
3707,69.8074074074
3708,69.8259259259
3709,69.8497354497
3710,69.8497354497
3711,69.8735449735
3712,69.8735449735
3713,69.8920634921
3714,69.8920634921
3715,69.8920634921
3716,69.9343915344
3717,69.9343915344
3718,69.9582010582
3719,69.9582010582
3720,69.9748677249
3721,69.9986772487
3722,69.9986772487
3723,70.0171957672
3724,70.0357142857
3725,70.0357142857
3726,70.0523809524
3727,70.0523809524
3728,70.0523809524
3729,70.0875661376
3730,70.0875661376
3731,70.0875661376
3732,70.1227513228
3733,70.1227513228
3734,70.1394179894
3735,70.1579365079
3736,70.1984126984
3737,70.2222222222
3738,70.2222222222
3739,70.2222222222
3740,70.246031746
3741,70.2883597884
3742,70.3068783069
3743,70.3068783069
3744,70.3068783069
3745,70.3473544974
3746,70.3473544974
3747,70.3473544974
3748,70.3473544974
3749,70.3711640212
3750,70.3711640212
3751,70.3896825397
3752,70.4082010582
3753,70.4082010582
3754,70.4082010582
3755,70.4082010582
3756,70.4082010582
3757,70.4267195767
3758,70.4452380952
3759,70.4452380952
3760,70.4452380952
3761,70.6119047619
3762,70.6119047619
3763,70.6304232804
3764,70.6304232804
3765,70.6304232804
3766,70.6489417989
3767,70.6489417989
3768,70.6489417989
3769,70.6674603175
3770,70.6841269841
3771,70.6841269841
3772,70.7079365079
3773,70.7079365079
3774,70.7079365079
3775,70.7079365079
3776,70.7079365079
3777,70.7317460317
3778,70.7317460317
3779,70.7502645503
3780,70.7502645503
3781,70.7687830688
3782,70.8092592593
3783,70.8092592593
3784,70.8092592593
3785,70.8277777778
3786,70.8444444444
3787,70.8444444444
3788,70.8444444444
3789,70.8682539683
3790,70.8682539683
3791,70.9272486772
3792,70.9272486772
3793,70.9457671958
3794,70.980952381
3795,71.017989418
3796,71.017989418
3797,71.0365079365
3798,71.0365079365
3799,71.055026455
3800,71.055026455
3801,71.0716931217
3802,71.0716931217
3803,71.0902116402
3804,71.1087301587
3805,71.1510582011
3806,71.1933862434
3807,71.2171957672
3808,71.241005291
3809,71.241005291
3810,71.2761904762
3811,71.3
3812,71.3166666667
3813,71.3333333333
3814,71.5
3815,71.5
3816,71.5
3817,71.5
3818,71.5423280423
3819,71.5661375661
3820,71.5661375661
3821,71.5899470899
3822,71.6137566138
3823,71.6322751323
3824,71.6322751323
3825,71.6322751323
3826,71.6322751323
3827,71.6322751323
3828,71.6322751323
3829,71.6560846561
3830,71.6560846561
3831,71.6560846561
3832,71.6912698413
3833,71.6912698413
3834,71.6912698413
3835,71.7097883598
3836,71.7521164021
3837,71.7521164021
3838,71.7521164021
3839,71.7521164021
3840,71.7521164021
3841,71.7521164021
3842,71.7521164021
3843,71.7706349206
3844,71.7706349206
3845,71.7706349206
3846,71.8058201058
3847,71.8243386243
3848,71.8428571429
3849,71.8666666667
3850,71.8666666667
3851,71.8666666667
3852,71.8666666667
3853,71.8833333333
3854,71.8833333333
3855,71.9071428571
3856,71.9071428571
3857,71.9238095238
3858,71.9238095238
3859,71.9404761905
3860,71.9404761905
3861,71.9404761905
3862,71.9571428571
3863,71.9756613757
3864,71.9994708995
3865,71.9994708995
3866,72.0232804233
3867,72.0232804233
3868,72.0399470899
3869,72.0399470899
3870,72.0637566138
3871,72.0637566138
3872,72.1060846561
3873,72.1060846561
3874,72.1060846561
3875,72.1246031746
3876,72.1431216931
3877,72.1616402116
3878,72.2021164021
3879,72.2021164021
3880,72.2021164021
3881,72.2206349206
3882,72.2206349206
3883,72.2444444444
3884,72.262962963
3885,72.262962963
3886,72.3034391534
3887,72.3439153439
3888,72.3843915344
3889,72.4082010582
3890,72.4082010582
3891,72.4082010582
3892,72.4082010582
3893,72.4248677249
3894,72.4248677249
3895,72.4248677249
3896,72.4600529101
3897,72.4952380952
3898,72.5119047619
3899,72.5119047619
3900,72.5357142857
3901,72.5542328042
3902,72.578042328
3903,72.578042328
3904,72.578042328
3905,72.578042328
3906,72.6018518519
3907,72.6018518519
3908,72.6018518519
3909,72.6185185185
3910,72.6185185185
3911,72.6185185185
3912,72.6423280423
3913,72.6608465608
3914,72.8275132275
3915,72.8275132275
3916,72.846031746
3917,72.846031746
3918,72.846031746
3919,72.8830687831
3920,72.8997354497
3921,72.8997354497
3922,72.8997354497
3923,72.8997354497
3924,72.9182539683
3925,72.9367724868
3926,72.9367724868
3927,72.9367724868
3928,72.9367724868
3929,72.9552910053
3930,72.9957671958
3931,73.0142857143
3932,73.0142857143
3933,73.0142857143
3934,73.0328042328
3935,73.0328042328
3936,73.0566137566
3937,73.0732804233
3938,73.0917989418
3939,73.1322751323
3940,73.1322751323
3941,73.1322751323
3942,73.1560846561
3943,73.3227513228
3944,73.3412698413
3945,73.3412698413
3946,73.3412698413
3947,73.3412698413
3948,73.3412698413
3949,73.3579365079
3950,73.3579365079
3951,73.3579365079
3952,73.3579365079
3953,73.3579365079
3954,73.3579365079
3955,73.3764550265
3956,73.3764550265
3957,73.3764550265
3958,73.4002645503
3959,73.4187830688
3960,73.4611111111
3961,73.4611111111
3962,73.4611111111
3963,73.4611111111
3964,73.4849206349
3965,73.4849206349
3966,73.5087301587
3967,73.5087301587
3968,73.5087301587
3969,73.5253968254
3970,73.5677248677
3971,73.5677248677
3972,73.5677248677
3973,73.5843915344
3974,73.6248677249
3975,73.6415343915
3976,73.6415343915
3977,73.6653439153
3978,73.682010582
3979,73.682010582
3980,73.7058201058
3981,73.7058201058
3982,73.7296296296
3983,73.7481481481
3984,73.7481481481
3985,73.7481481481
3986,73.7666666667
3987,73.7666666667
3988,73.8275132275
3989,73.8275132275
3990,73.8441798942
3991,73.8865079365
3992,73.905026455
3993,73.9455026455
3994,73.9455026455
3995,73.9455026455
3996,73.964021164
3997,74.0063492063
3998,74.0063492063
3999,74.0063492063
4000,74.0063492063
4001,74.0063492063
4002,74.0063492063
4003,74.0063492063
4004,74.0063492063
4005,74.0248677249
4006,74.0248677249
4007,74.0415343915
4008,74.0415343915
4009,74.0415343915
4010,74.0415343915
4011,74.0415343915
4012,74.0600529101
4013,74.0600529101
4014,74.0838624339
4015,74.1005291005
4016,74.1005291005
4017,74.119047619
4018,74.119047619
4019,74.1375661376
4020,74.1375661376
4021,74.1613756614
4022,74.1613756614
4023,74.1965608466
4024,74.1965608466
4025,74.3984126984
4026,74.3984126984
4027,74.4150793651
4028,74.4150793651
4029,74.4317460317
4030,74.4317460317
4031,74.4317460317
4032,74.4317460317
4033,74.4317460317
4034,74.4555555556
4035,74.4555555556
4036,74.5145502646
4037,74.5145502646
4038,74.5145502646
4039,74.5145502646
4040,74.5145502646
4041,74.5145502646
4042,74.5145502646
4043,74.5383597884
4044,74.5383597884
4045,74.5383597884
4046,74.5568783069
4047,74.5806878307
4048,74.5806878307
4049,74.5806878307
4050,74.5992063492
4051,74.5992063492
4052,74.623015873
4053,74.623015873
4054,74.6415343915
4055,74.6600529101
4056,74.6600529101
4057,74.719047619
4058,74.719047619
4059,74.7375661376
4060,74.7613756614
4061,74.7613756614
4062,74.7984126984
4063,74.7984126984
4064,74.7984126984
4065,74.7984126984
4066,74.7984126984
4067,74.7984126984
4068,74.7984126984
4069,74.8150793651
4070,74.8150793651
4071,74.8388888889
4072,74.8388888889
4073,74.8388888889
4074,74.8574074074
4075,74.8574074074
4076,74.8574074074
4077,74.9349206349
4078,74.9349206349
4079,74.971957672
4080,74.971957672
4081,74.9957671958
4082,74.9957671958
4083,74.9957671958
4084,74.9957671958
4085,75.0124338624
4086,75.0124338624
4087,75.0291005291
4088,75.0529100529
4089,75.0529100529
4090,75.0529100529
4091,75.0767195767
4092,75.0767195767
4093,75.0767195767
4094,75.0767195767
4095,75.0767195767
4096,75.1005291005
4097,75.1005291005
4098,75.1171957672
4099,75.141005291
4100,75.1595238095
4101,75.2018518519
4102,75.2203703704
4103,75.2203703704
4104,75.2203703704
4105,75.2441798942
4106,75.2608465608
4107,75.2608465608
4108,75.2608465608
4109,75.2608465608
4110,75.2608465608
4111,75.2793650794
4112,75.2978835979
4113,75.2978835979
4114,75.2978835979
4115,75.2978835979
4116,75.2978835979
4117,75.2978835979
4118,75.2978835979
4119,75.2978835979
4120,75.2978835979
4121,75.2978835979
4122,75.2978835979
4123,75.2978835979
4124,75.2978835979
4125,75.2978835979
4126,75.2978835979
4127,75.3216931217
4128,75.3621693122
4129,75.3621693122
4130,75.385978836
4131,75.4044973545
4132,75.4211640212
4133,75.4211640212
4134,75.6044973545
4135,75.6283068783
4136,75.6283068783
4137,75.6521164021
4138,75.6706349206
4139,75.6891534392
4140,75.6891534392
4141,75.8558201058
4142,75.8558201058
4143,76.0391534392
4144,76.0558201058
4145,76.0558201058
4146,76.0724867725
4147,76.0962962963
4148,76.1314814815
4149,76.1738095238
4150,76.1923280423
4151,76.2108465608
4152,76.246031746
4153,76.2698412698
4154,76.2698412698
4155,76.2698412698
4156,76.2698412698
4157,76.2936507937
4158,76.2936507937
4159,76.2936507937
4160,76.2936507937
4161,76.3174603175
4162,76.3174603175
4163,76.3341269841
4164,76.3507936508
4165,76.3746031746
4166,76.3984126984
4167,76.4169312169
4168,76.4407407407
4169,76.4645502646
4170,76.4645502646
4171,76.4645502646
4172,76.4645502646
4173,76.5015873016
4174,76.5015873016
4175,76.5015873016
4176,76.5201058201
4177,76.5201058201
4178,76.5605820106
4179,76.5605820106
4180,76.5605820106
4181,76.6010582011
4182,76.6177248677
4183,76.6415343915
4184,76.6838624339
4185,76.7023809524
4186,76.7428571429
4187,76.7613756614
4188,76.7851851852
4189,76.808994709
4190,76.808994709
4191,76.808994709
4192,76.8256613757
4193,76.8256613757
4194,76.8494708995
4195,76.8732804233
4196,76.8917989418
4197,76.9341269841
4198,76.9341269841
4199,76.9341269841
4200,76.9341269841
4201,76.9507936508
4202,76.9507936508
4203,76.9507936508
4204,76.9507936508
4205,76.9507936508
4206,77.0150793651
4207,77.0150793651
4208,77.0150793651
4209,77.0150793651
4210,77.0388888889
4211,77.0388888889
4212,77.0555555556
4213,77.0555555556
4214,77.0555555556
4215,77.0555555556
4216,77.0925925926
4217,77.0925925926
4218,77.1164021164
4219,77.1164021164
4220,77.1568783069
4221,77.1735449735
4222,77.1973544974
4223,77.1973544974
4224,77.2325396825
4225,77.2563492063
4226,77.2563492063
4227,77.2563492063
4228,77.273015873
4229,77.2896825397
4230,77.3248677249
4231,77.3486772487
4232,77.3671957672
4233,77.3671957672
4234,77.3671957672
4235,77.3671957672
4236,77.391005291
4237,77.4095238095
4238,77.4518518519
4239,77.487037037
4240,77.487037037
4241,77.487037037
4242,77.5037037037
4243,77.6703703704
4244,77.6703703704
4245,77.6703703704
4246,77.6703703704
4247,77.6888888889
4248,77.7055555556
4249,77.7055555556
4250,77.7240740741
4251,77.7240740741
4252,77.7240740741
4253,77.7240740741
4254,77.7240740741
4255,77.8907407407
4256,77.8907407407
4257,77.8907407407
4258,77.8907407407
4259,77.9259259259
4260,77.9259259259
4261,77.9444444444
4262,77.9814814815
4263,77.9981481481
4264,77.9981481481
4265,77.9981481481
4266,77.9981481481
4267,77.9981481481
4268,77.9981481481
4269,77.9981481481
4270,77.9981481481
4271,77.9981481481
4272,78.0571428571
4273,78.080952381
4274,78.1232804233
4275,78.1232804233
4276,78.1822751323
4277,78.1822751323
4278,78.1989417989
4279,78.1989417989
4280,78.2227513228
4281,78.2394179894
4282,78.2394179894
4283,78.2394179894
4284,78.2560846561
4285,78.2912698413
4286,78.3097883598
4287,78.3502645503
4288,78.3907407407
4289,78.4092592593
4290,78.4277777778
4291,78.4277777778
4292,78.4277777778
4293,78.4277777778
4294,78.4682539683
4295,78.4867724868
4296,78.4867724868
4297,78.4867724868
4298,78.4867724868
4299,78.4867724868
4300,78.4867724868
4301,78.4867724868
4302,78.5105820106
4303,78.5642857143
4304,78.5880952381
4305,78.5880952381
4306,78.6047619048
4307,78.6047619048
4308,78.6047619048
4309,78.6047619048
4310,78.6047619048
4311,78.6047619048
4312,78.6452380952
4313,78.8119047619
4314,78.8304232804
4315,78.8304232804
4316,78.8304232804
4317,78.8489417989
4318,78.8727513228
4319,78.8894179894
4320,78.9060846561
4321,78.9298941799
4322,78.9650793651
4323,78.9650793651
4324,78.9650793651
4325,78.9888888889
4326,79.0074074074
4327,79.0074074074
4328,79.0478835979
4329,79.0478835979
4330,79.0716931217
4331,79.0716931217
4332,79.0716931217
4333,79.0955026455
4334,79.0955026455
4335,79.114021164
4336,79.114021164
4337,79.114021164
4338,79.1306878307
4339,79.1306878307
4340,79.1473544974
4341,79.1658730159
4342,79.1896825397
4343,79.1896825397
4344,79.1896825397
4345,79.1896825397
4346,79.3563492063
4347,79.403968254
4348,79.403968254
4349,79.4224867725
4350,79.4224867725
4351,79.4224867725
4352,79.4224867725
4353,79.4391534392
4354,79.4391534392
4355,79.4391534392
4356,79.4558201058
4357,79.4558201058
4358,79.4981481481
4359,79.5386243386
4360,79.5624338624
4361,79.580952381
4362,79.580952381
4363,79.580952381
4364,79.5994708995
4365,79.6232804233
4366,79.6470899471
4367,79.6470899471
4368,79.6470899471
4369,79.6708994709
4370,79.6708994709
4371,79.6947089947
4372,79.6947089947
4373,79.6947089947
4374,79.6947089947
4375,79.6947089947
4376,79.6947089947
4377,79.6947089947
4378,79.7185185185
4379,79.737037037
4380,79.7555555556
4381,79.7555555556
4382,79.7793650794
4383,79.7978835979
4384,79.7978835979
4385,79.8383597884
4386,79.8383597884
4387,79.8383597884
4388,79.855026455
4389,79.855026455
4390,79.855026455
4391,79.855026455
4392,79.8735449735
4393,79.8920634921
4394,79.8920634921
4395,79.8920634921
4396,79.8920634921
4397,79.9087301587
4398,79.9492063492
4399,79.9492063492
4400,79.9492063492
4401,79.973015873
4402,79.973015873
4403,79.9896825397
4404,79.9896825397
4405,79.9896825397
4406,80.0082010582
4407,80.0433862434
4408,80.0671957672
4409,80.0671957672
4410,80.0671957672
4411,80.0671957672
4412,80.0671957672
4413,80.0671957672
4414,80.0838624339
4415,80.0838624339
4416,80.1208994709
4417,80.1208994709
4418,80.1208994709
4419,80.1208994709
4420,80.2875661376
4421,80.2875661376
4422,80.2875661376
4423,80.3042328042
4424,80.3042328042
4425,80.328042328
4426,80.328042328
4427,80.3447089947
4428,80.5298941799
4429,80.5298941799
4430,80.5537037037
4431,80.5703703704
4432,80.5703703704
4433,80.5703703704
4434,80.5703703704
4435,80.5941798942
4436,80.6126984127
4437,80.6312169312
4438,80.6312169312
4439,80.6312169312
4440,80.6497354497
4441,80.6867724868
4442,80.7052910053
4443,80.7291005291
4444,80.7476190476
4445,80.7476190476
4446,80.7476190476
4447,80.7476190476
4448,80.7476190476
4449,80.7476190476
4450,80.7476190476
4451,80.7476190476
4452,80.7714285714
4453,80.7899470899
4454,80.8066137566
4455,80.8232804233
4456,80.8399470899
4457,80.8399470899
4458,80.8566137566
4459,80.8804232804
4460,80.8970899471
4461,80.8970899471
4462,80.8970899471
4463,80.9632275132
4464,80.9632275132
4465,80.9632275132
4466,80.9632275132
4467,80.9817460317
4468,81.0002645503
4469,81.0002645503
4470,81.0187830688
4471,81.0611111111
4472,81.0611111111
4473,81.2444444444
4474,81.2796296296
4475,81.2796296296
4476,81.2981481481
4477,81.2981481481
4478,81.3166666667
4479,81.3166666667
4480,81.3571428571
4481,81.3571428571
4482,81.380952381
4483,81.380952381
4484,81.3994708995
4485,81.4161375661
4486,81.4346560847
4487,81.4584656085
4488,81.4584656085
4489,81.4584656085
4490,81.4584656085
4491,81.4822751323
4492,81.4822751323
4493,81.4822751323
4494,81.5060846561
4495,81.5246031746
4496,81.5246031746
4497,81.5246031746
4498,81.5484126984
4499,81.5835978836
4500,81.5835978836
4501,81.6002645503
4502,81.6002645503
4503,81.6002645503
4504,81.6169312169
4505,81.6169312169
4506,81.6407407407
4507,81.6830687831
4508,81.6830687831
4509,81.6830687831
4510,81.6830687831
4511,81.6997354497
4512,81.6997354497
4513,81.7349206349
4514,81.7349206349
4515,81.7349206349
4516,81.7587301587
4517,81.7825396825
4518,81.7825396825
4519,81.7825396825
4520,81.7992063492
4521,81.7992063492
4522,81.7992063492
4523,81.7992063492
4524,81.7992063492
4525,81.7992063492
4526,81.8343915344
4527,81.8582010582
4528,81.8582010582
4529,81.8582010582
4530,81.8582010582
4531,81.8748677249
4532,81.8748677249
4533,81.8748677249
4534,81.8748677249
4535,81.8748677249
4536,81.8748677249
4537,81.8933862434
4538,81.9119047619
4539,81.9119047619
4540,81.9304232804
4541,81.9304232804
4542,81.9727513228
4543,81.9894179894
4544,81.9894179894
4545,82.0132275132
4546,82.0132275132
4547,82.0132275132
4548,82.0317460317
4549,82.0317460317
4550,82.0502645503
4551,82.0669312169
4552,82.0669312169
4553,82.103968254
4554,82.1206349206
4555,82.1206349206
4556,82.1391534392
4557,82.1391534392
4558,82.1558201058
4559,82.341005291
4560,82.3595238095
4561,82.3833333333
4562,82.4018518519
4563,82.4018518519
4564,82.4018518519
4565,82.4018518519
4566,82.4256613757
4567,82.4256613757
4568,82.4256613757
4569,82.4256613757
4570,82.4441798942
4571,82.4441798942
4572,82.4608465608
4573,82.4846560847
4574,82.4846560847
4575,82.5031746032
4576,82.5031746032
4577,82.5198412698
4578,82.5383597884
4579,82.5383597884
4580,82.5383597884
4581,82.5568783069
4582,82.5753968254
4583,82.5920634921
4584,82.5920634921
4585,82.6105820106
4586,82.6105820106
4587,82.6291005291
4588,82.6291005291
4589,82.6291005291
4590,82.6291005291
4591,82.6291005291
4592,82.6291005291
4593,82.6767195767
4594,82.6767195767
4595,82.6767195767
4596,82.7428571429
4597,82.7428571429
4598,82.7428571429
4599,82.9333333333
4600,82.9571428571
4601,82.980952381
4602,82.980952381
4603,82.9994708995
4604,82.9994708995
4605,83.0232804233
4606,83.0232804233
4607,83.0232804233
4608,83.0417989418
4609,83.0417989418
4610,83.0417989418
4611,83.0656084656
4612,83.0656084656
4613,83.0656084656
4614,83.0656084656
4615,83.0656084656
4616,83.0656084656
4617,83.0894179894
4618,83.1079365079
4619,83.2931216931
4620,83.3354497354
4621,83.3354497354
4622,83.3354497354
4623,83.353968254
4624,83.353968254
4625,83.353968254
4626,83.3962962963
4627,83.4201058201
4628,83.4201058201
4629,83.4201058201
4630,83.4201058201
4631,83.4386243386
4632,83.4624338624
4633,83.4624338624
4634,83.4624338624
4635,83.4624338624
4636,83.4791005291
4637,83.4957671958
4638,83.4957671958
4639,83.4957671958
4640,83.5362433862
4641,83.5785714286
4642,83.5785714286
4643,83.5785714286
4644,83.5785714286
4645,83.5785714286
4646,83.5785714286
4647,83.619047619
4648,83.619047619
4649,83.619047619
4650,83.619047619
4651,83.619047619
4652,83.6357142857
4653,83.6542328042
4654,83.6727513228
4655,83.6912698413
4656,83.6912698413
4657,83.7079365079
4658,83.7246031746
4659,83.7484126984
4660,83.7888888889
4661,83.7888888889
4662,83.8126984127
4663,83.8126984127
4664,83.8126984127
4665,83.8126984127
4666,83.8293650794
4667,83.846031746
4668,83.846031746
4669,83.846031746
4670,83.8645502646
4671,83.8883597884
4672,83.9068783069
4673,83.9306878307
4674,83.9473544974
4675,83.9473544974
4676,83.9711640212
4677,83.9711640212
4678,84.0301587302
4679,84.0486772487
4680,84.0486772487
4681,84.0486772487
4682,84.0486772487
4683,84.0653439153
4684,84.082010582
4685,84.082010582
4686,84.1058201058
4687,84.1058201058
4688,84.1224867725
4689,84.1462962963
4690,84.1462962963
4691,84.1462962963
4692,84.1462962963
4693,84.1648148148
4694,84.1833333333
4695,84.1833333333
4696,84.35
4697,84.3666666667
4698,84.3666666667
4699,84.3666666667
4700,84.3666666667
4701,84.3666666667
4702,84.3666666667
4703,84.3851851852
4704,84.4037037037
4705,84.4037037037
4706,84.4037037037
4707,84.4037037037
4708,84.4441798942
4709,84.4441798942
4710,84.4441798942
4711,84.4441798942
4712,84.4441798942
4713,84.4441798942
4714,84.4608465608
4715,84.4775132275
4716,84.4775132275
4717,84.4775132275
4718,84.4775132275
4719,84.4775132275
4720,84.4775132275
4721,84.4775132275
4722,84.5126984127
4723,84.5126984127
4724,84.5312169312
4725,84.555026455
4726,84.555026455
4727,84.555026455
4728,84.5716931217
4729,84.5716931217
4730,84.5716931217
4731,84.5883597884
4732,84.6253968254
4733,84.6677248677
4734,84.6677248677
4735,84.6915343915
4736,84.6915343915
4737,84.6915343915
4738,84.7100529101
4739,84.7267195767
4740,84.7452380952
4741,84.7452380952
4742,84.7822751323
4743,84.7822751323
4744,84.8060846561
4745,84.8060846561
4746,84.8060846561
4747,84.8298941799
4748,84.8484126984
4749,84.8669312169
4750,84.8669312169
4751,84.8907407407
4752,84.8907407407
4753,84.9145502646
4754,84.9145502646
4755,84.9145502646
4756,85.0812169312
4757,85.0997354497
4758,85.1164021164
4759,85.1164021164
4760,85.1164021164
4761,85.1701058201
4762,85.1701058201
4763,85.1701058201
4764,85.2052910053
4765,85.2529100529
4766,85.2880952381
4767,85.3232804233
4768,85.3232804233
4769,85.3708994709
4770,85.3875661376
4771,85.428042328
4772,85.428042328
4773,85.428042328
4774,85.4518518519
4775,85.4756613757
4776,85.4756613757
4777,85.4756613757
4778,85.5108465608
4779,85.5293650794
4780,85.5531746032
4781,85.5716931217
4782,85.5716931217
4783,85.5716931217
4784,85.5716931217
4785,85.5716931217
4786,85.5716931217
4787,85.5955026455
4788,85.6306878307
4789,85.6306878307
4790,85.6306878307
4791,85.6473544974
4792,85.7082010582
4793,85.7505291005
4794,85.7505291005
4795,85.769047619
4796,85.769047619
4797,85.7857142857
4798,85.7857142857
4799,85.7857142857
4800,85.7857142857
4801,85.7857142857
4802,85.8042328042
4803,85.8518518519
4804,85.8518518519
4805,85.8518518519
4806,85.8518518519
4807,85.8518518519
4808,85.8518518519
4809,85.8518518519
4810,85.8518518519
4811,85.8756613757
4812,85.8994708995
4813,85.9232804233
4814,85.9232804233
4815,85.9399470899
4816,85.9584656085
4817,85.9584656085
4818,85.9584656085
4819,85.9989417989
4820,86.0341269841
4821,86.0341269841
4822,86.0341269841
4823,86.0341269841
4824,86.0579365079
4825,86.0579365079
4826,86.0817460317
4827,86.0817460317
4828,86.0984126984
4829,86.1150793651
4830,86.1150793651
4831,86.1388888889
4832,86.1626984127
4833,86.1626984127
4834,86.1865079365
4835,86.205026455
4836,86.2455026455
4837,86.2693121693
4838,86.285978836
4839,86.3335978836
4840,86.3521164021
4841,86.3687830688
4842,86.3854497354
4843,86.3854497354
4844,86.403968254
4845,86.403968254
4846,86.4224867725
4847,86.4462962963
4848,86.4462962963
4849,86.4462962963
4850,86.4648148148
4851,86.5071428571
4852,86.530952381
4853,86.530952381
4854,86.530952381
4855,86.5476190476
4856,86.5661375661
4857,86.5846560847
4858,86.6031746032
4859,86.6031746032
4860,86.6216931217
4861,86.6216931217
4862,86.6216931217
4863,86.6216931217
4864,86.6216931217
4865,86.6216931217
4866,86.6216931217
4867,86.6402116402
4868,86.6402116402
4869,86.6402116402
4870,86.6402116402
4871,86.6402116402
4872,86.6402116402
4873,86.6568783069
4874,86.6568783069
4875,86.6568783069
4876,86.6568783069
4877,86.6568783069
4878,86.6568783069
4879,86.6568783069
4880,86.6568783069
4881,86.7044973545
4882,86.7211640212
4883,86.7378306878
4884,86.7378306878
4885,86.7378306878
4886,86.7616402116
4887,86.7616402116
4888,86.7801587302
4889,86.8206349206
4890,86.8206349206
4891,86.8206349206
4892,86.8206349206
4893,86.8206349206
4894,86.8206349206
4895,86.8206349206
4896,86.8391534392
4897,86.8391534392
4898,86.8391534392
4899,86.8814814815
4900,86.8981481481
4901,86.8981481481
4902,86.9386243386
4903,86.9386243386
4904,86.9386243386
4905,86.9386243386
4906,86.9386243386
4907,86.9386243386
4908,86.9386243386
4909,86.9571428571
4910,86.9571428571
4911,86.9571428571
4912,86.9571428571
4913,86.9571428571
4914,86.9756613757
4915,86.9756613757
4916,86.9923280423
4917,87.008994709
4918,87.0494708995
4919,87.1103174603
4920,87.1103174603
4921,87.1103174603
4922,87.1341269841
4923,87.1526455026
4924,87.1526455026
4925,87.1526455026
4926,87.1526455026
4927,87.1526455026
4928,87.1526455026
4929,87.1693121693
4930,87.185978836
4931,87.185978836
4932,87.185978836
4933,87.2044973545
4934,87.2634920635
4935,87.2873015873
4936,87.2873015873
4937,87.3058201058
4938,87.3296296296
4939,87.3296296296
4940,87.3462962963
4941,87.3701058201
4942,87.3939153439
4943,87.3939153439
4944,87.3939153439
4945,87.3939153439
4946,87.3939153439
4947,87.3939153439
4948,87.4105820106
4949,87.4529100529
4950,87.4714285714
4951,87.4714285714
4952,87.4714285714
4953,87.4714285714
4954,87.4714285714
4955,87.4714285714
4956,87.5137566138
4957,87.5304232804
4958,87.5727513228
4959,87.5727513228
4960,87.6079365079
4961,87.6431216931
4962,87.6854497354
4963,87.703968254
4964,87.7206349206
4965,87.7206349206
4966,87.7373015873
4967,87.753968254
4968,87.753968254
4969,87.7962962963
4970,87.8148148148
4971,87.8148148148
4972,87.8333333333
4973,87.8571428571
4974,87.8571428571
4975,87.9161375661
4976,87.9161375661
4977,87.9161375661
4978,87.9161375661
4979,87.9328042328
4980,87.9328042328
4981,87.9732804233
4982,87.9732804233
4983,88.0137566138
4984,88.0137566138
4985,88.0542328042
4986,88.0708994709
4987,88.0708994709
4988,88.0875661376
4989,88.1060846561
4990,88.1246031746
4991,88.1246031746
4992,88.1431216931
4993,88.1669312169
4994,88.2092592593
4995,88.2259259259
4996,88.2444444444
4997,88.262962963
4998,88.262962963
