1,0.288387986859
2,0.387196734805
3,0.477951168931
4,0.568679431095
5,0.658758617417
6,0.736998233177
7,0.812422485129
8,0.888088024261
9,0.96412136582
10,1.03859269533
11,1.11621921059
12,1.19417837814
13,1.27317574548
14,1.34726445255
15,1.41838959523
16,1.49453900581
17,1.57341902736
18,1.65388573898
19,1.72278819668
20,1.81673358526
21,1.89775934079
22,1.98749967015
23,2.06411495323
24,2.12817989378
25,2.19393313344
26,2.23495879325
27,2.27795116983
28,2.32697448533
29,2.38192775638
30,2.45719104781
31,2.52445154998
32,2.58230708619
33,2.6559143277
34,2.74825391877
35,2.82964296937
36,2.89197710313
37,2.9591916115
38,3.02848030025
39,3.07715213318
40,3.10874938499
41,3.18078078973
42,3.22143772309
43,3.27590224304
44,3.31549929852
45,3.36866502565
46,3.42050524101
47,3.49449401577
48,3.55562885775
49,3.60930726114
50,3.66119814147
51,3.71270416385
52,3.77554900457
53,3.85716073543
54,3.92728563857
55,4.02026434211
56,4.09065425308
57,4.1755038932
58,4.22423676977
59,4.25748174835
60,4.30564646075
61,4.38004437557
62,4.49271395071
63,4.55026176186
64,4.61585741254
65,4.66785677799
66,4.69627991673
67,4.75529204595
68,4.79370748538
69,4.82811076065
70,4.8719374624
71,4.93764959385
72,4.98811430032
73,5.01443299323
74,5.07149819365
75,5.15557138367
76,5.19655937357
77,5.23001232155
78,5.28611451489
79,5.32900885711
80,5.37262562365
81,5.41650457115
82,5.42060323279
83,5.48108547062
84,5.52203790487
85,5.55901407041
86,5.62318739126
87,5.67889595615
88,5.74657414917
89,5.82435366367
90,5.89264219604
91,5.96529389744
92,6.00810492244
93,6.06125724069
94,6.13435082086
95,6.18811416124
96,6.25239625251
97,6.30031788886
98,6.35128767069
99,6.40156937636
100,6.47087336465
101,6.51309703425
102,6.56777447358
103,6.6107529964
104,6.63667064478
105,6.69265794013
106,6.74421636419
107,6.79164999716
108,6.83186995406
109,6.87577630124
110,6.93143420494
111,7.00761852963
112,7.06582656858
113,7.1249697624
114,7.18790896917
115,7.23265676264
116,7.27732741664
117,7.32046706434
118,7.36433745876
119,7.39333776243
120,7.43834572524
121,7.49311095653
122,7.60929571453
123,7.66186632135
124,7.71127393879
125,7.71857519139
126,7.76638144156
127,7.80946117343
128,7.83973419374
129,7.88590589883
130,7.92305785802
131,7.97401693805
132,8.02819010746
133,8.08879084353
134,8.14183127848
135,8.20553197617
136,8.25877334313
137,8.30479091869
138,8.34686403974
139,8.40251713803
140,8.44496374269
141,8.48397969695
142,8.52604253424
143,8.54512316579
144,8.59768182557
145,8.64708312395
146,8.68958874065
147,8.7046985801
148,8.75666101947
149,8.81619881515
150,8.85603504358
151,8.77711088421
152,8.69476893793
153,8.74079129083
154,8.78632575919
155,8.82201083605
156,8.87630278657
157,8.93256234465
158,8.97723587166
159,9.01791890816
160,9.06511090734
161,9.19923754601
162,9.27270506326
163,9.31435788106
164,9.36892901843
165,9.41211723803
166,9.44099790474
167,9.46213172674
168,9.51439305599
169,9.55331271269
170,9.59808140492
171,9.63977012336
172,9.7525476449
173,9.85641347084
174,9.8994229542
175,9.93502346773
176,9.97815770326
177,10.0264532392
178,10.1450537298
179,10.2741283968
180,10.3110093686
181,10.3479536757
182,10.3956775257
183,10.4353507754
184,10.4795481277
185,10.373587556
186,10.3863428079
187,10.4302492699
188,10.4677661761
189,10.5208365027
190,10.5540199024
191,10.5928162645
192,10.6178087976
193,10.6479004307
194,10.6890654997
195,10.7339927778
196,10.7752367581
197,10.8177056981
198,10.857818668
199,10.8958797126
200,10.9950249463
201,11.0415696028
202,11.0893696589
203,11.1360892612
204,11.1849671943
205,11.236977152
206,11.2955142034
207,11.3440146323
208,11.3712333388
209,11.4090068815
210,11.4426810418
211,11.4873979674
212,11.560543237
213,11.6011643382
214,11.6370507861
215,11.6761122746
216,11.726838794
217,11.9179442421
218,12.05238331
219,12.1090432455
220,12.1424546476
221,12.1821818689
222,12.2304305112
223,12.2677399301
224,12.3090332993
225,12.3648748982
226,12.3972962276
227,12.0046895215
228,11.8909578812
229,11.9232373902
230,11.9617855373
231,11.9956670399
232,12.0385754032
233,12.0816860284
234,12.1312239165
235,12.185787562
236,12.2290962255
237,12.2681737611
238,12.7439583855
239,12.8029664724
240,12.8432923699
241,12.8854701581
242,12.9243627403
243,12.9860392217
244,13.030066463
245,13.0726770259
246,13.1208113386
247,13.1642004789
248,13.192403124
249,13.2364987813
250,13.3198409822
251,13.371167553
252,13.4237351605
253,13.4713321227
254,13.5112969943
255,13.5423375077
256,13.582932713
257,13.6253998375
258,13.6707205167
259,13.7153489341
260,13.7710364141
261,13.8226498911
262,13.8685007717
263,14.1376965452
264,14.2118477748
265,14.2616710908
266,14.2984616551
267,14.3334681827
268,14.3683358102
269,14.4070625722
270,14.4385982055
271,14.4698559558
272,14.5019191577
273,14.54805591
274,14.5968163654
275,14.6367459758
276,14.6828531409
277,14.7265392262
278,14.7781267873
279,14.8316005835
280,14.8784372271
281,14.9250230217
282,14.9899608103
283,15.0331407066
284,15.0643392387
285,15.1060806752
286,15.1485947732
287,15.1856366776
288,15.2344567071
289,15.2826737325
290,15.3339453172
291,15.3816287893
292,15.417563867
293,15.4501603266
294,15.6917533631
295,15.7448628073
296,15.7822672292
297,15.8474073599
298,15.9028029444
299,15.939868893
300,15.9736556637
301,16.0127007053
302,16.0490960035
303,16.0949906116
304,16.1354133539
305,16.1744944533
306,16.2281573979
307,16.2769937815
308,16.3073414035
309,16.3482387042
310,16.3928530436
311,16.4346252686
312,16.4406817689
313,16.4374582182
314,16.4895426593
315,16.5214358171
316,16.5638378219
317,16.6236666037
318,16.6733249762
319,16.7035376913
320,16.7386884488
321,16.7827481441
322,16.8141209083
323,16.8481121575
324,16.9032514517
325,16.9449882738
326,16.9916584102
327,17.0439696081
328,17.0806978841
329,17.1237244518
330,17.1746489006
331,17.2099669857
332,17.238712335
333,17.2759279569
334,17.3157841416
335,17.3548770758
336,17.3859882611
337,17.4344862883
338,17.4754148882
339,17.5249910135
340,17.563918385
341,17.5978933272
342,17.6343058627
343,17.6609807489
344,17.6993938782
345,17.7553222976
346,17.8095474685
347,17.8507150971
348,17.8747093506
349,17.9027834268
350,17.9497179994
351,17.9915539648
352,18.0265336466
353,18.0546083763
354,18.0934405963
355,18.1398257982
356,18.1727929337
357,16.1292823059
358,15.9604757438
359,15.9926394653
360,16.0175706823
361,16.0515479448
362,16.0927620786
363,16.1324461992
364,16.1802358758
365,16.2203886232
366,16.257135345
367,16.3021411211
368,16.3532393635
369,16.3802289431
370,16.417982588
371,16.4572583521
372,16.5114212804
373,16.5530875552
374,16.5823358295
375,16.6185190244
376,16.6572804194
377,16.6881701938
378,16.7243011489
379,16.7544964207
380,16.7877917832
381,16.8340872341
382,16.8697282973
383,16.8969678341
384,17.0118047351
385,17.1529889463
386,17.1755453896
387,17.2040683304
388,17.2422266143
389,17.2760460234
390,17.3009620347
391,17.3321386335
392,17.3680816352
393,17.3959660312
394,17.4307676603
395,17.4460513514
396,17.4746457601
397,17.5178917147
398,17.5462564332
399,17.5826838591
400,17.6149449832
401,17.6448348676
402,17.674388894
403,17.7064401971
404,17.7321712737
405,17.7773081172
406,17.8161931077
407,17.8416847913
408,17.8782228402
409,17.9055357196
410,17.9248091435
411,17.9605267978
412,17.9963337541
413,18.0319798691
414,18.0746720078
415,18.11242932
416,18.0903863491
417,18.0187125502
418,18.049193016
419,18.0866240431
420,18.1233577579
421,18.1601604947
422,18.1916053535
423,18.2177070769
424,18.2567335315
425,18.2843972309
426,18.3193920893
427,18.3692375873
428,18.4100769258
429,18.4392910105
430,18.4733793442
431,18.507857704
432,18.5509538023
433,18.592093736
434,18.6281657211
435,18.6764053569
436,18.7184250617
437,18.7552783331
438,18.7963743709
439,18.8243558455
440,18.839319754
441,18.8572652937
442,18.8783568
443,18.9041458538
444,18.9401498659
445,18.9789104853
446,19.0249694847
447,19.0728472174
448,19.1085595164
449,19.1536093858
450,19.1748498014
451,19.204776278
452,19.2320801325
453,19.2666283564
454,19.3701074429
455,19.4773140366
456,19.5185221876
457,19.5425693154
458,19.5867771307
459,19.6182128111
460,19.6409645533
461,19.6736526033
462,19.6935524942
463,19.7079360582
464,19.7413134943
465,19.7850122321
466,19.8169652092
467,19.8473133032
468,19.8836462877
469,19.9207621273
470,19.9628457876
471,19.999047969
472,20.0186716324
473,20.0508982431
474,20.0920670782
475,20.1209883502
476,20.1614404013
477,20.1909289556
478,20.2244819316
479,20.2778437303
480,20.3263901333
481,20.3801916712
482,20.4141861651
483,20.434994201
484,20.4537866681
485,20.4783073042
486,20.4994866471
487,20.5278721786
488,20.5564724508
489,20.5891251752
490,20.6194717217
491,20.6593220785
492,20.6807268517
493,20.7046554553
494,20.7362640901
495,20.7679559359
496,20.7935043887
497,20.8201736136
498,20.8587536827
499,20.8804285911
500,20.9109947591
501,20.9608016655
502,20.9893997475
503,21.0187339657
504,21.0392220837
505,21.0810115698
506,21.1135682287
507,21.1420917438
508,21.1731428129
509,21.2060866906
510,21.2600326643
511,21.2862744646
512,21.3041787218
513,21.330408902
514,21.3768938106
515,21.4094097982
516,21.4431625695
517,21.4588329986
518,21.4834568419
519,21.507096111
520,21.5375122628
521,21.5705671216
522,21.6064303293
523,21.6551171696
524,21.6962291627
525,21.7322675278
526,21.7624393181
527,21.7975421964
528,21.8192337831
529,21.8427007729
530,21.866775292
531,21.9035896573
532,21.9278790196
533,21.9500731185
534,21.9784251208
535,22.0024883929
536,22.0322667044
537,22.0661417057
538,22.1076189516
539,22.136757338
540,22.1624118799
541,22.2024189898
542,22.2595914962
543,22.2916293203
544,22.3419031343
545,22.373905902
546,22.4002969874
547,22.4480755322
548,22.5001478698
549,22.529904598
550,22.5585304934
551,22.5888230494
552,22.6223526821
553,22.6726997598
554,22.7120858003
555,22.8933787564
556,23.1097169532
557,23.1421734346
558,23.1576095661
559,23.1695712654
560,23.2102829316
561,23.2546560608
562,23.2957057091
563,23.321936871
564,23.3668817446
565,23.4021407104
566,23.4220880769
567,23.4617616471
568,23.4952717904
569,23.5193188136
570,23.5315866852
571,23.5553833808
572,23.5916442729
573,23.6229601195
574,23.6591348581
575,23.6905336036
576,23.7378738627
577,23.7765862555
578,23.8104358413
579,23.8475688473
580,23.8743144606
581,23.8919061643
582,23.9199881793
583,23.9485580492
584,24.0003179861
585,24.0379784192
586,24.0736256164
587,24.1101453328
588,24.1473475039
589,24.1637052168
590,24.1814489937
591,24.2051893407
592,24.2482449418
593,24.2880506792
594,24.321161734
595,24.3552588972
596,24.4019409547
597,24.4295379097
598,24.4737456733
599,24.5151455331
600,24.5403529212
601,24.5678827689
602,24.5919483828
603,24.6181187346
604,24.6358214968
605,24.6588364591
606,24.7114122571
607,24.7387999978
608,24.7581902841
609,24.7700868812
610,24.7923171615
611,24.8292384737
612,24.8611925483
613,24.8893135581
614,24.9162055613
615,24.9442845897
616,24.9723518116
617,24.9943564079
618,25.0318831538
619,25.0682973182
620,25.0923291167
621,25.1113599395
622,25.1344138951
623,25.1736858771
624,25.1992702687
625,25.2319542816
626,25.2579471596
627,25.2837232703
628,25.3186482309
629,25.3523084891
630,25.3746202943
631,25.402028906
632,25.4381974315
633,25.4613218163
634,25.4842545093
635,25.5055753694
636,25.5259499333
637,25.5545857283
638,25.58573947
639,25.6058622666
640,25.6303305466
641,25.6580434377
642,25.6832529103
643,25.714966376
644,25.7417307884
645,25.7680674264
646,25.7983669823
647,25.8306119504
648,25.8825030883
649,25.9287688087
650,25.9676568365
651,26.0132858071
652,26.0404092183
653,26.0972417927
654,26.1478224181
655,26.1655328406
656,26.2000625594
657,26.2392629623
658,26.2616154148
659,26.2859136659
660,26.314329424
661,26.349534323
662,26.3789008463
663,26.4033296433
664,26.4232245095
665,26.4420200359
666,26.4797059046
667,26.5036262021
668,26.535520774
669,26.5641661755
670,26.6029449249
671,26.636234776
672,26.6798646109
673,26.707301487
674,26.7379395899
675,26.755078354
676,26.7811721151
677,26.8129035478
678,26.8434551889
679,26.8713073313
680,26.9084361043
681,26.9414292849
682,26.9800181894
683,27.015429981
684,27.0464415589
685,27.1014442829
686,27.1374800192
687,27.1660022171
688,27.1945361591
689,27.2227989046
690,27.2466677203
691,27.265598585
692,27.3017880132
693,27.3574446018
694,27.4103416275
695,27.4453026312
696,27.4807561441
697,27.5301956005
698,27.5545990337
699,27.57885974
700,27.6095036735
701,27.6451257663
702,27.6668120218
703,27.6900978351
704,27.7098613873
705,27.7398083926
706,27.7788853635
707,27.815424055
708,27.8427420072
709,27.8637262348
710,27.8948832092
711,27.9158531974
712,27.9575396013
713,28.0015930386
714,25.6271241735
715,24.9337539491
716,24.9519234102
717,24.970635639
718,25.0018068998
719,25.0403988293
720,25.0637022411
721,25.120412815
722,25.1452167366
723,25.1697459589
724,25.1992439223
725,25.213446793
726,25.237155623
727,25.2558647733
728,25.2749567892
729,25.2976051296
730,25.3272468086
731,25.3512398938
732,25.3615884777
733,25.394017198
734,25.4219536382
735,25.4594740039
736,25.4825766567
737,25.5011609247
738,25.5232363249
739,25.5484261627
740,25.5667953797
741,25.6062814748
742,25.6447952571
743,25.6551959391
744,25.6698473553
745,25.6992188623
746,25.7287877572
747,25.7524201812
748,25.7727573982
749,25.7883934691
750,25.8239051312
751,25.8429343926
752,25.8842888326
753,25.9436123369
754,25.9559197828
755,25.9702171684
756,25.987374867
757,26.0122701135
758,26.0370498526
759,26.0694108453
760,26.08729945
761,26.11393483
762,26.1462663747
763,26.1552206231
764,26.1998367685
765,26.2420096228
766,26.2613688158
767,26.2869792276
768,26.3205119269
769,26.3502664806
770,26.3825889987
771,26.4371203523
772,26.4624580429
773,26.486273883
774,26.5003370638
775,26.5117749723
776,26.5359906586
777,26.5550628103
778,26.5856612981
779,26.6217665864
780,26.6466362854
781,26.6785861207
782,26.7090419794
783,26.7374690336
784,26.7643151185
785,26.7900822983
786,26.8119464643
787,26.8558761262
788,26.8874073099
789,26.9069855518
790,26.9234266642
791,26.9555382963
792,26.9765556308
793,26.9895815573
794,27.0195150834
795,27.0400838724
796,27.0561023909
797,27.0944873488
798,27.1311137578
799,27.1493054789
800,27.1751224724
801,27.2057465913
802,27.2319258201
803,27.2466141506
804,27.2635422552
805,27.2787710134
806,27.3119918621
807,27.3409300074
808,27.3785890878
809,27.399007238
810,27.428010506
811,27.4518989213
812,27.4975015184
813,27.5361690877
814,27.564314812
815,27.6041413002
816,27.6378452407
817,27.6572232391
818,27.7029733129
819,27.7446298943
820,27.7651835275
821,27.7996273312
822,27.8236165717
823,27.8542306331
824,27.8802615911
825,27.8996320674
826,27.9308823947
827,27.9477991324
828,27.9555158133
829,27.9915662454
830,28.0208169238
831,28.0466499368
832,28.0597824276
833,28.0320752532
834,28.0472848584
835,28.0815923592
836,28.1211115002
837,28.1423813414
838,28.1608998599
839,28.1771697012
840,28.1921697012
841,28.2284235917
842,28.2512212107
843,28.2668825864
844,28.2813402583
845,28.3353100685
846,28.370192577
847,28.4089842048
848,28.4370000778
849,28.4625618581
850,28.4859628852
851,28.5005131497
852,28.5261784158
853,28.5507815904
854,28.5850073918
855,28.6084574385
856,28.6278225179
857,28.655673047
858,28.6768502957
859,28.691215375
860,28.7124805478
861,28.7496868192
862,28.778015484
863,28.8264608621
864,28.84857493
865,28.871660831
866,28.8827851696
867,28.9037243231
868,28.9255364924
869,28.9422560691
870,28.9752937286
871,28.9983181606
872,29.0381193589
873,29.0696358543
874,29.1083675692
875,29.1422580143
876,29.1855734516
877,29.2248257081
878,29.2526579521
879,29.2905473856
880,29.3055318238
881,29.3170374261
882,29.3498875661
883,29.3740845783
884,29.3930038126
885,29.4222319483
886,29.4439733115
887,29.4762352163
888,29.4947008248
889,29.5241032524
890,29.5501279956
891,29.567971911
892,29.5946716464
893,29.6274957205
894,29.6479322284
895,29.6878941021
896,29.7145070806
897,29.7300933707
898,29.7481154684
899,29.7768697479
900,29.7991316527
901,29.8146078431
902,29.8146078431
903,29.8400046685
904,29.8666581077
905,29.8921872082
906,29.9145611578
907,29.9333286648
908,29.9467545907
909,29.9706963897
910,30.0124945534
911,30.0462795674
912,30.0738099129
913,30.0882411298
914,30.0998019763
915,30.1373085901
916,30.1700995954
917,30.1854170557
918,30.2010255213
919,30.2196164021
920,30.2354271709
921,30.2559803922
922,30.2805174292
923,30.3159889511
924,30.3281932773
925,30.3492226891
926,30.381922658
927,30.4041798942
928,30.4081481481
929,30.4271362434
930,30.4543981481
931,30.4760780423
932,30.4912962963
933,30.5063359788
934,30.5236904762
935,30.5518650794
936,30.5652645503
937,30.5859344849
938,30.6249813259
939,30.6557236228
940,30.6740631808
941,30.6997416744
942,30.7307337379
943,30.7606676004
944,30.7921988796
945,30.8202917834
946,30.837368503
947,30.8528446934
948,30.8944782913
949,30.9155761749
950,30.9583485061
951,30.9889561936
952,31.0065176626
953,31.0153271864
954,31.0331049642
955,31.04887216
956,31.0850688609
957,31.1076917989
958,31.1374797697
959,31.1961788049
960,31.2187581699
961,31.2420074697
962,31.2596747588
963,31.287412854
964,31.3207391846
965,31.3453400249
966,31.3644382197
967,31.3915608466
968,31.405026455
969,31.431031746
970,31.4674537037
971,31.4970829443
972,31.5135356365
973,31.5257049486
974,31.5480660598
975,31.5799311391
976,31.6093997043
977,31.6250276222
978,31.6427563803
979,31.6837811236
980,31.7171319639
981,31.7584391534
982,31.8085111267
983,31.8405255991
984,31.871197868
985,31.8945685496
986,31.9274782135
987,31.9425108932
988,31.9689635854
989,32.0032158419
990,32.0257002801
991,32.0377108621
992,32.0618841425
993,32.0674085745
994,32.0923245409
995,32.1295467631
996,32.1448642235
997,32.1524832711
998,32.1699171335
999,32.249022432
1000,32.5543672445
1001,32.5873595718
1002,32.6159586057
1003,32.622528654
1004,32.6503111679
1005,32.6520502984
1006,32.6715591551
1007,32.6809311357
1008,32.7083271763
1009,32.7398427584
1010,32.7661305295
1011,32.8131509899
1012,32.8222785829
1013,32.8449460074
1014,32.8606569101
1015,32.8763810742
1016,32.8894056077
1017,32.9165250545
1018,32.947772568
1019,32.979141328
1020,32.9928611348
1021,33.0127294686
1022,33.0480591077
1023,33.0810140191
1024,33.0877773042
1025,33.1003376906
1026,33.1184962584
1027,33.1444534432
1028,33.1658544094
1029,33.2123519939
1030,33.2550781472
1031,33.2765596287
1032,33.2898043952
1033,33.3039750876
1034,33.3495751634
1035,33.3834744719
1036,33.4266946102
1037,33.4669219475
1038,33.4888457895
1039,33.4936767074
1040,33.5071227621
1041,33.5369778346
1042,33.5671360235
1043,33.5989064128
1044,33.6134285308
1045,33.6203850526
1046,33.6462219381
1047,33.7005740267
1048,33.7292156863
1049,33.7498598087
1050,33.7775651227
1051,33.8027683054
1052,33.8310206498
1053,33.8542734678
1054,33.8744989107
1055,33.8963502889
1056,33.9265084778
1057,33.9548337596
1058,33.9844231316
1059,34.0004182059
1060,34.0262977172
1061,34.0553116416
1062,34.0801103533
1063,34.1096670456
1064,34.1389821919
1065,34.168560197
1066,34.1760907455
1067,34.1785062044
1068,34.1922364308
1069,34.2194127119
1070,34.2387363834
1071,34.2761807332
1072,34.3188045846
1073,34.3495637965
1074,34.3722927915
1075,34.3988599981
1076,34.4443047267
1077,34.46987307
1078,34.4978999716
1079,34.522982855
1080,34.5697267216
1081,34.5879335986
1082,34.6164038079
1083,34.6338434214
1084,34.6453732121
1085,34.6634138486
1086,34.683550251
1087,34.68596571
1088,34.6999753718
1089,34.7157644217
1090,34.7405470304
1091,34.766332765
1092,34.7918561144
1093,34.8415065833
1094,34.875741688
1095,34.9226489533
1096,34.9600582552
1097,34.9848380222
1098,34.9989926115
1099,35.0246012125
1100,35.0506071801
1101,35.0814279625
1102,35.101937577
1103,35.1106815383
1104,35.1409145591
1105,35.1608634082
1106,35.1674334565
1107,35.1938206877
1108,35.2328971299
1109,35.2477763569
1110,35.2509969688
1111,35.273339964
1112,35.3023093682
1113,35.3105702378
1114,35.3459325566
1115,35.3735327271
1116,35.3928052477
1117,35.4116619305
1118,35.4500724638
1119,35.4581239936
1120,35.4635185185
1121,35.4968594298
1122,35.5112527233
1123,35.5385095197
1124,35.5614184901
1125,35.5983750118
1126,35.620033627
1127,35.6413540779
1128,35.6753552145
1129,35.71855404
1130,35.7457729469
1131,35.7801198257
1132,35.8243274605
1133,35.8461139528
1134,35.8801633987
1135,35.905123141
1136,35.9274362982
1137,35.9596206309
1138,35.9990968078
1139,36.0525689116
1140,36.0661598939
1141,36.0923273657
1142,36.1185753528
1143,36.1230842095
1144,36.1678128256
1145,36.1983385431
1146,36.2263408165
1147,36.2572577437
1148,36.2747456664
1149,36.2923595718
1150,36.3262233589
1151,36.3573477314
1152,36.3789258312
1153,36.3902784882
1154,36.402935493
1155,36.4282495027
1156,36.4618745856
1157,36.4911092166
1158,36.5200947239
1159,36.5431220991
1160,36.566890215
1161,36.5986852325
1162,36.6299914749
1163,36.6532651321
1164,36.6833447002
1165,36.714946481
1166,36.7612342522
1167,36.767675476
1168,36.7872567964
1169,36.8034886805
1170,36.8297631903
1171,36.8568480629
1172,36.8944482334
1173,36.9021454959
1174,36.9261390547
1175,36.9485223075
1176,36.9688926778
1177,36.9818395377
1178,36.9951378232
1179,37.0497953964
1180,37.077441508
1181,37.0914000189
1182,37.1260234915
1183,37.1653812636
1184,37.1929468599
1185,37.2155555556
1186,37.2521417069
1187,37.2772383253
1188,37.304589372
1189,37.3373714123
1190,37.3499772663
1191,37.3664990054
1192,37.3936004547
1193,37.3998001326
1194,37.4046310505
1195,37.4283025481
1196,37.4407663162
1197,37.4691337501
1198,37.5007194279
1199,37.5344600739
1200,37.5513682864
1201,37.5759254523
1202,37.6007241641
1203,37.6387719049
1204,37.664048025
1205,37.6821071327
1206,37.7066879795
1207,37.7494870702
1208,37.7812262006
1209,37.8043179881
1210,37.8125788576
1211,37.8425381264
1212,37.8773785166
1213,37.9065544189
1214,37.925781472
1215,37.9571663351
1216,37.9808539358
1217,38.0254433078
1218,38.0400809889
1219,38.0743937672
1220,38.1071388652
1221,38.1137089135
1222,38.1384673676
1223,38.1642564175
1224,38.1902841716
1225,38.2343658236
1226,38.2775537558
1227,38.3095798996
1228,38.3282215592
1229,38.3515008999
1230,38.3868329071
1231,38.415321114
1232,38.4305489249
1233,38.4582646585
1234,38.4772927915
1235,38.4901752392
1236,38.5137766411
1237,38.5290953869
1238,38.5629946955
1239,38.5891460642
1240,38.6021705977
1241,38.648627451
1242,38.6614776925
1243,38.6678545041
1244,38.6843762433
1245,38.6979994317
1246,38.7255782893
1247,38.7642441034
1248,38.7836160841
1249,38.3587970744
1250,36.4088518519
1251,36.4258888889
1252,36.4407037037
1253,36.454037037
1254,36.4614444444
1255,36.4878888889
1256,36.5302222222
1257,36.5518888889
1258,36.5896666667
1259,36.6295185185
1260,36.6512222222
1261,36.6615925926
1262,36.6888518519
1263,36.6932962963
1264,36.6986296296
1265,36.717962963
1266,36.7524074074
1267,36.7557407407
1268,36.7665555556
1269,36.801962963
1270,36.8243333333
1271,36.8594814815
1272,36.8758518519
1273,36.8791851852
1274,36.8885185185
1275,36.9245925926
1276,36.9459259259
1277,36.956
1278,36.9646666667
1279,36.9828888889
1280,37.0054074074
1281,37.0318148148
1282,37.0424814815
1283,37.0641111111
1284,37.0718888889
1285,37.1012962963
1286,37.1106296296
1287,37.1256666667
1288,37.1729259259
1289,37.2229259259
1290,37.2442962963
1291,37.2607407407
1292,37.2681481481
1293,37.2854814815
1294,37.3181481481
1295,37.3485185185
1296,37.3743333333
1297,37.3978148148
1298,37.4278148148
1299,37.4361481481
1300,37.4596296296
1301,37.4748888889
1302,37.5176666667
1303,37.5422592593
1304,37.579
1305,37.5938888889
1306,37.6005555556
1307,37.6172222222
1308,37.6438888889
1309,37.6525555556
1310,37.6757037037
1311,37.6985185185
1312,37.7165925926
1313,37.7571111111
1314,37.7787407407
1315,37.8242592593
1316,37.8567037037
1317,37.8872962963
1318,37.9132222222
1319,37.9202592593
1320,37.9369259259
1321,37.9621111111
1322,37.9865555556
1323,38.003
1324,38.0093703704
1325,38.0480740741
1326,38.0717777778
1327,38.0988888889
1328,38.1307037037
1329,38.1604074074
1330,38.1757407407
1331,38.1757407407
1332,38.1914814815
1333,38.2212592593
1334,38.2643703704
1335,38.2928518519
1336,38.334037037
1337,38.3697407407
1338,38.3875185185
1339,38.3941851852
1340,38.4061851852
1341,38.4088518519
1342,38.4446666667
1343,38.4763333333
1344,38.4837407407
1345,38.5023333333
1346,38.5295185185
1347,38.5498888889
1348,38.5498888889
1349,38.5863703704
1350,38.605037037
1351,38.6254814815
1352,38.6454814815
1353,38.6454814815
1354,38.6488148148
1355,38.6946296296
1356,38.7190740741
1357,38.7548518519
1358,38.7581851852
1359,38.7581851852
1360,38.8050740741
1361,38.813962963
1362,38.8213703704
1363,38.8350740741
1364,38.8706296296
1365,38.875962963
1366,38.8967037037
1367,38.9127037037
1368,38.9247037037
1369,38.9451481481
1370,38.9695185185
1371,38.9988518519
1372,39.0081851852
1373,39.0248518519
1374,39.0322592593
1375,39.0576296296
1376,39.0746666667
1377,39.0967407407
1378,39.1094074074
1379,39.1514814815
1380,39.2002222222
1381,39.2382592593
1382,39.2743703704
1383,39.2817777778
1384,39.2951111111
1385,39.2951111111
1386,39.3215555556
1387,39.3686666667
1388,39.389037037
1389,39.399037037
1390,39.4203703704
1391,39.4487037037
1392,39.4624814815
1393,39.4806296296
1394,39.5141481481
1395,39.5141481481
1396,39.547962963
1397,39.5787037037
1398,39.6064814815
1399,39.6242592593
1400,39.6390740741
1401,39.6755185185
1402,39.6868518519
1403,39.7192962963
1404,39.7597407407
1405,39.7791851852
1406,39.8045185185
1407,39.8347407407
1408,39.8577777778
1409,39.8833333333
1410,39.8866666667
1411,39.9051851852
1412,39.9348518519
1413,39.9591851852
1414,39.9645185185
1415,40.0124074074
1416,40.035962963
1417,40.043
1418,40.0504074074
1419,40.0624444444
1420,40.0624444444
1421,40.0868888889
1422,40.1033703704
1423,40.1621111111
1424,40.1695185185
1425,40.1798888889
1426,40.2115555556
1427,40.2294074074
1428,40.2752962963
1429,40.3082222222
1430,40.3494074074
1431,40.3808888889
1432,40.4087407407
1433,40.4294074074
1434,40.4461481481
1435,40.4702222222
1436,40.4735555556
1437,40.5094814815
1438,40.5248888889
1439,40.5445925926
1440,40.5707407407
1441,40.6113333333
1442,40.6211111111
1443,40.6433333333
1444,40.6624444444
1445,40.6848888889
1446,40.704962963
1447,40.7277037037
1448,40.7467407407
1449,40.7884814815
1450,40.8077407407
1451,40.8443703704
1452,40.8641481481
1453,40.8882222222
1454,40.9073333333
1455,40.9242222222
1456,40.9445925926
1457,40.9697777778
1458,40.9817777778
1459,41.019962963
1460,41.0609259259
1461,41.068037037
1462,41.0769259259
1463,41.0879259259
1464,41.1006666667
1465,41.1371111111
1466,41.1468148148
1467,41.1838888889
1468,41.2072222222
1469,41.2205555556
1470,41.2521851852
1471,41.2704074074
1472,41.2996666667
1473,41.3131481481
1474,41.338037037
1475,41.3547777778
1476,41.3581111111
1477,41.3718888889
1478,41.3883333333
1479,41.3927777778
1480,41.4274074074
1481,41.4445185185
1482,41.4851111111
1483,41.5323703704
1484,41.578962963
1485,41.5922962963
1486,41.6124444444
1487,41.6235555556
1488,41.630962963
1489,41.6472592593
1490,41.6628148148
1491,41.6937777778
1492,41.7425555556
1493,41.7767777778
1494,41.7904444444
1495,41.8335555556
1496,41.8436296296
1497,41.8462962963
1498,41.856962963
1499,41.8596296296
1500,41.8855555556
1501,41.9140740741
1502,41.9388888889
1503,41.9492592593
1504,41.9662592593
1505,41.9778148148
1506,41.9996666667
1507,42.0107777778
1508,42.0241111111
1509,42.0474444444
1510,42.0554444444
1511,42.0607777778
1512,42.0787777778
1513,42.1021851852
1514,42.1075185185
1515,42.122037037
1516,42.1503703704
1517,42.1808888889
1518,42.2183703704
1519,42.2237037037
1520,42.2347037037
1521,42.248037037
1522,42.2828518519
1523,42.2998888889
1524,42.3194444444
1525,42.3407777778
1526,42.3712962963
1527,42.3847037037
1528,42.423962963
1529,42.4484074074
1530,42.4921111111
1531,42.5002592593
1532,42.5172962963
1533,42.5469259259
1534,42.5684814815
1535,42.5864814815
1536,42.6122592593
1537,42.6374444444
1538,42.6680740741
1539,42.726
1540,42.7487407407
1541,42.7700740741
1542,42.7797777778
1543,42.7975555556
1544,42.815962963
1545,42.8392962963
1546,42.8561851852
1547,42.8676666667
1548,42.8981111111
1549,42.9372222222
1550,42.9629259259
1551,42.9823703704
1552,43.0001481481
1553,43.0088148148
1554,43.0318518519
1555,43.067
1556,43.0886296296
1557,43.1347037037
1558,43.1571481481
1559,43.1571481481
1560,43.1716666667
1561,43.2110740741
1562,43.2144074074
1563,43.2307037037
1564,43.2538148148
1565,43.2809259259
1566,43.3055185185
1567,43.3298148148
1568,43.3402592593
1569,43.3782222222
1570,43.3895555556
1571,43.4201111111
1572,43.4318148148
1573,43.457
1574,43.4749259259
1575,43.5057407407
1576,43.5227777778
1577,43.5375925926
1578,43.5533333333
1579,43.5724814815
1580,43.6057407407
1581,43.6150740741
1582,43.6228518519
1583,43.6344074074
1584,43.6634444444
1585,43.6775925926
1586,43.6924814815
1587,43.7178148148
1588,43.7411481481
1589,43.7411481481
1590,43.7544814815
1591,43.7828148148
1592,43.7888148148
1593,43.7941481481
1594,43.8175555556
1595,43.8255555556
1596,43.8319259259
1597,43.838962963
1598,43.8522962963
1599,43.8750740741
1600,43.8861851852
1601,43.8935925926
1602,43.9147037037
1603,43.9267407407
1604,43.953037037
1605,43.9708148148
1606,43.9948148148
1607,44.0088148148
1608,44.0181481481
1609,44.0381481481
1610,44.0642222222
1611,44.0906666667
1612,44.0997037037
1613,44.1373333333
1614,44.1517777778
1615,44.1692592593
1616,44.1857037037
1617,44.202037037
1618,44.2438888889
1619,44.2612222222
1620,44.2725555556
1621,44.2936296296
1622,44.298962963
1623,44.3042962963
1624,44.3415185185
1625,44.3485555556
1626,44.3568888889
1627,44.3655555556
1628,44.3903333333
1629,44.4206296296
1630,44.4453703704
1631,44.4593703704
1632,44.4877037037
1633,44.506037037
1634,44.5273703704
1635,44.5495925926
1636,44.5751481481
1637,44.5855185185
1638,44.5955925926
1639,44.612037037
1640,44.620037037
1641,44.6354444444
1642,44.6501111111
1643,44.6778888889
1644,44.6993703704
1645,44.706037037
1646,44.7247037037
1647,44.7473703704
1648,44.7675185185
1649,44.7992222222
1650,44.8152222222
1651,44.8383703704
1652,44.8560740741
1653,44.8806666667
1654,44.8877777778
1655,44.9086666667
1656,44.9436296296
1657,44.957037037
1658,44.9637037037
1659,44.9938518519
1660,45.0166666667
1661,45.022
1662,45.0433333333
1663,45.0614074074
1664,45.0707407407
1665,45.0894814815
1666,47.6039506173
1667,50.7796296296
1668,50.7888888889
1669,50.8444444444
1670,50.8537037037
1671,50.8537037037
1672,50.862962963
1673,50.9
1674,50.9277777778
1675,50.937037037
1676,50.9648148148
1677,50.9648148148
1678,50.9648148148
1679,50.9648148148
1680,50.9648148148
1681,50.9648148148
1682,50.9648148148
1683,51.0560185185
1684,51.0768518519
1685,51.0953703704
1686,51.1162037037
1687,51.1439814815
1688,51.1717592593
1689,51.1810185185
1690,51.1902777778
1691,51.1902777778
1692,51.2087962963
1693,51.2273148148
1694,51.2976851852
1695,51.3439814815
1696,51.3532407407
1697,51.3532407407
1698,51.3717592593
1699,51.4180555556
1700,51.4365740741
1701,51.4643518519
1702,51.4851851852
1703,51.5648148148
1704,51.5740740741
1705,51.5740740741
1706,51.6018518519
1707,51.6111111111
1708,51.6111111111
1709,51.6652777778
1710,51.6652777778
1711,51.6861111111
1712,51.6861111111
1713,51.6953703704
1714,51.7657407407
1715,51.8027777778
1716,51.8212962963
1717,51.8421296296
1718,51.8814814815
1719,51.8814814815
1720,51.9277777778
1721,51.9555555556
1722,51.9648148148
1723,51.9925925926
1724,51.9925925926
1725,52.0388888889
1726,52.0574074074
1727,52.0759259259
1728,52.0759259259
1729,52.1037037037
1730,52.1407407407
1731,52.1407407407
1732,52.1800925926
1733,52.2078703704
1734,52.2287037037
1735,52.2287037037
1736,52.2657407407
1737,52.2657407407
1738,52.2657407407
1739,52.275
1740,52.3027777778
1741,52.3212962963
1742,52.3731481481
1743,52.3916666667
1744,52.437962963
1745,52.437962963
1746,52.437962963
1747,52.4712962963
1748,52.4712962963
1749,52.4712962963
1750,52.4805555556
1751,52.5175925926
1752,52.5453703704
1753,52.5546296296
1754,52.6009259259
1755,52.6009259259
1756,52.6009259259
1757,52.6472222222
1758,52.6958333333
1759,52.7722222222
1760,52.7722222222
1761,52.8425925926
1762,52.8796296296
1763,52.9074074074
1764,52.9592592593
1765,53.0296296296
1766,53.0574074074
1767,53.0574074074
1768,53.0851851852
1769,53.112962963
1770,53.1222222222
1771,53.1592592593
1772,53.1592592593
1773,53.187037037
1774,53.2148148148
1775,53.2333333333
1776,53.2666666667
1777,53.2666666667
1778,53.2944444444
1779,53.2944444444
1780,53.3407407407
1781,53.3740740741
1782,53.4018518519
1783,53.4319444444
1784,53.4412037037
1785,53.4930555556
1786,53.4930555556
1787,53.5023148148
1788,53.5393518519
1789,53.6064814815
1790,53.6398148148
1791,53.6675925926
1792,53.6768518519
1793,53.7046296296
1794,53.7564814815
1795,53.8328703704
1796,53.8328703704
1797,53.8328703704
1798,53.8699074074
1799,53.8699074074
1800,53.9092592593
1801,53.9611111111
1802,53.9611111111
1803,53.9796296296
1804,54.0259259259
1805,54.0444444444
1806,54.0444444444
1807,54.0444444444
1808,54.0814814815
1809,54.1115740741
1810,54.1601851852
1811,54.1787037037
1812,54.2157407407
1813,54.2643518519
1814,54.3013888889
1815,54.3106481481
1816,54.3106481481
1817,54.3439814815
1818,54.3625
1819,54.3625
1820,54.3717592593
1821,54.4018518519
1822,54.4018518519
1823,54.4111111111
1824,54.4837962963
1825,54.5393518519
1826,54.5763888889
1827,54.5856481481
1828,54.6041666667
1829,54.6226851852
1830,54.6226851852
1831,54.6319444444
1832,54.650462963
1833,54.6597222222
1834,54.6875
1835,54.7083333333
1836,54.7972222222
1837,54.8643518519
1838,54.9013888889
1839,54.9476851852
1840,54.9662037037
1841,54.9662037037
1842,54.9662037037
1843,55.0125
1844,55.0333333333
1845,55.0703703704
1846,55.0888888889
1847,55.15
1848,55.187037037
1849,55.2078703704
1850,55.2078703704
1851,55.2078703704
1852,55.2356481481
1853,55.2726851852
1854,55.2819444444
1855,55.3097222222
1856,55.3398148148
1857,55.3490740741
1858,55.3490740741
1859,55.4069444444
1860,55.425462963
1861,55.5074074074
1862,55.5074074074
1863,55.5407407407
1864,55.55
1865,55.5592592593
1866,55.5777777778
1867,55.5962962963
1868,55.6263888889
1869,55.6726851852
1870,55.6819444444
1871,55.7430555556
1872,55.7949074074
1873,55.825
1874,55.8342592593
1875,55.8342592593
1876,55.8527777778
1877,55.862037037
1878,55.8712962963
1879,55.8805555556
1880,55.9175925926
1881,55.9546296296
1882,55.9546296296
1883,55.9638888889
1884,55.9731481481
1885,55.9731481481
1886,56.0310185185
1887,56.0310185185
1888,56.0587962963
1889,56.1074074074
1890,56.1282407407
1891,56.1282407407
1892,56.1893518519
1893,56.1986111111
1894,56.2712962963
1895,56.3175925926
1896,56.3384259259
1897,56.3384259259
1898,56.3476851852
1899,56.3569444444
1900,56.3847222222
1901,56.4310185185
1902,56.4587962963
1903,56.4796296296
1904,56.4888888889
1905,56.5166666667
1906,56.5986111111
1907,56.6171296296
1908,56.6842592593
1909,56.7453703704
1910,56.7939814815
1911,56.7939814815
1912,56.8240740741
1913,56.8518518519
1914,56.8796296296
1915,56.9222222222
1916,56.9592592593
1917,56.9925925926
1918,57.0444444444
1919,57.062962963
1920,57.0907407407
1921,57.1092592593
1922,57.1092592593
1923,57.1185185185
1924,57.1277777778
1925,57.1611111111
1926,57.1611111111
1927,57.1796296296
1928,57.2166666667
1929,57.2444444444
1930,57.3148148148
1931,57.3333333333
1932,57.3425925926
1933,57.3726851852
1934,57.400462963
1935,57.4337962963
1936,57.4615740741
1937,57.4800925926
1938,57.5171296296
1939,57.5263888889
1940,57.5263888889
1941,57.5541666667
1942,57.5967592593
1943,57.5967592593
1944,57.5967592593
1945,57.5967592593
1946,57.6060185185
1947,57.6638888889
1948,57.7032407407
1949,57.7032407407
1950,57.749537037
1951,57.7958333333
1952,57.7958333333
1953,57.7958333333
1954,57.8143518519
1955,57.8421296296
1956,57.862962963
1957,57.8814814815
1958,57.8814814815
1959,57.8814814815
1960,57.9092592593
1961,57.9092592593
1962,57.9277777778
1963,57.9462962963
1964,57.9981481481
1965,57.9981481481
1966,58.0314814815
1967,58.0800925926
1968,58.1078703704
1969,58.1078703704
1970,58.1263888889
1971,58.1875
1972,58.2430555556
1973,58.2708333333
1974,58.3287037037
1975,58.3287037037
1976,58.3958333333
1977,58.3958333333
1978,58.475462963
1979,58.4939814815
1980,58.5425925926
1981,58.5703703704
1982,58.6222222222
1983,58.6592592593
1984,58.6777777778
1985,58.6962962963
1986,58.7634259259
1987,58.7842592593
1988,58.7842592593
1989,58.8175925926
1990,58.8694444444
1991,58.8787037037
1992,58.887962963
1993,58.887962963
1994,58.8972222222
1995,58.9458333333
1996,58.9458333333
1997,58.9458333333
1998,58.9791666667
1999,58.9884259259
2000,59.0310185185
2001,59.0310185185
2002,59.0310185185
2003,59.0587962963
2004,59.1074074074
2005,59.1074074074
2006,59.1074074074
2007,59.1351851852
2008,59.1652777778
2009,59.174537037
2010,59.2935185185
2011,59.2935185185
2012,59.3305555556
2013,59.3398148148
2014,59.4101851852
2015,59.4101851852
2016,59.4101851852
2017,59.4472222222
2018,59.4472222222
2019,59.4472222222
2020,59.4657407407
2021,59.4657407407
2022,59.5236111111
2023,59.5444444444
2024,59.5930555556
2025,59.6416666667
2026,59.6694444444
2027,59.6694444444
2028,59.6694444444
2029,59.6694444444
2030,59.687962963
2031,59.725
2032,59.7675925926
2033,59.7768518519
2034,59.8138888889
2035,59.8416666667
2036,59.8694444444
2037,59.887962963
2038,59.9064814815
2039,59.9064814815
2040,59.925
2041,59.9458333333
2042,59.9458333333
2043,59.9851851852
2044,60.0462962963
2045,60.0740740741
2046,60.0949074074
2047,60.0949074074
2048,60.1134259259
2049,60.1134259259
2050,60.1837962963
2051,60.2115740741
2052,60.2509259259
2053,60.2509259259
2054,60.2717592593
2055,60.2717592593
2056,60.2717592593
2057,60.2902777778
2058,60.3087962963
2059,60.3481481481
2060,60.3759259259
2061,60.412962963
2062,60.4222222222
2063,60.4708333333
2064,60.4708333333
2065,60.4893518519
2066,60.4893518519
2067,60.4893518519
2068,60.5078703704
2069,60.5263888889
2070,60.5541666667
2071,60.600462963
2072,60.6282407407
2073,60.6824074074
2074,60.6916666667
2075,60.7287037037
2076,60.7564814815
2077,60.8361111111
2078,60.8361111111
2079,60.8662037037
2080,60.8847222222
2081,60.8939814815
2082,60.8939814815
2083,60.9125
2084,60.9125
2085,60.9217592593
2086,60.9310185185
2087,60.9736111111
2088,61.0013888889
2089,61.0106481481
2090,61.0384259259
2091,61.0384259259
2092,61.087037037
2093,61.087037037
2094,61.087037037
2095,61.087037037
2096,61.0962962963
2097,61.1263888889
2098,61.1597222222
2099,61.1597222222
2100,61.1597222222
2101,61.1782407407
2102,61.1782407407
2103,61.1782407407
2104,61.2393518519
2105,61.2601851852
2106,61.2694444444
2107,61.2787037037
2108,61.3064814815
2109,61.3273148148
2110,61.3481481481
2111,61.3875
2112,61.3875
2113,61.3875
2114,61.4361111111
2115,61.4546296296
2116,61.4824074074
2117,61.4916666667
2118,61.5194444444
2119,61.5712962963
2120,61.5712962963
2121,61.5712962963
2122,61.6175925926
2123,61.6569444444
2124,61.675462963
2125,61.7481481481
2126,61.7481481481
2127,61.7666666667
2128,61.7851851852
2129,61.7851851852
2130,61.8314814815
2131,61.887037037
2132,61.9055555556
2133,61.9611111111
2134,62.000462963
2135,62.000462963
2136,62.000462963
2137,62.0189814815
2138,62.0189814815
2139,62.0467592593
2140,62.0837962963
2141,62.137962963
2142,62.1564814815
2143,62.2027777778
2144,62.2212962963
2145,62.2884259259
2146,62.3347222222
2147,62.3902777778
2148,62.4236111111
2149,62.4236111111
2150,62.4537037037
2151,62.462962963
2152,62.462962963
2153,62.5115740741
2154,62.5115740741
2155,62.5115740741
2156,62.5300925926
2157,62.5300925926
2158,62.5671296296
2159,62.6226851852
2160,62.6412037037
2161,62.662037037
2162,62.6898148148
2163,62.6898148148
2164,62.7384259259
2165,62.7476851852
2166,62.7569444444
2167,62.8087962963
2168,62.8513888889
2169,62.8791666667
2170,62.8976851852
2171,62.9162037037
2172,62.9347222222
2173,62.9532407407
2174,62.9532407407
2175,62.9532407407
2176,63.0050925926
2177,63.0050925926
2178,63.0236111111
2179,63.0236111111
2180,63.0236111111
2181,63.0421296296
2182,63.0421296296
2183,63.0421296296
2184,63.0421296296
2185,63.0421296296
2186,63.0699074074
2187,63.0699074074
2188,63.0884259259
2189,63.0884259259
2190,63.1347222222
2191,63.1347222222
2192,63.1347222222
2193,63.1347222222
2194,63.1347222222
2195,63.1347222222
2196,63.1958333333
2197,63.2236111111
2198,63.275462963
2199,63.275462963
2200,63.275462963
2201,63.2847222222
2202,63.3333333333
2203,63.3333333333
2204,63.3518518519
2205,63.412962963
2206,63.4592592593
2207,63.4962962963
2208,63.5574074074
2209,63.5574074074
2210,63.5666666667
2211,63.5759259259
2212,63.5759259259
2213,63.5759259259
2214,63.5759259259
2215,63.5759259259
2216,63.6060185185
2217,63.6152777778
2218,63.6800925926
2219,63.6800925926
2220,63.6986111111
2221,63.7078703704
2222,63.737962963
2223,63.7472222222
2224,63.7657407407
2225,63.8027777778
2226,63.8212962963
2227,63.8824074074
2228,63.8916666667
2229,63.9194444444
2230,63.9865740741
2231,64.0050925926
2232,64.0050925926
2233,64.0050925926
2234,64.0328703704
2235,64.0606481481
2236,64.0884259259
2237,64.1069444444
2238,64.125462963
2239,64.125462963
2240,64.125462963
2241,64.1532407407
2242,64.1810185185
2243,64.1810185185
2244,64.2388888889
2245,64.2759259259
2246,64.3462962963
2247,64.3796296296
2248,64.4467592593
2249,64.5046296296
2250,64.5416666667
2251,64.5972222222
2252,64.5972222222
2253,64.6180555556
2254,64.6365740741
2255,64.6643518519
2256,64.712962963
2257,64.7407407407
2258,64.7592592593
2259,64.7592592593
2260,64.7685185185
2261,64.7777777778
2262,64.8111111111
2263,64.8597222222
2264,64.8782407407
2265,64.8875
2266,64.8875
2267,64.924537037
2268,64.9671296296
2269,64.9949074074
2270,64.9949074074
2271,65.0319444444
2272,65.050462963
2273,65.1152777778
2274,65.1152777778
2275,65.1486111111
2276,65.1671296296
2277,65.2041666667
2278,65.2342592593
2279,65.2342592593
2280,65.2435185185
2281,65.3083333333
2282,65.3453703704
2283,65.3638888889
2284,65.3847222222
2285,65.4032407407
2286,65.4032407407
2287,65.4217592593
2288,65.4611111111
2289,65.4611111111
2290,65.5407407407
2291,65.5592592593
2292,65.5592592593
2293,65.5925925926
2294,65.5925925926
2295,65.6203703704
2296,65.6666666667
2297,65.6666666667
2298,65.6851851852
2299,65.7407407407
2300,65.75
2301,65.7962962963
2302,65.8388888889
2303,65.8759259259
2304,65.9185185185
2305,65.9185185185
2306,65.9462962963
2307,65.9740740741
2308,66.0134259259
2309,66.0319444444
2310,66.050462963
2311,66.0967592593
2312,66.124537037
2313,66.1523148148
2314,66.1523148148
2315,66.1523148148
2316,66.1523148148
2317,66.1893518519
2318,66.2078703704
2319,66.2171296296
2320,66.2541666667
2321,66.2541666667
2322,66.2819444444
2323,66.3615740741
2324,66.4171296296
2325,66.4356481481
2326,66.4657407407
2327,66.4990740741
2328,66.4990740741
2329,66.5083333333
2330,66.5268518519
2331,66.5361111111
2332,66.5361111111
2333,66.5694444444
2334,66.587962963
2335,66.6643518519
2336,66.6828703704
2337,66.712962963
2338,66.712962963
2339,66.7314814815
2340,66.7314814815
2341,66.7648148148
2342,66.7648148148
2343,66.8111111111
2344,66.8319444444
2345,66.8597222222
2346,66.9023148148
2347,66.9115740741
2348,66.9393518519
2349,66.9912037037
2350,67.000462963
2351,67.0097222222
2352,67.0097222222
2353,67.0560185185
2354,67.1023148148
2355,67.1300925926
2356,67.1763888889
2357,67.1949074074
2358,67.1949074074
2359,67.2134259259
2360,67.2319444444
2361,67.2319444444
2362,67.2412037037
2363,67.3083333333
2364,67.3268518519
2365,67.3361111111
2366,67.3546296296
2367,67.3546296296
2368,67.4009259259
2369,67.437962963
2370,67.4472222222
2371,67.4657407407
2372,67.4865740741
2373,67.4865740741
2374,67.5050925926
2375,67.5050925926
2376,67.5722222222
2377,67.6185185185
2378,67.6185185185
2379,67.6185185185
2380,67.6518518519
2381,67.6518518519
2382,67.6518518519
2383,67.6703703704
2384,67.6888888889
2385,67.7537037037
2386,67.7930555556
2387,67.8138888889
2388,67.8657407407
2389,67.8842592593
2390,67.9546296296
2391,67.9638888889
2392,67.9638888889
2393,67.9824074074
2394,68.0101851852
2395,68.037962963
2396,68.0921296296
2397,68.0921296296
2398,68.0921296296
2399,68.0921296296
2400,68.1199074074
2401,68.1384259259
2402,68.1902777778
2403,68.2481481481
2404,68.2574074074
2405,68.2574074074
2406,68.2666666667
2407,68.2944444444
2408,68.3462962963
2409,68.3462962963
2410,68.3796296296
2411,68.45
2412,68.45
2413,68.4777777778
2414,68.4777777778
2415,68.4777777778
2416,68.5240740741
2417,68.600462963
2418,68.6097222222
2419,68.6097222222
2420,68.6097222222
2421,68.6282407407
2422,68.6467592593
2423,68.6986111111
2424,68.7263888889
2425,68.7263888889
2426,68.7263888889
2427,68.7263888889
2428,68.7263888889
2429,68.7449074074
2430,68.7782407407
2431,68.7782407407
2432,68.7967592593
2433,68.8430555556
2434,68.8615740741
2435,68.9009259259
2436,68.9527777778
2437,68.9805555556
2438,68.9805555556
2439,68.9805555556
2440,69.0013888889
2441,69.0291666667
2442,69.0291666667
2443,69.0291666667
2444,69.0625
2445,69.0625
2446,69.0810185185
2447,69.1087962963
2448,69.1481481481
2449,69.1666666667
2450,69.1851851852
2451,69.1851851852
2452,69.1851851852
2453,69.2037037037
2454,69.2037037037
2455,69.2314814815
2456,69.2407407407
2457,69.2592592593
2458,69.2777777778
2459,69.2962962963
2460,69.3356481481
2461,69.3541666667
2462,69.400462963
2463,69.400462963
2464,69.4212962963
2465,69.4490740741
2466,69.4583333333
2467,69.4583333333
2468,69.4768518519
2469,69.4768518519
2470,69.5046296296
2471,69.5324074074
2472,69.5532407407
2473,69.6050925926
2474,69.6328703704
2475,69.6328703704
2476,69.6537037037
2477,69.674537037
2478,69.7208333333
2479,69.7486111111
2480,69.7578703704
2481,69.7912037037
2482,69.7912037037
2483,69.7912037037
2484,69.8097222222
2485,69.8097222222
2486,69.8097222222
2487,69.8097222222
2488,69.8097222222
2489,69.8708333333
2490,69.8708333333
2491,69.8708333333
2492,69.8708333333
2493,69.8708333333
2494,69.8893518519
2495,69.8893518519
2496,69.9078703704
2497,69.9472222222
2498,69.9472222222
2499,71.5811111111
2500,74.0541666667
2501,74.1458333333
2502,74.1458333333
2503,74.1736111111
2504,74.2548611111
2505,74.2861111111
2506,74.2861111111
2507,74.3277777778
2508,74.3277777778
2509,74.3277777778
2510,74.3277777778
2511,74.3277777778
2512,74.3777777778
2513,74.3777777778
2514,74.3777777778
2515,74.4277777778
2516,74.4277777778
2517,74.4694444444
2518,74.4694444444
2519,74.5388888889
2520,74.5388888889
2521,74.5388888889
2522,74.5805555556
2523,74.5805555556
2524,74.5805555556
2525,74.6118055556
2526,74.6118055556
2527,74.6118055556
2528,74.6395833333
2529,74.68125
2530,74.73125
2531,74.7729166667
2532,74.7729166667
2533,74.8145833333
2534,74.8840277778
2535,74.8840277778
2536,74.9340277778
2537,74.9618055556
2538,74.9618055556
2539,74.9618055556
2540,74.9618055556
2541,75.03125
2542,75.0729166667
2543,75.0729166667
2544,75.1423611111
2545,75.1736111111
2546,75.2048611111
2547,75.2048611111
2548,75.2743055556
2549,75.2743055556
2550,75.2743055556
2551,75.3333333333
2552,75.3333333333
2553,75.3333333333
2554,75.3333333333
2555,75.3333333333
2556,75.3333333333
2557,75.3333333333
2558,75.3611111111
2559,75.4027777778
2560,75.4027777778
2561,75.4027777778
2562,75.4444444444
2563,75.4444444444
2564,75.4722222222
2565,75.5034722222
2566,75.5034722222
2567,75.5034722222
2568,75.5034722222
2569,75.5763888889
2570,75.5763888889
2571,75.6076388889
2572,75.6076388889
2573,75.6493055556
2574,75.7083333333
2575,75.7083333333
2576,75.7083333333
2577,75.75
2578,75.75
2579,75.75
2580,75.7777777778
2581,75.7777777778
2582,75.8277777778
2583,75.8777777778
2584,75.8777777778
2585,76.0006944444
2586,76.0006944444
2587,76.0006944444
2588,76.0284722222
2589,76.0284722222
2590,76.0284722222
2591,76.0284722222
2592,76.0284722222
2593,76.10625
2594,76.10625
2595,76.10625
2596,76.1375
2597,76.1375
2598,76.1375
2599,76.1652777778
2600,76.1652777778
2601,76.1652777778
2602,76.1930555556
2603,76.2208333333
2604,76.2208333333
2605,76.2208333333
2606,76.2208333333
2607,76.2208333333
2608,76.3298611111
2609,76.3298611111
2610,76.3611111111
2611,76.3611111111
2612,76.3923611111
2613,76.4340277778
2614,76.4618055556
2615,76.5118055556
2616,76.5618055556
2617,76.5895833333
2618,76.5895833333
2619,76.5895833333
2620,76.5895833333
2621,76.5895833333
2622,76.6173611111
2623,76.6590277778
2624,76.6590277778
2625,76.6590277778
2626,76.6590277778
2627,76.6902777778
2628,76.7180555556
2629,76.7493055556
2630,76.7493055556
2631,76.7993055556
2632,76.7993055556
2633,76.7993055556
2634,76.9
2635,76.9729166667
2636,76.9729166667
2637,77.0229166667
2638,77.0229166667
2639,77.0506944444
2640,77.0784722222
2641,77.10625
2642,77.10625
2643,77.15625
2644,77.1979166667
2645,77.1979166667
2646,77.1979166667
2647,77.2708333333
2648,77.3125
2649,77.34375
2650,77.34375
2651,77.3715277778
2652,77.3715277778
2653,77.3715277778
2654,77.4131944444
2655,77.4131944444
2656,77.4131944444
2657,77.4131944444
2658,77.4131944444
2659,77.4131944444
2660,77.4131944444
2661,77.4444444444
2662,77.5034722222
2663,77.5451388889
2664,77.5763888889
2665,77.6180555556
2666,77.6180555556
2667,77.6180555556
2668,77.6180555556
2669,77.6993055556
2670,77.7305555556
2671,77.7618055556
2672,77.7895833333
2673,77.8486111111
2674,77.8986111111
2675,77.8986111111
2676,78.0180555556
2677,78.0180555556
2678,78.0180555556
2679,78.0458333333
2680,78.0958333333
2681,78.1236111111
2682,78.1236111111
2683,78.1513888889
2684,78.1791666667
2685,78.2104166667
2686,78.2381944444
2687,78.2659722222
2688,78.2659722222
2689,78.2659722222
2690,78.3159722222
2691,78.3159722222
2692,78.34375
2693,78.3854166667
2694,78.4354166667
2695,78.4354166667
2696,78.4854166667
2697,78.5166666667
2698,78.5444444444
2699,78.5722222222
2700,78.6638888889
2701,78.6638888889
2702,78.6638888889
2703,78.6638888889
2704,78.6638888889
2705,78.7055555556
2706,78.7368055556
2707,78.7680555556
2708,78.8409722222
2709,78.8409722222
2710,78.8909722222
2711,78.8909722222
2712,78.9222222222
2713,78.9722222222
2714,79.0416666667
2715,79.0416666667
2716,79.0416666667
2717,79.0416666667
2718,79.0416666667
2719,79.0833333333
2720,79.1645833333
2721,79.1645833333
2722,79.1645833333
2723,79.1958333333
2724,79.2236111111
2725,79.2548611111
2726,79.2548611111
2727,79.3048611111
2728,79.3361111111
2729,79.3361111111
2730,79.3777777778
2731,79.4194444444
2732,79.4194444444
2733,79.4784722222
2734,79.4784722222
2735,79.4784722222
2736,79.5097222222
2737,79.5097222222
2738,79.5097222222
2739,79.5375
2740,79.5375
2741,79.5375
2742,79.6104166667
2743,79.6416666667
2744,79.6694444444
2745,79.7284722222
2746,79.8013888889
2747,79.8513888889
2748,79.8513888889
2749,79.8513888889
2750,79.8930555556
2751,79.8930555556
2752,79.9347222222
2753,79.9659722222
2754,79.9659722222
2755,79.9659722222
2756,79.9972222222
2757,80.0472222222
2758,80.0888888889
2759,80.1305555556
2760,80.1583333333
2761,80.1895833333
2762,80.1895833333
2763,80.2173611111
2764,80.2451388889
2765,80.2763888889
2766,80.3076388889
2767,80.3493055556
2768,80.3805555556
2769,80.4083333333
2770,80.4361111111
2771,80.5055555556
2772,80.5055555556
2773,80.5368055556
2774,80.5368055556
2775,80.5368055556
2776,80.5368055556
2777,80.5645833333
2778,80.6340277778
2779,80.6618055556
2780,80.6618055556
2781,80.6618055556
2782,80.7118055556
2783,80.7534722222
2784,80.7534722222
2785,80.7534722222
2786,80.7951388889
2787,80.8451388889
2788,80.9458333333
2789,80.9736111111
2790,81.0548611111
2791,81.0548611111
2792,81.0826388889
2793,81.0826388889
2794,81.0826388889
2795,81.1555555556
2796,81.1833333333
2797,81.2111111111
2798,81.2111111111
2799,81.2527777778
2800,81.2805555556
2801,81.3534722222
2802,81.38125
2803,81.38125
2804,81.43125
2805,81.4625
2806,81.4625
2807,81.5041666667
2808,81.5319444444
2809,81.5736111111
2810,81.5736111111
2811,81.6013888889
2812,81.6291666667
2813,81.6708333333
2814,81.7520833333
2815,81.7520833333
2816,81.8298611111
2817,81.8298611111
2818,81.9215277778
2819,81.9215277778
2820,81.9215277778
2821,81.9215277778
2822,81.9493055556
2823,81.9493055556
2824,82.0083333333
2825,82.0361111111
2826,82.0361111111
2827,82.0361111111
2828,82.0361111111
2829,82.0951388889
2830,82.1263888889
2831,82.1763888889
2832,82.1763888889
2833,82.1763888889
2834,82.2541666667
2835,82.2854166667
2836,82.2854166667
2837,82.2854166667
2838,82.3631944444
2839,82.3631944444
2840,82.3631944444
2841,82.3631944444
2842,82.3909722222
2843,82.3909722222
2844,82.3909722222
2845,82.3909722222
2846,82.3909722222
2847,82.3909722222
2848,82.4222222222
2849,82.4222222222
2850,82.4222222222
2851,82.4222222222
2852,82.4638888889
2853,82.4638888889
2854,82.4951388889
2855,82.5368055556
2856,82.5368055556
2857,82.5368055556
2858,82.5368055556
2859,82.6145833333
2860,82.6145833333
2861,82.6458333333
2862,82.6458333333
2863,82.7375
2864,82.7375
2865,82.7652777778
2866,82.8152777778
2867,82.8152777778
2868,82.8465277778
2869,82.8965277778
2870,82.9243055556
2871,82.9520833333
2872,83.0111111111
2873,83.0423611111
2874,83.0840277778
2875,83.1118055556
2876,83.1895833333
2877,83.2395833333
2878,83.2673611111
2879,83.2673611111
2880,83.2673611111
2881,83.2673611111
2882,83.2673611111
2883,83.2673611111
2884,83.3451388889
2885,83.3451388889
2886,83.3451388889
2887,83.4145833333
2888,83.4145833333
2889,83.5375
2890,83.5652777778
2891,83.5652777778
2892,83.5652777778
2893,83.6069444444
2894,83.6486111111
2895,83.7215277778
2896,83.7215277778
2897,83.7215277778
2898,83.7215277778
2899,83.7493055556
2900,83.7493055556
2901,83.7770833333
2902,83.8048611111
2903,83.8361111111
2904,83.8638888889
2905,83.9138888889
2906,83.9138888889
2907,83.9138888889
2908,83.9638888889
2909,84.0368055556
2910,84.0368055556
2911,84.0680555556
2912,84.0680555556
2913,84.1180555556
2914,84.1493055556
2915,84.1493055556
2916,84.1493055556
2917,84.1909722222
2918,84.21875
2919,84.2604166667
2920,84.2604166667
2921,84.3104166667
2922,84.3104166667
2923,84.3104166667
2924,84.3104166667
2925,84.3104166667
2926,84.3104166667
2927,84.3104166667
2928,84.3694444444
2929,84.4284722222
2930,84.45625
2931,84.5340277778
2932,84.5340277778
2933,84.5618055556
2934,84.5618055556
2935,84.5618055556
2936,84.6118055556
2937,84.6118055556
2938,84.6395833333
2939,84.68125
2940,84.7625
2941,84.8125
2942,84.8125
2943,84.8125
2944,84.8125
2945,84.8125
2946,84.8125
2947,84.8125
2948,84.8125
2949,84.8125
2950,84.8625
2951,84.9125
2952,84.94375
2953,84.94375
2954,84.94375
2955,84.94375
2956,84.9854166667
2957,84.9854166667
2958,85.0131944444
2959,85.0409722222
2960,85.0409722222
2961,85.06875
2962,85.1
2963,85.1416666667
2964,85.1694444444
2965,85.2784722222
2966,85.2784722222
2967,85.2784722222
2968,85.3284722222
2969,85.3284722222
2970,85.3784722222
2971,85.4284722222
2972,85.4284722222
2973,85.4284722222
2974,85.4597222222
2975,85.4597222222
2976,85.5409722222
2977,85.5722222222
2978,85.6729166667
2979,85.6729166667
2980,85.6729166667
2981,85.6729166667
2982,85.6729166667
2983,85.7229166667
2984,85.7229166667
2985,85.7541666667
2986,85.7541666667
2987,85.7541666667
2988,85.7819444444
2989,85.8236111111
2990,85.8236111111
2991,85.8736111111
2992,85.8736111111
2993,85.9013888889
2994,85.9513888889
2995,85.9513888889
2996,85.9513888889
2997,85.9513888889
2998,85.9513888889
2999,86.0243055556
3000,86.0243055556
3001,86.0243055556
3002,86.1159722222
3003,86.1576388889
3004,86.2270833333
3005,86.2270833333
3006,86.2861111111
3007,86.3173611111
3008,86.3673611111
3009,86.3986111111
3010,86.3986111111
3011,86.3986111111
3012,86.3986111111
3013,86.3986111111
3014,86.4680555556
3015,86.4993055556
3016,86.4993055556
3017,86.5270833333
3018,86.56875
3019,86.56875
3020,86.6694444444
3021,86.6694444444
3022,86.6694444444
3023,86.7006944444
3024,86.7319444444
3025,86.7631944444
3026,86.7909722222
3027,86.8916666667
3028,86.9194444444
3029,86.9194444444
3030,86.9472222222
3031,86.9472222222
3032,86.9472222222
3033,86.9472222222
3034,86.9472222222
3035,86.9472222222
3036,86.9472222222
3037,86.9972222222
3038,86.9972222222
3039,86.9972222222
3040,87.025
3041,87.075
3042,87.125
3043,87.1527777778
3044,87.1527777778
3045,87.1805555556
3046,87.1805555556
3047,87.2534722222
3048,87.3034722222
3049,87.3034722222
3050,87.3034722222
3051,87.3763888889
3052,87.4076388889
3053,87.4388888889
3054,87.4888888889
3055,87.4888888889
3056,87.4888888889
3057,87.5166666667
3058,87.5166666667
3059,87.5166666667
3060,87.5166666667
3061,87.5166666667
3062,87.5166666667
3063,87.5166666667
3064,87.5479166667
3065,87.6291666667
3066,87.6291666667
3067,87.6291666667
3068,87.6291666667
3069,87.6291666667
3070,87.7798611111
3071,87.8298611111
3072,87.8611111111
3073,87.9305555556
3074,87.9722222222
3075,88.0
3076,88.0416666667
3077,88.1006944444
3078,88.1701388889
3079,88.1701388889
3080,88.1979166667
3081,88.3208333333
3082,88.3625
3083,88.3902777778
3084,88.3902777778
3085,88.4180555556
3086,88.4180555556
3087,88.5097222222
3088,88.5097222222
3089,88.5597222222
3090,88.61875
3091,88.66875
3092,88.7277777778
3093,88.7590277778
3094,88.7590277778
3095,88.8006944444
3096,88.8006944444
3097,88.8284722222
3098,88.90625
3099,88.90625
3100,88.9340277778
3101,88.9340277778
3102,88.9756944444
3103,88.9756944444
3104,88.9756944444
3105,88.9756944444
3106,88.9756944444
3107,88.9756944444
3108,89.0256944444
3109,89.0256944444
3110,89.0256944444
3111,89.0673611111
3112,89.0673611111
3113,89.1090277778
3114,89.1590277778
3115,89.1902777778
3116,89.2909722222
3117,89.2909722222
3118,89.2909722222
3119,89.31875
3120,89.3465277778
3121,89.3881944444
3122,89.4298611111
3123,89.4298611111
3124,89.4298611111
3125,89.4298611111
3126,89.4993055556
3127,89.4993055556
3128,89.4993055556
3129,89.4993055556
3130,89.5305555556
3131,89.5618055556
3132,89.6034722222
3133,89.6451388889
3134,89.6868055556
3135,89.6868055556
3136,89.75625
3137,89.7840277778
3138,89.7840277778
3139,89.7840277778
3140,89.7840277778
3141,89.7840277778
3142,89.7840277778
3143,89.8118055556
3144,89.8395833333
3145,89.8895833333
3146,89.8895833333
3147,89.8895833333
3148,89.8895833333
3149,89.93125
3150,89.93125
3151,89.93125
3152,89.98125
3153,89.98125
3154,90.03125
3155,90.0590277778
3156,90.1090277778
3157,90.1090277778
3158,90.1402777778
3159,90.1819444444
3160,90.2736111111
3161,90.2736111111
3162,90.3152777778
3163,90.3152777778
3164,90.3569444444
3165,90.4069444444
3166,90.4381944444
3167,90.4798611111
3168,90.4798611111
3169,90.5298611111
3170,90.5298611111
3171,90.5298611111
3172,90.5298611111
3173,90.5576388889
3174,90.5854166667
3175,90.5854166667
3176,90.6270833333
3177,90.6583333333
3178,90.6583333333
3179,90.73125
3180,90.73125
3181,90.73125
3182,90.7729166667
3183,90.7729166667
3184,90.7729166667
3185,90.8229166667
3186,90.8729166667
3187,90.8729166667
3188,90.9319444444
3189,90.9319444444
3190,90.9319444444
3191,90.9597222222
3192,91.0097222222
3193,91.0375
3194,91.0375
3195,91.0375
3196,91.0375
3197,91.0791666667
3198,91.0791666667
3199,91.0791666667
3200,91.0791666667
3201,91.0791666667
3202,91.1291666667
3203,91.1291666667
3204,91.1291666667
3205,91.1291666667
3206,91.1986111111
3207,91.1986111111
3208,91.2798611111
3209,91.2798611111
3210,91.3111111111
3211,91.3423611111
3212,91.3423611111
3213,91.3840277778
3214,91.3840277778
3215,91.4340277778
3216,91.4340277778
3217,91.4756944444
3218,91.4756944444
3219,91.5034722222
3220,91.5034722222
3221,91.5034722222
3222,91.5763888889
3223,91.5763888889
3224,91.6041666667
3225,91.6041666667
3226,91.6041666667
3227,91.6541666667
3228,91.6819444444
3229,91.7097222222
3230,91.7097222222
3231,91.7791666667
3232,91.7791666667
3233,91.8881944444
3234,91.9159722222
3235,91.94375
3236,91.94375
3237,91.94375
3238,92.0166666667
3239,92.0444444444
3240,92.0444444444
3241,92.0861111111
3242,92.1361111111
3243,92.1361111111
3244,92.1361111111
3245,92.1361111111
3246,92.1638888889
3247,92.2055555556
3248,92.2472222222
3249,92.275
3250,92.3166666667
3251,92.3479166667
3252,92.3479166667
3253,92.3979166667
3254,92.4395833333
3255,92.4395833333
3256,92.4395833333
3257,92.4395833333
3258,92.48125
3259,92.48125
3260,92.48125
3261,92.48125
3262,92.48125
3263,92.48125
3264,92.48125
3265,92.5229166667
3266,92.5541666667
3267,92.6354166667
3268,92.6354166667
3269,92.6354166667
3270,92.6666666667
3271,92.6944444444
3272,92.7534722222
3273,92.78125
3274,92.78125
3275,92.8229166667
3276,92.8958333333
3277,92.9236111111
3278,92.9236111111
3279,92.9236111111
3280,93.0152777778
3281,93.0430555556
3282,93.0847222222
3283,93.0847222222
3284,93.1159722222
3285,93.1576388889
3286,93.2305555556
3287,93.2305555556
3288,93.2805555556
3289,93.3395833333
3290,93.3673611111
3291,93.3951388889
3292,93.4868055556
3293,93.5145833333
3294,93.5145833333
3295,93.5645833333
3296,93.5645833333
3297,93.5923611111
3298,93.5923611111
3299,93.6340277778
3300,93.6652777778
3301,93.6652777778
3302,93.6652777778
3303,93.6652777778
3304,93.6652777778
3305,93.6965277778
3306,93.7465277778
3307,93.7465277778
3308,93.8659722222
3309,93.8659722222
3310,93.89375
3311,93.89375
3312,93.9215277778
3313,93.9215277778
3314,93.9215277778
3315,93.9527777778
3316,93.9527777778
3317,93.9527777778
3318,93.9527777778
3319,93.9527777778
3320,94.0027777778
3321,94.0027777778
3322,94.0027777778
3323,94.0527777778
3324,94.0527777778
3325,94.0527777778
3326,94.1027777778
3327,94.1305555556
3328,94.1583333333
3329,94.1583333333
3330,94.1583333333
3331,94.1583333333
3332,94.2083333333
3333,94.2083333333
3334,94.25
3335,94.25
3336,94.3277777778
3337,94.3555555556
3338,94.3555555556
3339,94.3972222222
3340,94.3972222222
3341,94.425
3342,94.425
3343,94.425
3344,94.425
3345,94.4840277778
3346,94.5534722222
3347,94.5534722222
3348,94.5534722222
3349,94.5534722222
3350,94.5534722222
3351,94.5534722222
3352,94.5534722222
3353,94.6125
3354,94.6902777778
3355,94.6902777778
3356,94.6902777778
3357,94.7215277778
3358,94.7493055556
3359,94.7909722222
3360,94.7909722222
3361,94.8326388889
3362,94.8604166667
3363,94.9104166667
3364,94.9416666667
3365,95.0145833333
3366,95.0736111111
3367,95.0736111111
3368,95.1430555556
3369,95.1430555556
3370,95.1930555556
3371,95.1930555556
3372,95.1930555556
3373,95.2347222222
3374,95.2347222222
3375,95.2625
3376,95.2625
3377,95.2625
3378,95.3319444444
3379,95.3631944444
3380,95.3909722222
3381,95.3909722222
3382,95.3909722222
3383,95.41875
3384,95.4777777778
3385,95.4777777778
3386,95.4777777778
3387,95.5194444444
3388,95.5194444444
3389,95.5194444444
3390,95.5194444444
3391,95.5194444444
3392,95.5506944444
3393,95.5506944444
3394,95.5506944444
3395,95.6701388889
3396,95.6701388889
3397,95.6701388889
3398,95.6701388889
3399,95.6701388889
3400,95.6701388889
3401,95.6701388889
3402,95.7013888889
3403,95.7826388889
3404,95.7826388889
3405,95.8326388889
3406,95.8326388889
3407,95.8326388889
3408,95.8326388889
3409,95.8826388889
3410,95.8826388889
3411,95.9104166667
3412,95.9104166667
3413,95.9104166667
3414,95.9104166667
3415,95.9104166667
3416,95.9104166667
3417,95.9104166667
3418,95.9381944444
3419,95.9659722222
3420,96.0076388889
3421,96.0076388889
3422,96.0354166667
3423,96.0354166667
3424,96.0354166667
3425,96.1361111111
3426,96.1361111111
3427,96.1361111111
3428,96.1361111111
3429,96.2277777778
3430,96.2277777778
3431,96.2555555556
3432,96.2555555556
3433,96.2868055556
3434,96.2868055556
3435,96.2868055556
3436,96.3368055556
3437,96.4145833333
3438,96.4145833333
3439,96.4145833333
3440,96.45625
3441,96.4840277778
3442,96.4840277778
3443,96.4840277778
3444,96.5618055556
3445,96.5618055556
3446,96.6347222222
3447,96.7125
3448,96.7125
3449,96.7541666667
3450,96.7854166667
3451,96.7854166667
3452,96.8270833333
3453,96.91875
3454,96.91875
3455,96.91875
3456,96.91875
3457,96.91875
3458,96.96875
3459,96.96875
3460,96.96875
3461,96.96875
3462,96.96875
3463,96.9965277778
3464,96.9965277778
3465,96.9965277778
3466,96.9965277778
3467,96.9965277778
3468,96.9965277778
3469,96.9965277778
3470,96.9965277778
3471,96.9965277778
3472,97.0243055556
3473,97.0243055556
3474,97.0243055556
3475,97.0520833333
3476,97.0520833333
3477,97.0798611111
3478,97.0798611111
3479,97.0798611111
3480,97.0798611111
3481,97.1388888889
3482,97.1388888889
3483,97.1666666667
3484,97.2166666667
3485,97.2166666667
3486,97.2479166667
3487,97.2756944444
3488,97.2756944444
3489,97.2756944444
3490,97.3034722222
3491,97.3034722222
3492,97.3034722222
3493,97.3951388889
3494,97.4368055556
3495,97.4368055556
3496,97.4368055556
3497,97.4868055556
3498,97.4868055556
3499,97.4868055556
3500,97.4868055556
3501,97.4868055556
3502,97.4868055556
3503,97.5368055556
3504,97.5784722222
3505,97.5784722222
3506,97.60625
3507,97.60625
3508,97.65625
3509,97.7479166667
3510,97.7479166667
3511,97.7479166667
3512,97.7895833333
3513,97.7895833333
3514,97.8173611111
3515,97.8486111111
3516,97.8902777778
3517,97.9215277778
3518,97.9805555556
3519,98.0118055556
3520,98.0118055556
3521,98.0118055556
3522,98.0118055556
3523,98.0430555556
3524,98.1208333333
3525,98.1208333333
3526,98.1208333333
3527,98.1486111111
3528,98.1763888889
3529,98.2180555556
3530,98.2180555556
3531,98.2180555556
3532,98.2597222222
3533,98.2597222222
3534,98.2597222222
3535,98.2597222222
3536,98.3013888889
3537,98.3013888889
3538,98.3013888889
3539,98.3791666667
3540,98.4069444444
3541,98.4569444444
3542,98.4569444444
3543,98.5069444444
3544,98.5881944444
3545,98.6194444444
3546,98.6194444444
3547,98.6194444444
3548,98.6194444444
3549,98.6194444444
3550,98.6472222222
3551,98.6472222222
3552,98.6784722222
3553,98.6784722222
3554,98.70625
3555,98.7340277778
3556,98.7340277778
3557,98.7840277778
3558,98.8340277778
3559,98.8340277778
3560,98.8340277778
3561,98.8340277778
3562,98.8340277778
3563,98.8340277778
3564,98.8652777778
3565,98.9069444444
3566,98.9347222222
3567,98.9347222222
3568,98.9347222222
3569,99.0076388889
3570,99.0076388889
3571,99.0076388889
3572,99.0388888889
3573,99.0388888889
3574,99.0388888889
3575,99.0666666667
3576,99.0944444444
3577,99.0944444444
3578,99.1222222222
3579,99.2034722222
3580,99.2034722222
3581,99.2625
3582,99.2902777778
3583,99.3180555556
3584,99.3458333333
3585,99.3458333333
3586,99.3458333333
3587,99.3770833333
3588,99.3770833333
3589,99.4048611111
3590,99.4048611111
3591,99.4361111111
3592,99.4638888889
3593,99.4916666667
3594,99.5229166667
3595,99.5229166667
3596,99.5645833333
3597,99.5958333333
3598,99.5958333333
3599,99.6236111111
3600,99.6236111111
3601,99.6930555556
3602,99.6930555556
3603,99.7243055556
3604,99.7243055556
3605,99.7972222222
3606,99.7972222222
3607,99.9201388889
3608,99.9201388889
3609,99.9201388889
3610,100.001388889
3611,100.001388889
3612,100.060416667
3613,100.060416667
3614,100.060416667
3615,100.060416667
3616,100.060416667
3617,100.088194444
3618,100.115972222
3619,100.14375
3620,100.14375
3621,100.19375
3622,100.285416667
3623,100.313194444
3624,100.313194444
3625,100.344444444
3626,100.344444444
3627,100.344444444
3628,100.344444444
3629,100.375694444
3630,100.375694444
3631,100.375694444
3632,100.448611111
3633,100.448611111
3634,100.448611111
3635,100.448611111
3636,100.448611111
3637,100.518055556
3638,100.518055556
3639,100.518055556
3640,100.545833333
3641,100.623611111
3642,100.623611111
3643,100.651388889
3644,100.651388889
3645,100.679166667
3646,100.679166667
3647,100.679166667
3648,100.679166667
3649,100.679166667
3650,100.679166667
3651,100.720833333
3652,100.720833333
3653,100.779861111
3654,100.829861111
3655,100.829861111
3656,100.879861111
3657,100.879861111
3658,100.879861111
3659,100.879861111
3660,100.879861111
3661,100.949305556
3662,100.977083333
3663,100.977083333
3664,100.977083333
3665,100.977083333
3666,101.01875
3667,101.046527778
3668,101.074305556
3669,101.074305556
3670,101.074305556
3671,101.102083333
3672,101.102083333
3673,101.102083333
3674,101.129861111
3675,101.129861111
3676,101.129861111
3677,101.129861111
3678,101.129861111
3679,101.129861111
3680,101.129861111
3681,101.129861111
3682,101.188888889
3683,101.188888889
3684,101.216666667
3685,101.244444444
3686,101.272222222
3687,101.303472222
3688,101.303472222
3689,101.345138889
3690,101.345138889
3691,101.345138889
3692,101.345138889
3693,101.345138889
3694,101.345138889
3695,101.345138889
3696,101.345138889
3697,101.372916667
3698,101.372916667
3699,101.431944444
3700,101.513194444
3701,101.513194444
3702,101.513194444
3703,101.513194444
3704,101.513194444
3705,101.563194444
3706,101.590972222
3707,101.632638889
3708,101.632638889
3709,101.660416667
3710,101.660416667
3711,101.660416667
3712,101.691666667
3713,101.719444444
3714,101.747222222
3715,101.747222222
3716,101.747222222
3717,101.747222222
3718,101.747222222
3719,101.747222222
3720,101.788888889
3721,101.788888889
3722,101.788888889
3723,101.788888889
3724,101.830555556
3725,101.858333333
3726,101.858333333
3727,101.886111111
3728,101.886111111
3729,101.886111111
3730,101.886111111
3731,101.886111111
3732,101.927777778
3733,101.959027778
3734,102.009027778
3735,102.009027778
3736,102.009027778
3737,102.009027778
3738,102.009027778
3739,102.009027778
3740,102.040277778
3741,102.131944444
3742,102.163194444
3743,102.163194444
3744,102.163194444
3745,102.194444444
3746,102.194444444
3747,102.194444444
3748,102.194444444
3749,102.194444444
3750,102.236111111
3751,102.236111111
3752,102.309027778
3753,102.309027778
3754,102.386805556
3755,102.386805556
3756,102.386805556
3757,102.386805556
3758,102.386805556
3759,102.386805556
3760,102.428472222
3761,102.470138889
3762,102.501388889
3763,102.532638889
3764,102.582638889
3765,102.610416667
3766,102.638194444
3767,102.669444444
3768,102.697222222
3769,102.697222222
3770,102.738888889
3771,102.738888889
3772,102.738888889
3773,102.738888889
3774,102.738888889
3775,102.766666667
3776,102.766666667
3777,102.766666667
3778,102.766666667
3779,102.797916667
3780,102.825694444
3781,102.917361111
3782,103.009027778
3783,103.009027778
3784,103.009027778
3785,103.068055556
3786,103.109722222
3787,103.109722222
3788,103.109722222
3789,103.140972222
3790,103.140972222
3791,103.140972222
3792,103.140972222
3793,103.182638889
3794,103.232638889
3795,103.232638889
3796,103.232638889
3797,103.232638889
3798,103.260416667
3799,103.260416667
3800,103.291666667
3801,103.291666667
3802,103.291666667
3803,103.291666667
3804,103.291666667
3805,103.291666667
3806,103.291666667
3807,103.291666667
3808,103.291666667
3809,103.291666667
3810,103.333333333
3811,103.364583333
3812,103.364583333
3813,103.364583333
3814,103.442361111
3815,103.442361111
3816,103.442361111
3817,103.442361111
3818,103.442361111
3819,103.515277778
3820,103.515277778
3821,103.515277778
3822,103.556944444
3823,103.556944444
3824,103.588194444
3825,103.588194444
3826,103.588194444
3827,103.615972222
3828,103.657638889
3829,103.688888889
3830,103.716666667
3831,103.716666667
3832,103.716666667
3833,103.716666667
3834,103.716666667
3835,103.766666667
3836,103.794444444
3837,103.825694444
3838,103.825694444
3839,103.825694444
3840,103.875694444
3841,103.903472222
3842,103.903472222
3843,103.953472222
3844,103.98125
3845,104.03125
3846,104.03125
3847,104.03125
3848,104.08125
3849,104.109027778
3850,104.109027778
3851,104.109027778
3852,104.109027778
3853,104.178472222
3854,104.178472222
3855,104.178472222
3856,104.20625
3857,104.275694444
3858,104.317361111
3859,104.317361111
3860,104.317361111
3861,104.317361111
3862,104.359027778
3863,104.359027778
3864,104.359027778
3865,104.359027778
3866,104.359027778
3867,104.359027778
3868,104.359027778
3869,104.386805556
3870,104.386805556
3871,104.386805556
3872,104.386805556
3873,104.386805556
3874,104.386805556
3875,104.386805556
3876,104.386805556
3877,104.386805556
3878,104.386805556
3879,104.445833333
3880,104.445833333
3881,104.4875
3882,104.4875
3883,104.4875
3884,104.5375
3885,104.56875
3886,104.596527778
3887,104.624305556
3888,104.655555556
3889,104.683333333
3890,104.742361111
3891,104.773611111
3892,104.801388889
3893,104.832638889
3894,104.860416667
3895,104.860416667
3896,104.860416667
3897,104.860416667
3898,104.860416667
3899,104.860416667
3900,104.888194444
3901,104.888194444
3902,104.888194444
3903,104.888194444
3904,104.947222222
3905,105.025
3906,105.102777778
3907,105.134027778
3908,105.134027778
3909,105.165277778
3910,105.165277778
3911,105.193055556
3912,105.193055556
3913,105.193055556
3914,105.193055556
3915,105.243055556
3916,105.284722222
3917,105.3125
3918,105.3125
3919,105.3125
3920,105.340277778
3921,105.371527778
3922,105.413194444
3923,105.454861111
3924,105.454861111
3925,105.486111111
3926,105.486111111
3927,105.486111111
3928,105.517361111
3929,105.517361111
3930,105.598611111
3931,105.699305556
3932,105.727083333
3933,105.727083333
3934,105.727083333
3935,105.727083333
3936,105.758333333
3937,105.786111111
3938,105.813888889
3939,105.813888889
3940,105.813888889
3941,105.855555556
3942,105.855555556
3943,105.855555556
3944,105.855555556
3945,105.855555556
3946,105.883333333
3947,105.883333333
3948,105.911111111
3949,105.961111111
3950,105.961111111
3951,105.961111111
3952,106.038888889
3953,106.066666667
3954,106.116666667
3955,106.116666667
3956,106.116666667
3957,106.116666667
3958,106.158333333
3959,106.158333333
3960,106.158333333
3961,106.2
3962,106.272916667
3963,106.272916667
3964,106.272916667
3965,106.300694444
3966,106.300694444
3967,106.381944444
3968,106.381944444
3969,106.381944444
3970,106.459722222
3971,106.5375
3972,106.5375
3973,106.606944444
3974,106.606944444
3975,106.638194444
3976,106.638194444
3977,106.638194444
3978,106.711111111
3979,106.761111111
3980,106.788888889
3981,106.816666667
3982,106.816666667
3983,106.858333333
3984,106.858333333
3985,106.858333333
3986,106.858333333
3987,106.858333333
3988,106.889583333
3989,106.889583333
3990,106.93125
3991,106.93125
3992,106.93125
3993,107.0125
3994,107.0125
3995,107.054166667
3996,107.054166667
3997,107.054166667
3998,107.054166667
3999,107.095833333
4000,107.095833333
4001,107.095833333
4002,107.095833333
4003,107.095833333
4004,107.1375
4005,107.16875
4006,107.210416667
4007,107.210416667
4008,107.210416667
4009,107.210416667
4010,107.210416667
4011,107.238194444
4012,107.238194444
4013,107.238194444
4014,107.238194444
4015,107.238194444
4016,107.238194444
4017,107.319444444
4018,107.319444444
4019,107.319444444
4020,107.319444444
4021,107.438888889
4022,107.480555556
4023,107.480555556
4024,107.511805556
4025,107.511805556
4026,107.539583333
4027,107.567361111
4028,107.567361111
4029,107.567361111
4030,107.609027778
4031,107.659027778
4032,107.659027778
4033,107.700694444
4034,107.700694444
4035,107.742361111
4036,107.792361111
4037,107.792361111
4038,107.792361111
4039,107.834027778
4040,107.834027778
4041,107.834027778
4042,107.884027778
4043,107.911805556
4044,107.939583333
4045,107.967361111
4046,107.967361111
4047,108.009027778
4048,108.009027778
4049,108.040277778
4050,108.081944444
4051,108.081944444
4052,108.081944444
4053,108.081944444
4054,108.113194444
4055,108.140972222
4056,108.140972222
4057,108.182638889
4058,108.182638889
4059,108.210416667
4060,108.288194444
4061,108.319444444
4062,108.347222222
4063,108.347222222
4064,108.466666667
4065,108.497916667
4066,108.539583333
4067,108.539583333
4068,108.570833333
4069,108.570833333
4070,108.570833333
4071,108.570833333
4072,108.598611111
4073,108.671527778
4074,108.744444444
4075,108.794444444
4076,108.863888889
4077,108.895138889
4078,108.926388889
4079,108.954166667
4080,108.954166667
4081,108.954166667
4082,108.954166667
4083,108.985416667
4084,109.035416667
4085,109.063194444
4086,109.113194444
4087,109.113194444
4088,109.154861111
4089,109.154861111
4090,109.204861111
4091,109.232638889
4092,109.232638889
4093,109.232638889
4094,109.232638889
4095,109.282638889
4096,109.310416667
4097,109.310416667
4098,109.310416667
4099,109.310416667
4100,109.310416667
4101,109.310416667
4102,109.338194444
4103,109.338194444
4104,109.338194444
4105,109.338194444
4106,109.338194444
4107,109.338194444
4108,109.338194444
4109,109.369444444
4110,109.369444444
4111,109.397222222
4112,109.397222222
4113,109.447222222
4114,109.50625
4115,109.5375
4116,109.579166667
4117,109.579166667
4118,109.620833333
4119,109.7125
4120,109.7125
4121,109.7125
4122,109.74375
4123,109.775
4124,109.816666667
4125,109.844444444
4126,109.844444444
4127,109.844444444
4128,109.872222222
4129,109.872222222
4130,109.93125
4131,109.9625
4132,109.990277778
4133,109.990277778
4134,110.031944444
4135,110.059722222
4136,110.059722222
4137,110.059722222
4138,110.059722222
4139,110.059722222
4140,110.0875
4141,110.115277778
4142,110.115277778
4143,110.115277778
4144,110.115277778
4145,110.165277778
4146,110.165277778
4147,110.193055556
4148,110.193055556
4149,110.243055556
4150,110.243055556
4151,110.274305556
4152,110.315972222
4153,110.315972222
4154,110.315972222
4155,110.315972222
4156,110.315972222
4157,110.34375
4158,110.34375
4159,110.34375
4160,110.34375
4161,110.375
4162,110.375
4163,110.375
4164,110.375
4165,110.375
4166,110.466666667
4167,110.558333333
4168,110.558333333
4169,110.589583333
4170,110.589583333
4171,110.698611111
4172,110.726388889
4173,110.768055556
4174,110.768055556
4175,110.768055556
4176,110.768055556
4177,110.809722222
4178,110.809722222
4179,110.8375
4180,110.865277778
4181,110.865277778
4182,110.893055556
4183,110.893055556
4184,110.934722222
4185,110.99375
4186,111.063194444
4187,111.063194444
4188,111.063194444
4189,111.090972222
4190,111.090972222
4191,111.140972222
4192,111.241666667
4193,111.269444444
4194,111.269444444
4195,111.269444444
4196,111.269444444
4197,111.269444444
4198,111.300694444
4199,111.300694444
4200,111.359722222
4201,111.359722222
4202,111.401388889
4203,111.401388889
4204,111.432638889
4205,111.460416667
4206,111.460416667
4207,111.460416667
4208,111.460416667
4209,111.460416667
4210,111.460416667
4211,111.460416667
4212,111.460416667
4213,111.460416667
4214,111.460416667
4215,111.488194444
4216,111.515972222
4217,111.54375
4218,111.54375
4219,111.54375
4220,111.54375
4221,111.59375
4222,111.59375
4223,111.625
4224,111.652777778
4225,111.652777778
4226,111.734027778
4227,111.734027778
4228,111.806944444
4229,111.806944444
4230,111.806944444
4231,111.834722222
4232,111.834722222
4233,111.834722222
4234,111.834722222
4235,111.926388889
4236,111.957638889
4237,111.957638889
4238,111.957638889
4239,112.030555556
4240,112.061805556
4241,112.143055556
4242,112.143055556
4243,112.143055556
4244,112.143055556
4245,112.170833333
4246,112.170833333
4247,112.198611111
4248,112.198611111
4249,112.240277778
4250,112.268055556
4251,112.299305556
4252,112.299305556
4253,112.340972222
4254,112.36875
4255,112.396527778
4256,112.396527778
4257,112.396527778
4258,112.396527778
4259,112.438194444
4260,112.469444444
4261,112.497222222
4262,112.528472222
4263,112.55625
4264,112.584027778
4265,112.584027778
4266,112.584027778
4267,112.611805556
4268,112.611805556
4269,112.670833333
4270,112.670833333
4271,112.670833333
4272,112.670833333
4273,112.698611111
4274,112.698611111
4275,112.698611111
4276,112.768055556
4277,112.768055556
4278,112.768055556
4279,112.768055556
4280,112.768055556
4281,112.795833333
4282,112.795833333
4283,112.795833333
4284,112.8375
4285,112.8375
4286,112.865277778
4287,112.906944444
4288,112.906944444
4289,112.938194444
4290,112.938194444
4291,112.938194444
4292,112.938194444
4293,113.029861111
4294,113.061111111
4295,113.061111111
4296,113.061111111
4297,113.061111111
4298,113.061111111
4299,113.061111111
4300,113.088888889
4301,113.088888889
4302,113.130555556
4303,113.158333333
4304,113.158333333
4305,113.186111111
4306,113.217361111
4307,113.248611111
4308,113.318055556
4309,113.345833333
4310,113.345833333
4311,113.345833333
4312,113.423611111
4313,113.423611111
4314,113.482638889
4315,113.482638889
4316,113.513888889
4317,113.545138889
4318,113.622916667
4319,113.622916667
4320,113.664583333
4321,113.664583333
4322,113.664583333
4323,113.695833333
4324,113.695833333
4325,113.7375
4326,113.76875
4327,113.860416667
4328,113.891666667
4329,113.891666667
4330,113.919444444
4331,113.919444444
4332,113.919444444
4333,113.919444444
4334,113.961111111
4335,114.002777778
4336,114.030555556
4337,114.058333333
4338,114.108333333
4339,114.139583333
4340,114.139583333
4341,114.139583333
4342,114.167361111
4343,114.198611111
4344,114.198611111
4345,114.248611111
4346,114.248611111
4347,114.290277778
4348,114.381944444
4349,114.381944444
4350,114.409722222
4351,114.409722222
4352,114.409722222
4353,114.409722222
4354,114.4375
4355,114.479166667
4356,114.510416667
4357,114.510416667
4358,114.510416667
4359,114.560416667
4360,114.560416667
4361,114.560416667
4362,114.591666667
4363,114.591666667
4364,114.591666667
4365,114.622916667
4366,114.622916667
4367,114.622916667
4368,114.650694444
4369,114.650694444
4370,114.650694444
4371,114.650694444
4372,114.650694444
4373,114.650694444
4374,114.709722222
4375,114.740972222
4376,114.772222222
4377,114.772222222
4378,114.772222222
4379,114.772222222
4380,114.803472222
4381,114.834722222
4382,114.834722222
4383,114.8625
4384,114.8625
4385,114.89375
4386,114.89375
4387,114.935416667
4388,114.966666667
4389,114.966666667
4390,115.016666667
4391,115.044444444
4392,115.122222222
4393,115.122222222
4394,115.122222222
4395,115.15
4396,115.177777778
4397,115.247222222
4398,115.247222222
4399,115.35625
4400,115.384027778
4401,115.415277778
4402,115.415277778
4403,115.415277778
4404,115.415277778
4405,115.415277778
4406,115.456944444
4407,115.456944444
4408,115.456944444
4409,115.484722222
4410,115.604166667
4411,115.631944444
4412,115.631944444
4413,115.659722222
4414,115.6875
4415,115.715277778
4416,115.715277778
4417,115.715277778
4418,115.806944444
4419,115.848611111
4420,115.918055556
4421,115.918055556
4422,115.918055556
4423,115.918055556
4424,115.918055556
4425,115.918055556
4426,115.945833333
4427,115.945833333
4428,115.945833333
4429,115.945833333
4430,115.945833333
4431,115.945833333
4432,115.9875
4433,115.9875
4434,116.015277778
4435,116.015277778
4436,116.043055556
4437,116.084722222
4438,116.126388889
4439,116.154166667
4440,116.154166667
4441,116.154166667
4442,116.181944444
4443,116.181944444
4444,116.181944444
4445,116.181944444
4446,116.181944444
4447,116.181944444
4448,116.231944444
4449,116.231944444
4450,116.231944444
4451,116.273611111
4452,116.273611111
4453,116.323611111
4454,116.323611111
4455,116.323611111
4456,116.365277778
4457,116.396527778
4458,116.396527778
4459,116.396527778
4460,116.396527778
4461,116.424305556
4462,116.49375
4463,116.49375
4464,116.525
4465,116.55625
4466,116.55625
4467,116.597916667
4468,116.639583333
4469,116.670833333
4470,116.670833333
4471,116.7125
4472,116.7125
4473,116.7125
4474,116.771527778
4475,116.771527778
4476,116.799305556
4477,116.799305556
4478,116.799305556
4479,116.799305556
4480,116.827083333
4481,116.827083333
4482,116.877083333
4483,116.877083333
4484,116.96875
4485,117.038194444
4486,117.069444444
4487,117.119444444
4488,117.161111111
4489,117.161111111
4490,117.161111111
4491,117.161111111
4492,117.161111111
4493,117.192361111
4494,117.192361111
4495,117.192361111
4496,117.192361111
4497,117.234027778
4498,117.303472222
4499,117.353472222
4500,117.353472222
4501,117.422916667
4502,117.422916667
4503,117.481944444
4504,117.481944444
4505,117.513194444
4506,117.544444444
4507,117.613888889
4508,117.613888889
4509,117.683333333
4510,117.683333333
4511,117.792361111
4512,117.861805556
4513,117.903472222
4514,117.903472222
4515,117.93125
4516,118.000694444
4517,118.000694444
4518,118.000694444
4519,118.000694444
4520,118.050694444
4521,118.092361111
4522,118.092361111
4523,118.142361111
4524,118.211805556
4525,118.211805556
4526,118.303472222
4527,118.303472222
4528,118.353472222
4529,118.353472222
4530,118.395138889
4531,118.395138889
4532,118.422916667
4533,118.422916667
4534,118.422916667
4535,118.422916667
4536,118.450694444
4537,118.492361111
4538,118.492361111
4539,118.492361111
4540,118.492361111
4541,118.520138889
4542,118.547916667
4543,118.575694444
4544,118.575694444
4545,118.625694444
4546,118.734722222
4547,118.734722222
4548,118.734722222
4549,118.734722222
4550,118.734722222
4551,118.734722222
4552,118.765972222
4553,118.765972222
4554,118.838888889
4555,118.838888889
4556,118.838888889
4557,118.838888889
4558,118.838888889
4559,118.838888889
4560,118.838888889
4561,118.838888889
4562,118.880555556
4563,118.922222222
4564,118.922222222
4565,118.922222222
4566,118.953472222
4567,118.995138889
4568,119.086805556
4569,119.086805556
4570,119.086805556
4571,119.114583333
4572,119.164583333
4573,119.20625
4574,119.20625
4575,119.20625
4576,119.20625
4577,119.247916667
4578,119.247916667
4579,119.289583333
4580,119.320833333
4581,119.320833333
4582,119.348611111
4583,119.348611111
4584,119.398611111
4585,119.398611111
4586,119.457638889
4587,119.457638889
4588,119.488888889
4589,119.516666667
4590,119.516666667
4591,119.516666667
4592,119.516666667
4593,119.516666667
4594,119.516666667
4595,119.594444444
4596,119.594444444
4597,119.622222222
4598,119.622222222
4599,119.65
4600,119.65
4601,119.65
4602,119.709027778
4603,119.750694444
4604,119.750694444
4605,119.800694444
4606,119.831944444
4607,119.881944444
4608,119.931944444
4609,119.931944444
4610,119.931944444
4611,119.959722222
4612,120.001388889
4613,120.001388889
4614,120.029166667
4615,120.029166667
4616,120.070833333
4617,120.070833333
4618,120.098611111
4619,120.129861111
4620,120.129861111
4621,120.171527778
4622,120.249305556
4623,120.290972222
4624,120.290972222
4625,120.290972222
4626,120.290972222
4627,120.290972222
4628,120.290972222
4629,120.372222222
4630,120.372222222
4631,120.403472222
4632,120.403472222
4633,120.434722222
4634,120.504166667
4635,120.545833333
4636,120.545833333
4637,120.545833333
4638,120.545833333
4639,120.595833333
4640,120.645833333
4641,120.723611111
4642,120.723611111
4643,120.723611111
4644,120.723611111
4645,120.723611111
4646,120.723611111
4647,120.723611111
4648,120.804861111
4649,120.804861111
4650,120.804861111
4651,120.846527778
4652,120.846527778
4653,120.846527778
4654,120.846527778
4655,120.846527778
4656,120.846527778
4657,120.846527778
4658,120.846527778
4659,120.846527778
4660,120.938194444
4661,120.938194444
4662,120.965972222
4663,120.965972222
4664,120.965972222
4665,120.965972222
4666,120.997222222
4667,120.997222222
4668,121.028472222
4669,121.028472222
4670,121.078472222
4671,121.109722222
4672,121.151388889
4673,121.151388889
4674,121.151388889
4675,121.193055556
4676,121.193055556
4677,121.193055556
4678,121.193055556
4679,121.234722222
4680,121.276388889
4681,121.304166667
4682,121.304166667
4683,121.304166667
4684,121.304166667
4685,121.304166667
4686,121.304166667
4687,121.335416667
4688,121.366666667
4689,121.366666667
4690,121.366666667
4691,121.447916667
4692,121.489583333
4693,121.489583333
4694,121.489583333
4695,121.489583333
4696,121.489583333
4697,121.489583333
4698,121.489583333
4699,121.53125
4700,121.622916667
4701,121.650694444
4702,121.700694444
4703,121.728472222
4704,121.728472222
4705,121.728472222
4706,121.759722222
4707,121.759722222
4708,121.759722222
4709,121.832638889
4710,121.832638889
4711,121.832638889
4712,121.874305556
4713,121.902083333
4714,121.929861111
4715,121.929861111
4716,121.929861111
4717,121.929861111
4718,121.929861111
4719,121.929861111
4720,121.929861111
4721,121.929861111
4722,121.929861111
4723,121.999305556
4724,121.999305556
4725,122.040972222
4726,122.040972222
4727,122.040972222
4728,122.072222222
4729,122.072222222
4730,122.1
4731,122.141666667
4732,122.169444444
4733,122.169444444
4734,122.169444444
4735,122.169444444
4736,122.200694444
4737,122.228472222
4738,122.228472222
4739,122.270138889
4740,122.270138889
4741,122.301388889
4742,122.301388889
4743,122.360416667
4744,122.402083333
4745,122.402083333
4746,122.452083333
4747,122.452083333
4748,122.529861111
4749,122.529861111
4750,122.529861111
4751,122.529861111
4752,122.579861111
4753,122.607638889
4754,122.666666667
4755,122.666666667
4756,122.694444444
4757,122.694444444
4758,122.775694444
4759,122.775694444
4760,122.775694444
4761,122.803472222
4762,122.853472222
4763,122.903472222
4764,122.93125
4765,122.93125
4766,122.959027778
4767,122.959027778
4768,122.986805556
4769,123.018055556
4770,123.068055556
4771,123.109722222
4772,123.151388889
4773,123.274305556
4774,123.302083333
4775,123.329861111
4776,123.329861111
4777,123.371527778
4778,123.371527778
4779,123.421527778
4780,123.421527778
4781,123.421527778
4782,123.471527778
4783,123.471527778
4784,123.544444444
4785,123.544444444
4786,123.544444444
4787,123.617361111
4788,123.645138889
4789,123.686805556
4790,123.686805556
4791,123.728472222
4792,123.75625
4793,123.75625
4794,123.75625
4795,123.75625
4796,123.75625
4797,123.75625
4798,123.797916667
4799,123.797916667
4800,123.829166667
4801,123.829166667
4802,123.829166667
4803,123.829166667
4804,123.860416667
4805,123.860416667
4806,123.891666667
4807,123.891666667
4808,123.941666667
4809,123.941666667
4810,123.983333333
4811,124.014583333
4812,124.014583333
4813,124.064583333
4814,124.064583333
4815,124.10625
4816,124.10625
4817,124.10625
4818,124.10625
4819,124.10625
4820,124.10625
4821,124.184027778
4822,124.225694444
4823,124.225694444
4824,124.225694444
4825,124.253472222
4826,124.253472222
4827,124.253472222
4828,124.303472222
4829,124.303472222
4830,124.303472222
4831,124.345138889
4832,124.345138889
4833,124.345138889
4834,124.345138889
4835,124.386805556
4836,124.386805556
4837,124.386805556
4838,124.386805556
4839,124.386805556
4840,124.386805556
4841,124.386805556
4842,124.414583333
4843,124.414583333
4844,124.414583333
4845,124.442361111
4846,124.484027778
4847,124.575694444
4848,124.575694444
4849,124.575694444
4850,124.617361111
4851,124.645138889
4852,124.676388889
4853,124.676388889
4854,124.676388889
4855,124.718055556
4856,124.759722222
4857,124.759722222
4858,124.759722222
4859,124.759722222
4860,124.801388889
4861,124.801388889
4862,124.851388889
4863,124.851388889
4864,124.879166667
4865,124.879166667
4866,124.906944444
4867,124.934722222
4868,125.004166667
4869,125.004166667
4870,125.031944444
4871,125.101388889
4872,125.101388889
4873,125.101388889
4874,125.101388889
4875,125.101388889
4876,125.101388889
4877,125.101388889
4878,125.143055556
4879,125.170833333
4880,125.170833333
4881,125.2125
4882,125.240277778
4883,125.240277778
4884,125.240277778
4885,125.290277778
4886,125.368055556
4887,125.368055556
4888,125.368055556
4889,125.399305556
4890,125.399305556
4891,125.449305556
4892,125.449305556
4893,125.449305556
4894,125.480555556
4895,125.530555556
4896,125.530555556
4897,125.561805556
4898,125.561805556
4899,125.589583333
4900,125.617361111
4901,125.617361111
4902,125.667361111
4903,125.695138889
4904,125.695138889
4905,125.695138889
4906,125.695138889
4907,125.695138889
4908,125.786805556
4909,125.786805556
4910,125.828472222
4911,125.85625
4912,125.85625
4913,125.897916667
4914,125.897916667
4915,125.979166667
4916,125.979166667
4917,125.979166667
4918,126.020833333
4919,126.020833333
4920,126.048611111
4921,126.048611111
4922,126.048611111
4923,126.098611111
4924,126.148611111
4925,126.148611111
4926,126.148611111
4927,126.148611111
4928,126.190277778
4929,126.218055556
4930,126.218055556
4931,126.218055556
4932,126.249305556
4933,126.299305556
4934,126.36875
4935,126.41875
4936,126.41875
4937,126.41875
4938,126.41875
4939,126.460416667
4940,126.488194444
4941,126.529861111
4942,126.529861111
4943,126.529861111
4944,126.529861111
4945,126.588888889
4946,126.588888889
4947,126.588888889
4948,126.588888889
4949,126.616666667
4950,126.616666667
4951,126.616666667
4952,126.616666667
4953,126.644444444
4954,126.675694444
4955,126.675694444
4956,126.717361111
4957,126.795138889
4958,126.795138889
4959,126.822916667
4960,126.822916667
4961,126.822916667
4962,126.822916667
4963,126.822916667
4964,126.822916667
4965,126.900694444
4966,126.900694444
4967,126.900694444
4968,126.900694444
4969,126.900694444
4970,126.900694444
4971,126.900694444
4972,126.900694444
4973,126.928472222
4974,126.970138889
4975,126.997916667
4976,126.997916667
4977,127.047916667
4978,127.047916667
4979,127.120833333
4980,127.120833333
4981,127.120833333
4982,127.120833333
4983,127.120833333
4984,127.120833333
4985,127.120833333
4986,127.120833333
4987,127.120833333
4988,127.120833333
4989,127.229861111
4990,127.271527778
4991,127.299305556
4992,127.299305556
4993,127.299305556
4994,127.340972222
4995,127.410416667
4996,127.452083333
4997,127.49375
4998,127.49375
