1,0.579911822591
2,0.660412044464
3,0.728702910699
4,0.783386973466
5,0.826340016314
6,0.869084539818
7,0.908833657909
8,0.94956059693
9,0.982635286741
10,1.01740192403
11,1.04815430495
12,1.08316338139
13,1.11553323415
14,1.15138184487
15,1.18445660235
16,1.20688558493
17,1.22595289405
18,1.24707723055
19,1.2762367125
20,1.31258960636
21,1.33575220959
22,1.35537722731
23,1.37404491578
24,1.3977818674
25,1.42085253732
26,1.44172223737
27,1.44430368111
28,1.47563636645
29,1.50976984451
30,1.53060358335
31,1.55684340159
32,1.57715859314
33,1.59876322938
34,1.62698453727
35,1.64309810553
36,1.66535590565
37,1.69447192651
38,1.71373151404
39,1.72540512346
40,1.74283472505
41,1.7651640955
42,1.76955037187
43,1.77898613904
44,1.78041212368
45,1.78081915041
46,1.79966466705
47,1.82867819428
48,1.84669696751
49,1.8663555388
50,1.89522718222
51,1.92172088777
52,1.94160803375
53,1.94817961657
54,1.93944295375
55,1.93432910595
56,1.94960150367
57,1.96165966089
58,1.96865005534
59,1.97803533073
60,2.0175515575
61,2.03292491645
62,2.0523242056
63,2.06703454851
64,2.06978095098
65,2.0855336787
66,2.09971284571
67,2.10625415775
68,2.10924359304
69,2.11170565827
70,2.11872273132
71,2.12084476109
72,2.13185302265
73,2.15662999161
74,2.17187547102
75,2.17374363038
76,2.17945048465
77,2.20392634946
78,2.21342536902
79,2.19891950503
80,2.1906999647
81,2.20795653887
82,2.19842090818
83,2.22788281438
84,2.24161486875
85,2.22118308156
86,2.25665157674
87,2.27222689944
88,2.29123615288
89,2.29010699974
90,2.29240494321
91,2.29517552468
92,2.31027220643
93,2.31687228227
94,2.30612160364
95,2.30598525518
96,2.26822775425
97,2.26443901365
98,2.24947091298
99,2.26232273707
100,2.25239285096
101,2.25708344853
102,2.26548077143
103,2.27450173773
104,2.26859043566
105,2.28386864833
106,2.30417149213
107,2.32038464154
108,2.32594520566
109,2.33434462601
110,2.34770647271
111,2.41037595994
112,2.42768561821
113,2.4482353145
114,2.47988115513
115,2.48786246782
116,2.51238549759
117,2.51947856476
118,2.52321836095
119,2.53326609773
120,2.5396823259
121,2.54198349258
122,2.51984305324
123,2.52846500625
124,2.53206360079
125,2.52300775043
126,2.52794261231
127,2.53911748154
128,2.53152844165
129,2.53139104661
130,2.53283320022
131,2.53822245345
132,2.56346080135
133,2.58277579625
134,2.59085478324
135,2.57718204303
136,2.5805544665
137,2.58572567544
138,2.60736742136
139,2.69249004738
140,2.69426309703
141,2.69988113148
142,2.70219212859
143,2.6907062414
144,2.70019422468
145,2.70098704616
146,2.70310709725
147,2.74520158346
148,2.75652949404
149,2.7617167751
150,2.77752061556
151,2.77043670286
152,2.7579385412
153,2.76089139535
154,2.7621982297
155,2.76283870793
156,2.7687637172
157,2.78803221269
158,2.79953451146
159,2.80568910162
160,2.8098225773
161,2.79264140666
162,2.7897456451
163,2.79210415847
164,2.8012047336
165,2.81038885092
166,2.8363628347
167,2.8851015341
168,2.89571605924
169,2.89842245278
170,2.90312139753
171,2.91401525228
172,2.92815695644
173,2.93463470069
174,2.93492338429
175,2.93981350956
176,2.95118589391
177,2.95234062832
178,2.95149848828
179,2.95414070155
180,2.95449343523
181,2.95700746441
182,2.96897217323
183,2.98570056829
184,2.9973260827
185,3.01627135395
186,3.02383080946
187,3.03438241197
188,3.03927811227
189,3.04983634926
190,3.05647083865
191,3.05647083865
192,3.10704697987
193,3.1361377109
194,3.13818969448
195,3.14001367989
196,3.14138166895
197,3.14445964432
198,3.15095759234
199,3.15499465812
200,3.13211805556
201,3.13453167344
202,3.13802506775
203,3.1433604336
204,3.14374153117
205,3.15921409214
206,3.17501693767
207,3.18176780875
208,3.08161510636
209,3.03470096372
210,3.04386763039
211,3.04751346372
212,3.05369041177
213,3.05682352865
214,3.05682352865
215,3.06322233818
216,3.07175408421
217,3.13308676543
218,3.17007874703
219,3.1803208327
220,3.18753684759
221,3.19972577598
222,3.20615882152
223,3.21706597768
224,3.22144066362
225,3.22232742428
226,3.22658387547
227,3.26148670746
228,3.27353775366
229,3.27759454879
230,3.2780002283
231,3.28393329118
232,3.2890042851
233,3.30097183074
234,3.30421726684
235,3.30577237164
236,3.31275907437
237,3.31428037255
238,3.35769603312
239,3.36858804449
240,3.3773097959
241,3.3773097959
242,3.38084086935
243,3.39990866596
244,3.40096798799
245,3.40308663206
246,3.40308663206
247,3.40792924707
248,3.41519316959
249,3.43716933775
250,3.52613845131
251,3.52891622909
252,3.53156173174
253,3.53453792221
254,3.54055644073
255,3.5443180148
256,3.55473468147
257,3.55647079258
258,3.55647079258
259,3.55982727406
260,3.56677171851
261,3.56735042221
262,3.57313745925
263,3.5206644624
264,3.51755805676
265,3.52822472342
266,3.53022472342
267,3.53422472342
268,3.55249139009
269,3.57115805676
270,3.57415805676
271,3.57415805676
272,3.57464290524
273,3.57512775373
274,3.57512775373
275,3.57512775373
276,3.57512775373
277,3.56969326198
278,3.55318662819
279,3.55318662819
280,3.5570287881
281,3.5606632637
282,3.56190936962
283,3.5738808872
284,3.58489557345
285,3.58645320585
286,3.58645320585
287,3.58645320585
288,3.59275790841
289,3.60087243148
290,3.61021822587
291,3.62475612826
292,3.63051464804
293,3.64250369741
294,3.47396954897
295,3.46238402544
296,3.467939581
297,3.49695192667
298,3.49972970445
299,3.50435933408
300,3.50806303779
301,3.51380377853
302,3.51704451927
303,3.52445192667
304,3.54297044519
305,3.5466741489
306,3.55315563038
307,3.55747661803
308,3.56179760569
309,3.56179760569
310,3.56213430602
311,3.56499625889
312,3.48134519801
313,3.41848315084
314,3.42492572787
315,3.44033189033
316,3.44033189033
317,3.44369323487
318,3.444533571
319,3.44943553179
320,3.45293693235
321,3.45293693235
322,3.45293693235
323,3.4557380528
324,3.46344113403
325,3.48602516764
326,3.4869323487
327,3.49164969018
328,3.49375053052
329,3.49375053052
330,3.49375053052
331,3.49375053052
332,3.49375053052
333,3.42521277591
334,3.39669531857
335,3.39925942113
336,3.40663121601
337,3.40951583139
338,3.41143890831
339,3.41240044678
340,3.41240044678
341,3.41240044678
342,3.41240044678
343,3.42121454934
344,3.42201583139
345,3.42201583139
346,3.42321775447
347,3.43066967754
348,3.43975087413
349,3.44081925019
350,3.44274232712
351,3.44370386558
352,3.44586732712
353,3.45043463481
354,3.45043463481
355,3.45043463481
356,3.45043463481
357,3.41335544797
358,3.41128757454
359,3.41731167093
360,3.42032371912
361,3.42032371912
362,3.42529359864
363,3.42875745406
364,3.43133920965
365,3.44037535423
366,3.45001390845
367,3.45423077592
368,3.46042220831
369,3.46845433683
370,3.47849449747
371,3.47849449747
372,3.47849449747
373,3.48451859386
374,3.48692823241
375,3.49467349919
376,3.49553408439
377,3.49553408439
378,3.49553408439
379,3.49553408439
380,3.49553408439
381,3.49553408439
382,3.49673890367
383,3.49794372294
384,3.52245881824
385,3.55791898578
386,3.56327612863
387,3.56327612863
388,3.56470470006
389,3.56613327149
390,3.58399041435
391,3.59291898578
392,3.59291898578
393,3.59291898578
394,3.59291898578
395,3.59291898578
396,3.59291898578
397,3.59291898578
398,3.59291898578
399,3.59720470006
400,3.59720470006
401,3.60696660482
402,3.62227272727
403,3.6243135436
404,3.6243135436
405,3.6243135436
406,3.6243135436
407,3.6243135436
408,3.6243135436
409,3.6243135436
410,3.6243135436
411,3.6243135436
412,3.6243135436
413,3.62717068646
414,3.62717068646
415,3.62717068646
416,3.62413253413
417,3.62072324227
418,3.63451634572
419,3.64780004478
420,3.67687527989
421,3.67687527989
422,3.67687527989
423,3.67687527989
424,3.67687527989
425,3.67687527989
426,3.67687527989
427,3.67922637707
428,3.68001007613
429,3.68432042096
430,3.68432042096
431,3.68432042096
432,3.68432042096
433,3.68432042096
434,3.68432042096
435,3.68776869682
436,3.68949283475
437,3.68949283475
438,3.68949283475
439,3.68949283475
440,3.68949283475
441,3.69294111061
442,3.69466524854
443,3.69897559337
444,3.7032859382
445,3.7032859382
446,3.7032859382
447,3.7032859382
448,3.7032859382
449,3.70501007613
450,3.71147559337
451,3.71363076579
452,3.71363076579
453,3.71363076579
454,3.64827723297
455,3.5786887811
456,3.5786887811
457,3.5786887811
458,3.5786887811
459,3.5786887811
460,3.5786887811
461,3.5786887811
462,3.5786887811
463,3.5786887811
464,3.5786887811
465,3.5786887811
466,3.5786887811
467,3.5786887811
468,3.5786887811
469,3.5786887811
470,3.5786887811
471,3.5786887811
472,3.5786887811
473,3.5786887811
474,3.5786887811
475,3.5786887811
476,3.5786887811
477,3.5786887811
478,3.5786887811
479,3.5786887811
480,3.5786887811
481,3.58069681323
482,3.58471287748
483,3.58471287748
484,3.58471287748
485,3.58471287748
486,3.58471287748
487,3.58471287748
488,3.59676107026
489,3.59676107026
490,3.59676107026
491,3.59676107026
492,3.59676107026
493,3.59676107026
494,3.59676107026
495,3.59676107026
496,3.59676107026
497,3.59785636051
498,3.60114223126
499,3.60582792208
500,3.67186963979
501,3.67186963979
502,3.67186963979
503,3.67186963979
504,3.67186963979
505,3.67186963979
506,3.67186963979
507,3.67186963979
508,3.67186963979
509,3.67186963979
510,3.67186963979
511,3.67186963979
512,3.69073756432
513,3.69073756432
514,3.69073756432
515,3.69451114923
516,3.69828473413
517,3.69828473413
518,3.69828473413
519,3.69828473413
520,3.69828473413
521,3.69828473413
522,3.70457404231
523,3.72344196684
524,3.72344196684
525,3.72344196684
526,3.72344196684
527,3.72344196684
528,3.72344196684
529,3.7328759291
530,3.75646083476
531,3.76117781589
532,3.76117781589
533,3.76117781589
534,3.76117781589
535,3.78570611778
536,3.80234419668
537,3.80577472842
538,3.80577472842
539,3.82464265294
540,3.82841623785
541,3.83785020011
542,3.84728416238
543,3.84728416238
544,3.84728416238
545,3.84728416238
546,3.84728416238
547,3.84728416238
548,3.84728416238
549,3.84728416238
550,3.84728416238
551,3.86992567181
552,3.88407661521
553,3.88407661521
554,3.88407661521
555,3.91366792929
556,3.94218319559
557,3.94218319559
558,3.94218319559
559,3.94218319559
560,3.94218319559
561,3.94218319559
562,3.94218319559
563,3.94218319559
564,3.94218319559
565,3.94672865014
566,3.94672865014
567,3.94672865014
568,3.94672865014
569,3.94672865014
570,3.94672865014
571,3.94672865014
572,3.94672865014
573,3.95292699725
574,3.95499311295
575,3.95499311295
576,3.95499311295
577,3.95499311295
578,3.95499311295
579,3.96325757576
580,3.96325757576
581,3.96325757576
582,3.96325757576
583,3.96325757576
584,3.96325757576
585,3.96325757576
586,3.96325757576
587,3.96325757576
588,3.96325757576
589,3.96325757576
590,3.96325757576
591,3.96325757576
592,3.9803030303
593,3.98598484848
594,3.99962121212
595,4.00871212121
596,4.00871212121
597,4.03143939394
598,4.03143939394
599,4.03143939394
600,4.03143939394
601,4.03970385675
602,4.03970385675
603,4.03970385675
604,4.03970385675
605,4.03970385675
606,4.03970385675
607,4.03970385675
608,4.03970385675
609,4.03970385675
610,4.06243112948
611,4.06243112948
612,4.06243112948
613,4.06243112948
614,4.06243112948
615,4.07069559229
616,4.07069559229
617,4.07069559229
618,4.07069559229
619,4.07069559229
620,4.07069559229
621,4.07069559229
622,4.07069559229
623,4.07482782369
624,4.08951726568
625,4.18678451178
626,4.20761784512
627,4.20761784512
628,4.20761784512
629,4.20761784512
630,4.20761784512
631,4.20761784512
632,4.21317340067
633,4.22428451178
634,4.22428451178
635,4.22428451178
636,4.22428451178
637,4.22428451178
638,4.22428451178
639,4.22428451178
640,4.24511784512
641,4.24511784512
642,4.24511784512
643,4.24511784512
644,4.24511784512
645,4.24511784512
646,4.24511784512
647,4.24511784512
648,4.24511784512
649,4.24511784512
650,4.25067340067
651,4.25622895623
652,4.25622895623
653,4.25622895623
654,4.25622895623
655,4.2728956229
656,4.2728956229
657,4.2728956229
658,4.2728956229
659,4.2728956229
660,4.2728956229
661,4.2728956229
662,4.27984006734
663,4.29372895623
664,4.3103956229
665,4.3103956229
666,4.3103956229
667,4.3103956229
668,4.3103956229
669,4.3103956229
670,4.3103956229
671,4.3103956229
672,4.3103956229
673,4.3103956229
674,4.31595117845
675,4.32605218855
676,4.32605218855
677,4.32605218855
678,4.33160774411
679,4.33716329966
680,4.33716329966
681,4.33716329966
682,4.33716329966
683,4.33716329966
684,4.33716329966
685,4.33716329966
686,4.33716329966
687,4.33716329966
688,4.33716329966
689,4.35382996633
690,4.36494107744
691,4.36494107744
692,4.36494107744
693,4.36494107744
694,4.36494107744
695,4.36494107744
696,4.36494107744
697,4.36494107744
698,4.36494107744
699,4.36494107744
700,4.38345959596
701,4.40197811448
702,4.42281144781
703,4.42281144781
704,4.42281144781
705,4.42281144781
706,4.4367003367
707,4.46308922559
708,4.47003367003
709,4.47003367003
710,4.47466329966
711,4.48392255892
712,4.48392255892
713,4.48392255892
714,4.48392255892
715,4.48392255892
716,4.48392255892
717,4.48392255892
718,4.48392255892
719,4.48392255892
720,4.48392255892
721,4.48392255892
722,4.48947811448
723,4.50984848485
724,4.53114478114
725,4.54225589226
726,4.54225589226
727,4.54225589226
728,4.54225589226
729,4.54225589226
730,4.54225589226
731,4.54781144781
732,4.54781144781
733,4.55244107744
734,4.5617003367
735,4.5617003367
736,4.5617003367
737,4.5617003367
738,4.5617003367
739,4.5617003367
740,4.5617003367
741,4.5617003367
742,4.57836700337
743,4.58947811448
744,4.58947811448
745,4.58947811448
746,4.58947811448
747,4.58947811448
748,4.58947811448
749,4.58947811448
750,4.58947811448
751,4.58947811448
752,4.58947811448
753,4.58947811448
754,4.58947811448
755,4.58947811448
756,4.58947811448
757,4.58947811448
758,4.58947811448
759,4.58947811448
760,4.58947811448
761,4.58947811448
762,4.59503367003
763,4.60614478114
764,4.63392255892
765,4.63392255892
766,4.63392255892
767,4.63392255892
768,4.63392255892
769,4.63392255892
770,4.63392255892
771,4.63947811448
772,4.64503367003
773,4.64503367003
774,4.64503367003
775,4.64503367003
776,4.64503367003
777,4.64503367003
778,4.64503367003
779,4.65058922559
780,4.67281144781
781,4.67281144781
782,4.68947811448
783,4.68947811448
784,4.68947811448
785,4.68947811448
786,4.68947811448
787,4.68947811448
788,4.68947811448
789,4.68947811448
790,4.68947811448
791,4.68947811448
792,4.69705387205
793,4.69957912458
794,4.69957912458
795,4.69957912458
796,4.69957912458
797,4.69957912458
798,4.69957912458
799,4.69957912458
800,4.69957912458
801,4.69957912458
802,4.69957912458
803,4.69957912458
804,4.69957912458
805,4.69957912458
806,4.69957912458
807,4.69957912458
808,4.69957912458
809,4.69957912458
810,4.69957912458
811,4.69957912458
812,4.69957912458
813,4.69957912458
814,4.69957912458
815,4.69957912458
816,4.69957912458
817,4.69957912458
818,4.69957912458
819,4.69957912458
820,4.69957912458
821,4.69957912458
822,4.69957912458
823,4.69957912458
824,4.69957912458
825,4.70513468013
826,4.70513468013
827,4.70513468013
828,4.70513468013
829,4.73291245791
830,4.73985690236
831,4.73985690236
832,4.73985690236
833,4.73985690236
834,4.73985690236
835,4.73985690236
836,4.73985690236
837,4.73985690236
838,4.73985690236
839,4.73985690236
840,4.73985690236
841,4.73985690236
842,4.73985690236
843,4.73985690236
844,4.73985690236
845,4.73985690236
846,4.73985690236
847,4.73985690236
848,4.73985690236
849,4.73985690236
850,4.73985690236
851,4.73985690236
852,4.73985690236
853,4.73985690236
854,4.73985690236
855,4.73985690236
856,4.74238215488
857,4.74995791246
858,4.74995791246
859,4.74995791246
860,4.75551346801
861,4.78884680135
862,4.80551346801
863,4.80551346801
864,4.80551346801
865,4.80551346801
866,4.81245791246
867,4.83329124579
868,4.83329124579
869,4.83329124579
870,4.83329124579
871,4.83329124579
872,4.83329124579
873,4.83329124579
874,4.84995791246
875,4.87218013468
876,4.87773569024
877,4.87773569024
878,4.87773569024
879,4.88884680135
880,4.8944023569
881,4.8944023569
882,4.8944023569
883,4.8944023569
884,4.89903198653
885,4.91081649832
886,4.91839225589
887,4.91839225589
888,4.91839225589
889,4.91839225589
890,4.91839225589
891,4.91839225589
892,4.91839225589
893,4.91839225589
894,4.929503367
895,4.93505892256
896,4.93505892256
897,4.93505892256
898,4.93505892256
899,4.93505892256
900,4.93505892256
901,4.93505892256
902,4.93505892256
903,4.93505892256
904,4.96052188552
905,4.96978114478
906,4.992003367
907,5.01422558923
908,5.01422558923
909,5.01422558923
910,5.01422558923
911,5.01422558923
912,5.01422558923
913,5.01422558923
914,5.01422558923
915,5.01422558923
916,5.01422558923
917,5.01422558923
918,5.01422558923
919,5.01422558923
920,5.01422558923
921,5.01978114478
922,5.02533670034
923,5.03644781145
924,5.05867003367
925,5.05867003367
926,5.05867003367
927,5.05867003367
928,5.05867003367
929,5.05867003367
930,5.05867003367
931,5.05867003367
932,5.05867003367
933,5.05867003367
934,5.05867003367
935,5.05867003367
936,5.05867003367
937,5.05867003367
938,5.05867003367
939,5.05867003367
940,5.05867003367
941,5.05867003367
942,5.05867003367
943,5.05867003367
944,5.05867003367
945,5.05867003367
946,5.05867003367
947,5.05867003367
948,5.05867003367
949,5.05867003367
950,5.05867003367
951,5.05867003367
952,5.05867003367
953,5.05867003367
954,5.079503367
955,5.079503367
956,5.079503367
957,5.079503367
958,5.079503367
959,5.079503367
960,5.11144781145
961,5.11839225589
962,5.11839225589
963,5.11839225589
964,5.11839225589
965,5.11839225589
966,5.11839225589
967,5.11839225589
968,5.129503367
969,5.13505892256
970,5.13505892256
971,5.13505892256
972,5.13505892256
973,5.13505892256
974,5.13505892256
975,5.13505892256
976,5.13505892256
977,5.13505892256
978,5.13505892256
979,5.13505892256
980,5.14431818182
981,5.14894781145
982,5.14894781145
983,5.14894781145
984,5.14894781145
985,5.14894781145
986,5.14894781145
987,5.15652356902
988,5.15904882155
989,5.15904882155
990,5.15904882155
991,5.15904882155
992,5.15904882155
993,5.15904882155
994,5.15904882155
995,5.15904882155
996,5.15904882155
997,5.16367845118
998,5.17293771044
999,5.15502164502
1000,5.07179863148
1001,5.07179863148
1002,5.07179863148
1003,5.07179863148
1004,5.07179863148
1005,5.07179863148
1006,5.07179863148
1007,5.07179863148
1008,5.07179863148
1009,5.07179863148
1010,5.07179863148
1011,5.07179863148
1012,5.07179863148
1013,5.07179863148
1014,5.07179863148
1015,5.07179863148
1016,5.07179863148
1017,5.07179863148
1018,5.07179863148
1019,5.07179863148
1020,5.07179863148
1021,5.07179863148
1022,5.07179863148
1023,5.07179863148
1024,5.07179863148
1025,5.07179863148
1026,5.07179863148
1027,5.07179863148
1028,5.07179863148
1029,5.07179863148
1030,5.07179863148
1031,5.07179863148
1032,5.07179863148
1033,5.07179863148
1034,5.09115347019
1035,5.09921798631
1036,5.11534701857
1037,5.11534701857
1038,5.11534701857
1039,5.11534701857
1040,5.11534701857
1041,5.11534701857
1042,5.11534701857
1043,5.11534701857
1044,5.11534701857
1045,5.11534701857
1046,5.12609970674
1047,5.13147605083
1048,5.13792766373
1049,5.14437927664
1050,5.14437927664
1051,5.14437927664
1052,5.14437927664
1053,5.14437927664
1054,5.14437927664
1055,5.14437927664
1056,5.14437927664
1057,5.14437927664
1058,5.14437927664
1059,5.1531769306
1060,5.15610948192
1061,5.15610948192
1062,5.18836754643
1063,5.18836754643
1064,5.18836754643
1065,5.18836754643
1066,5.18836754643
1067,5.19643206256
1068,5.21256109482
1069,5.21256109482
1070,5.21256109482
1071,5.21256109482
1072,5.21256109482
1073,5.21256109482
1074,5.21256109482
1075,5.21256109482
1076,5.22546432063
1077,5.25772238514
1078,5.26417399804
1079,5.27590420332
1080,5.27590420332
1081,5.27590420332
1082,5.27590420332
1083,5.27590420332
1084,5.27590420332
1085,5.27590420332
1086,5.27590420332
1087,5.27590420332
1088,5.27590420332
1089,5.27590420332
1090,5.27590420332
1091,5.27590420332
1092,5.27590420332
1093,5.27590420332
1094,5.27590420332
1095,5.27590420332
1096,5.27590420332
1097,5.27590420332
1098,5.27590420332
1099,5.27590420332
1100,5.27590420332
1101,5.27590420332
1102,5.28235581623
1103,5.29525904203
1104,5.29525904203
1105,5.31676441838
1106,5.33826979472
1107,5.33826979472
1108,5.33826979472
1109,5.33826979472
1110,5.33826979472
1111,5.33826979472
1112,5.33826979472
1113,5.33826979472
1114,5.33826979472
1115,5.33826979472
1116,5.33826979472
1117,5.33826979472
1118,5.33826979472
1119,5.33826979472
1120,5.33826979472
1121,5.33826979472
1122,5.33826979472
1123,5.33826979472
1124,5.33826979472
1125,5.33826979472
1126,5.34633431085
1127,5.36246334311
1128,5.36246334311
1129,5.36246334311
1130,5.36246334311
1131,5.36246334311
1132,5.36246334311
1133,5.36246334311
1134,5.36246334311
1135,5.36246334311
1136,5.36246334311
1137,5.36246334311
1138,5.36246334311
1139,5.36246334311
1140,5.36246334311
1141,5.36246334311
1142,5.36246334311
1143,5.36246334311
1144,5.36246334311
1145,5.36246334311
1146,5.36246334311
1147,5.37052785924
1148,5.39472140762
1149,5.39472140762
1150,5.39472140762
1151,5.39472140762
1152,5.39472140762
1153,5.39472140762
1154,5.39472140762
1155,5.39472140762
1156,5.39472140762
1157,5.39472140762
1158,5.39472140762
1159,5.39472140762
1160,5.39472140762
1161,5.39472140762
1162,5.39472140762
1163,5.39472140762
1164,5.40278592375
1165,5.41891495601
1166,5.41891495601
1167,5.44090909091
1168,5.44677419355
1169,5.44677419355
1170,5.44677419355
1171,5.44677419355
1172,5.48548387097
1173,5.48548387097
1174,5.48548387097
1175,5.48548387097
1176,5.48548387097
1177,5.49193548387
1178,5.49193548387
1179,5.49193548387
1180,5.49193548387
1181,5.49193548387
1182,5.49193548387
1183,5.49193548387
1184,5.49193548387
1185,5.49193548387
1186,5.49193548387
1187,5.49193548387
1188,5.49193548387
1189,5.49193548387
1190,5.49193548387
1191,5.49193548387
1192,5.51612903226
1193,5.51612903226
1194,5.51612903226
1195,5.51612903226
1196,5.51612903226
1197,5.51612903226
1198,5.51612903226
1199,5.51612903226
1200,5.51612903226
1201,5.51612903226
1202,5.51612903226
1203,5.51612903226
1204,5.51612903226
1205,5.51612903226
1206,5.51612903226
1207,5.51612903226
1208,5.51612903226
1209,5.51612903226
1210,5.51612903226
1211,5.51612903226
1212,5.51612903226
1213,5.51612903226
1214,5.54032258065
1215,5.54032258065
1216,5.54032258065
1217,5.54032258065
1218,5.54032258065
1219,5.54032258065
1220,5.54032258065
1221,5.54032258065
1222,5.54032258065
1223,5.54032258065
1224,5.54032258065
1225,5.54032258065
1226,5.54032258065
1227,5.54032258065
1228,5.54032258065
1229,5.54032258065
1230,5.54032258065
1231,5.54032258065
1232,5.54032258065
1233,5.54032258065
1234,5.54032258065
1235,5.56451612903
1236,5.57096774194
1237,5.57096774194
1238,5.57096774194
1239,5.57096774194
1240,5.58709677419
1241,5.59516129032
1242,5.59516129032
1243,5.59516129032
1244,5.59516129032
1245,5.59516129032
1246,5.59516129032
1247,5.59516129032
1248,5.60806451613
1249,5.61481481481
1250,5.65666666667
1251,5.65666666667
1252,5.65666666667
1253,5.65666666667
1254,5.65666666667
1255,5.65666666667
1256,5.65666666667
1257,5.65666666667
1258,5.65666666667
1259,5.65666666667
1260,5.65666666667
1261,5.65666666667
1262,5.65666666667
1263,5.65666666667
1264,5.65666666667
1265,5.65666666667
1266,5.65666666667
1267,5.65666666667
1268,5.65666666667
1269,5.65666666667
1270,5.65666666667
1271,5.65666666667
1272,5.65666666667
1273,5.65666666667
1274,5.65666666667
1275,5.65666666667
1276,5.65666666667
1277,5.65666666667
1278,5.65666666667
1279,5.65666666667
1280,5.65666666667
1281,5.65666666667
1282,5.65666666667
1283,5.65666666667
1284,5.65666666667
1285,5.65666666667
1286,5.65666666667
1287,5.65666666667
1288,5.65666666667
1289,5.65666666667
1290,5.65666666667
1291,5.65666666667
1292,5.68333333333
1293,5.68333333333
1294,5.68333333333
1295,5.68333333333
1296,5.68333333333
1297,5.68333333333
1298,5.68333333333
1299,5.68333333333
1300,5.68333333333
1301,5.68333333333
1302,5.71666666667
1303,5.71666666667
1304,5.71666666667
1305,5.71666666667
1306,5.71666666667
1307,5.71666666667
1308,5.71666666667
1309,5.71666666667
1310,5.71666666667
1311,5.71666666667
1312,5.71666666667
1313,5.71666666667
1314,5.71666666667
1315,5.75666666667
1316,5.75666666667
1317,5.75666666667
1318,5.75666666667
1319,5.75666666667
1320,5.75666666667
1321,5.75666666667
1322,5.75666666667
1323,5.75666666667
1324,5.75666666667
1325,5.75666666667
1326,5.75666666667
1327,5.75666666667
1328,5.75666666667
1329,5.75666666667
1330,5.75666666667
1331,5.75666666667
1332,5.75666666667
1333,5.75666666667
1334,5.75666666667
1335,5.75666666667
1336,5.75666666667
1337,5.75666666667
1338,5.75666666667
1339,5.75666666667
1340,5.75666666667
1341,5.75666666667
1342,5.75666666667
1343,5.75666666667
1344,5.75666666667
1345,5.75666666667
1346,5.75666666667
1347,5.75666666667
1348,5.75666666667
1349,5.75666666667
1350,5.75666666667
1351,5.75666666667
1352,5.79
1353,5.80666666667
1354,5.80666666667
1355,5.80666666667
1356,5.80666666667
1357,5.80666666667
1358,5.80666666667
1359,5.80666666667
1360,5.80666666667
1361,5.80666666667
1362,5.80666666667
1363,5.80666666667
1364,5.80666666667
1365,5.80666666667
1366,5.80666666667
1367,5.80666666667
1368,5.81777777778
1369,5.84
1370,5.84
1371,5.84
1372,5.85111111111
1373,5.87333333333
1374,5.87333333333
1375,5.89555555556
1376,5.90666666667
1377,5.90666666667
1378,5.90666666667
1379,5.90666666667
1380,5.90666666667
1381,5.90666666667
1382,5.90666666667
1383,5.90666666667
1384,5.90666666667
1385,5.90666666667
1386,5.90666666667
1387,5.90666666667
1388,5.90666666667
1389,5.90666666667
1390,5.90666666667
1391,5.90666666667
1392,5.90666666667
1393,5.90666666667
1394,5.90666666667
1395,5.90666666667
1396,5.90666666667
1397,5.90666666667
1398,5.90666666667
1399,5.90666666667
1400,5.90666666667
1401,5.90666666667
1402,5.90666666667
1403,5.92888888889
1404,5.94
1405,5.94
1406,5.94
1407,5.94
1408,5.94
1409,5.94
1410,5.94
1411,5.94
1412,5.94
1413,5.94
1414,5.94
1415,5.96666666667
1416,5.96666666667
1417,5.96666666667
1418,5.96666666667
1419,5.96666666667
1420,5.96666666667
1421,5.96666666667
1422,5.96666666667
1423,5.96666666667
1424,5.96666666667
1425,5.96666666667
1426,5.96666666667
1427,5.96666666667
1428,6.00666666667
1429,6.00666666667
1430,6.00666666667
1431,6.00666666667
1432,6.00666666667
1433,6.00666666667
1434,6.00666666667
1435,6.00666666667
1436,6.00666666667
1437,6.00666666667
1438,6.00666666667
1439,6.00666666667
1440,6.00666666667
1441,6.00666666667
1442,6.00666666667
1443,6.00666666667
1444,6.00666666667
1445,6.00666666667
1446,6.01777777778
1447,6.04
1448,6.04
1449,6.04
1450,6.04
1451,6.04
1452,6.04
1453,6.04
1454,6.04
1455,6.04
1456,6.05333333333
1457,6.05333333333
1458,6.05333333333
1459,6.05333333333
1460,6.05333333333
1461,6.05333333333
1462,6.05333333333
1463,6.05333333333
1464,6.05333333333
1465,6.05333333333
1466,6.05333333333
1467,6.05333333333
1468,6.05333333333
1469,6.05333333333
1470,6.05333333333
1471,6.05333333333
1472,6.05333333333
1473,6.05333333333
1474,6.05333333333
1475,6.05333333333
1476,6.05333333333
1477,6.05333333333
1478,6.05333333333
1479,6.05333333333
1480,6.05333333333
1481,6.05333333333
1482,6.05333333333
1483,6.05333333333
1484,6.05333333333
1485,6.05333333333
1486,6.05333333333
1487,6.05333333333
1488,6.05333333333
1489,6.05333333333
1490,6.05333333333
1491,6.05333333333
1492,6.05333333333
1493,6.07555555556
1494,6.08666666667
1495,6.08666666667
1496,6.08666666667
1497,6.08666666667
1498,6.08666666667
1499,6.08666666667
1500,6.08666666667
1501,6.08666666667
1502,6.08666666667
1503,6.08666666667
1504,6.08666666667
1505,6.08666666667
1506,6.08666666667
1507,6.08666666667
1508,6.08666666667
1509,6.08666666667
1510,6.08666666667
1511,6.08666666667
1512,6.08666666667
1513,6.08666666667
1514,6.08666666667
1515,6.08666666667
1516,6.08666666667
1517,6.08666666667
1518,6.08666666667
1519,6.08666666667
1520,6.08666666667
1521,6.08666666667
1522,6.08666666667
1523,6.08666666667
1524,6.08666666667
1525,6.08666666667
1526,6.08666666667
1527,6.08666666667
1528,6.08666666667
1529,6.08666666667
1530,6.08666666667
1531,6.08666666667
1532,6.10888888889
1533,6.12
1534,6.13333333333
1535,6.14666666667
1536,6.14666666667
1537,6.14666666667
1538,6.14666666667
1539,6.14666666667
1540,6.14666666667
1541,6.14666666667
1542,6.17333333333
1543,6.18666666667
1544,6.18666666667
1545,6.2
1546,6.22666666667
1547,6.22666666667
1548,6.22666666667
1549,6.22666666667
1550,6.22666666667
1551,6.22666666667
1552,6.22666666667
1553,6.22666666667
1554,6.22666666667
1555,6.22666666667
1556,6.22666666667
1557,6.22666666667
1558,6.22666666667
1559,6.22666666667
1560,6.22666666667
1561,6.22666666667
1562,6.22666666667
1563,6.22666666667
1564,6.22666666667
1565,6.22666666667
1566,6.22666666667
1567,6.22666666667
1568,6.22666666667
1569,6.22666666667
1570,6.22666666667
1571,6.22666666667
1572,6.22666666667
1573,6.22666666667
1574,6.22666666667
1575,6.22666666667
1576,6.22666666667
1577,6.22666666667
1578,6.22666666667
1579,6.22666666667
1580,6.22666666667
1581,6.22666666667
1582,6.22666666667
1583,6.22666666667
1584,6.22666666667
1585,6.22666666667
1586,6.22666666667
1587,6.22666666667
1588,6.22666666667
1589,6.25333333333
1590,6.26666666667
1591,6.26666666667
1592,6.26666666667
1593,6.26666666667
1594,6.27777777778
1595,6.3
1596,6.3
1597,6.3
1598,6.3
1599,6.3
1600,6.3
1601,6.3
1602,6.3
1603,6.3
1604,6.3
1605,6.3
1606,6.3
1607,6.3
1608,6.3
1609,6.3
1610,6.3
1611,6.3
1612,6.3
1613,6.3
1614,6.3
1615,6.3
1616,6.3
1617,6.31333333333
1618,6.36666666667
1619,6.39333333333
1620,6.42
1621,6.42
1622,6.42
1623,6.42
1624,6.42
1625,6.42
1626,6.42
1627,6.42
1628,6.42
1629,6.42
1630,6.42
1631,6.42
1632,6.42
1633,6.42
1634,6.42
1635,6.42
1636,6.42
1637,6.42
1638,6.42
1639,6.44222222222
1640,6.45333333333
1641,6.45333333333
1642,6.45333333333
1643,6.45333333333
1644,6.45333333333
1645,6.45333333333
1646,6.45333333333
1647,6.45333333333
1648,6.46666666667
1649,6.46666666667
1650,6.46666666667
1651,6.46666666667
1652,6.46666666667
1653,6.46666666667
1654,6.46666666667
1655,6.46666666667
1656,6.46666666667
1657,6.46666666667
1658,6.46666666667
1659,6.46666666667
1660,6.46666666667
1661,6.46666666667
1662,6.46666666667
1663,6.46666666667
1664,6.46666666667
1665,6.46666666667
1666,6.44761904762
1667,6.4
1668,6.4
1669,6.4
1670,6.4
1671,6.4
1672,6.4
1673,6.4
1674,6.4
1675,6.4
1676,6.4
1677,6.4
1678,6.4
1679,6.4
1680,6.4
1681,6.4
1682,6.4
1683,6.4
1684,6.4
1685,6.4
1686,6.4
1687,6.4
1688,6.4
1689,6.4
1690,6.4
1691,6.4
1692,6.4
1693,6.4
1694,6.4
1695,6.4
1696,6.4
1697,6.4
1698,6.4
1699,6.4
1700,6.4
1701,6.4
1702,6.4
1703,6.4
1704,6.4
1705,6.4
1706,6.4
1707,6.4
1708,6.4
1709,6.4
1710,6.4
1711,6.4
1712,6.4
1713,6.4
1714,6.4
1715,6.4
1716,6.4
1717,6.4
1718,6.4
1719,6.4
1720,6.4
1721,6.4
1722,6.4
1723,6.4
1724,6.4
1725,6.4
1726,6.4
1727,6.4
1728,6.4
1729,6.4
1730,6.4
1731,6.4
1732,6.4
1733,6.4
1734,6.4
1735,6.4
1736,6.4
1737,6.4
1738,6.4
1739,6.4
1740,6.4
1741,6.4
1742,6.4
1743,6.4
1744,6.4
1745,6.4
1746,6.4
1747,6.4
1748,6.4
1749,6.4
1750,6.4
1751,6.4
1752,6.4
1753,6.4
1754,6.4
1755,6.4
1756,6.4
1757,6.4
1758,6.4
1759,6.4
1760,6.4
1761,6.4
1762,6.4
1763,6.4
1764,6.4
1765,6.4
1766,6.4
1767,6.4
1768,6.4
1769,6.4
1770,6.4
1771,6.4
1772,6.46666666667
1773,6.46666666667
1774,6.46666666667
1775,6.46666666667
1776,6.46666666667
1777,6.46666666667
1778,6.46666666667
1779,6.46666666667
1780,6.46666666667
1781,6.46666666667
1782,6.46666666667
1783,6.46666666667
1784,6.46666666667
1785,6.46666666667
1786,6.46666666667
1787,6.46666666667
1788,6.46666666667
1789,6.46666666667
1790,6.46666666667
1791,6.46666666667
1792,6.46666666667
1793,6.46666666667
1794,6.46666666667
1795,6.46666666667
1796,6.46666666667
1797,6.46666666667
1798,6.46666666667
1799,6.46666666667
1800,6.46666666667
1801,6.46666666667
1802,6.46666666667
1803,6.46666666667
1804,6.53333333333
1805,6.6
1806,6.6
1807,6.6
1808,6.6
1809,6.6
1810,6.6
1811,6.6
1812,6.6
1813,6.6
1814,6.6
1815,6.6
1816,6.6
1817,6.6
1818,6.6
1819,6.6
1820,6.6
1821,6.6
1822,6.6
1823,6.6
1824,6.6
1825,6.6
1826,6.6
1827,6.6
1828,6.6
1829,6.6
1830,6.6
1831,6.6
1832,6.6
1833,6.6
1834,6.6
1835,6.6
1836,6.6
1837,6.6
1838,6.6
1839,6.6
1840,6.6
1841,6.6
1842,6.6
1843,6.6
1844,6.6
1845,6.6
1846,6.6
1847,6.6
1848,6.6
1849,6.6
1850,6.6
1851,6.6
1852,6.6
1853,6.6
1854,6.6
1855,6.6
1856,6.6
1857,6.6
1858,6.6
1859,6.6
1860,6.6
1861,6.6
1862,6.6
1863,6.6
1864,6.6
1865,6.6
1866,6.6
1867,6.6
1868,6.6
1869,6.6
1870,6.6
1871,6.6
1872,6.6
1873,6.6
1874,6.6
1875,6.6
1876,6.6
1877,6.6
1878,6.6
1879,6.6
1880,6.6
1881,6.6
1882,6.6
1883,6.6
1884,6.6
1885,6.6
1886,6.6
1887,6.6
1888,6.6
1889,6.6
1890,6.6
1891,6.6
1892,6.6
1893,6.6
1894,6.6
1895,6.6
1896,6.6
1897,6.6
1898,6.6
1899,6.6
1900,6.6
1901,6.6
1902,6.6
1903,6.6
1904,6.6
1905,6.6
1906,6.6
1907,6.6
1908,6.6
1909,6.6
1910,6.6
1911,6.6
1912,6.6
1913,6.6
1914,6.6
1915,6.6
1916,6.6
1917,6.6
1918,6.6
1919,6.6
1920,6.6
1921,6.6
1922,6.6
1923,6.6
1924,6.6
1925,6.6
1926,6.6
1927,6.6
1928,6.6
1929,6.6
1930,6.6
1931,6.6
1932,6.6
1933,6.6
1934,6.6
1935,6.6
1936,6.6
1937,6.6
1938,6.6
1939,6.6
1940,6.6
1941,6.6
1942,6.6
1943,6.6
1944,6.6
1945,6.6
1946,6.6
1947,6.6
1948,6.6
1949,6.6
1950,6.6
1951,6.6
1952,6.6
1953,6.6
1954,6.6
1955,6.6
1956,6.6
1957,6.6
1958,6.6
1959,6.6
1960,6.6
1961,6.6
1962,6.6
1963,6.6
1964,6.6
1965,6.6
1966,6.6
1967,6.6
1968,6.6
1969,6.6
1970,6.6
1971,6.6
1972,6.6
1973,6.6
1974,6.6
1975,6.6
1976,6.6
1977,6.6
1978,6.6
1979,6.6
1980,6.6
1981,6.6
1982,6.6
1983,6.6
1984,6.6
1985,6.6
1986,6.6
1987,6.6
1988,6.6
1989,6.6
1990,6.6
1991,6.6
1992,6.6
1993,6.6
1994,6.6
1995,6.6
1996,6.6
1997,6.6
1998,6.6
1999,6.6
2000,6.6
2001,6.6
2002,6.6
2003,6.6
2004,6.6
2005,6.6
2006,6.6
2007,6.6
2008,6.6
2009,6.6
2010,6.6
2011,6.6
2012,6.73333333333
2013,6.73333333333
2014,6.73333333333
2015,6.73333333333
2016,6.73333333333
2017,6.73333333333
2018,6.73333333333
2019,6.73333333333
2020,6.73333333333
2021,6.73333333333
2022,6.73333333333
2023,6.73333333333
2024,6.73333333333
2025,6.73333333333
2026,6.73333333333
2027,6.73333333333
2028,6.73333333333
2029,6.73333333333
2030,6.73333333333
2031,6.73333333333
2032,6.73333333333
2033,6.73333333333
2034,6.73333333333
2035,6.73333333333
2036,6.73333333333
2037,6.73333333333
2038,6.73333333333
2039,6.73333333333
2040,6.73333333333
2041,6.73333333333
2042,6.73333333333
2043,6.73333333333
2044,6.73333333333
2045,6.73333333333
2046,6.73333333333
2047,6.73333333333
2048,6.73333333333
2049,6.73333333333
2050,6.73333333333
2051,6.73333333333
2052,6.73333333333
2053,6.73333333333
2054,6.73333333333
2055,6.73333333333
2056,6.73333333333
2057,6.73333333333
2058,6.73333333333
2059,6.73333333333
2060,6.73333333333
2061,6.73333333333
2062,6.73333333333
2063,6.73333333333
2064,6.73333333333
2065,6.73333333333
2066,6.73333333333
2067,6.73333333333
2068,6.73333333333
2069,6.73333333333
2070,6.73333333333
2071,6.73333333333
2072,6.73333333333
2073,6.73333333333
2074,6.73333333333
2075,6.73333333333
2076,6.73333333333
2077,6.73333333333
2078,6.73333333333
2079,6.73333333333
2080,6.73333333333
2081,6.73333333333
2082,6.73333333333
2083,6.73333333333
2084,6.73333333333
2085,6.73333333333
2086,6.73333333333
2087,6.73333333333
2088,6.73333333333
2089,6.73333333333
2090,6.73333333333
2091,6.73333333333
2092,6.73333333333
2093,6.73333333333
2094,6.73333333333
2095,6.73333333333
2096,6.73333333333
2097,6.73333333333
2098,6.73333333333
2099,6.73333333333
2100,6.73333333333
2101,6.73333333333
2102,6.73333333333
2103,6.73333333333
2104,6.73333333333
2105,6.73333333333
2106,6.73333333333
2107,6.73333333333
2108,6.73333333333
2109,6.73333333333
2110,6.73333333333
2111,6.73333333333
2112,6.73333333333
2113,6.73333333333
2114,6.73333333333
2115,6.73333333333
2116,6.73333333333
2117,6.73333333333
2118,6.73333333333
2119,6.73333333333
2120,6.73333333333
2121,6.73333333333
2122,6.73333333333
2123,6.73333333333
2124,6.73333333333
2125,6.73333333333
2126,6.73333333333
2127,6.73333333333
2128,6.73333333333
2129,6.73333333333
2130,6.73333333333
2131,6.73333333333
2132,6.73333333333
2133,6.73333333333
2134,6.73333333333
2135,6.73333333333
2136,6.73333333333
2137,6.8
2138,6.8
2139,6.8
2140,6.8
2141,6.8
2142,6.8
2143,6.8
2144,6.8
2145,6.8
2146,6.8
2147,6.8
2148,6.8
2149,6.8
2150,6.8
2151,6.8
2152,6.8
2153,6.8
2154,6.8
2155,6.8
2156,6.8
2157,6.8
2158,6.8
2159,6.8
2160,6.8
2161,6.8
2162,6.8
2163,6.8
2164,6.8
2165,6.8
2166,6.8
2167,6.8
2168,6.8
2169,6.8
2170,6.8
2171,6.8
2172,6.8
2173,6.8
2174,6.8
2175,6.8
2176,6.8
2177,6.8
2178,6.8
2179,6.8
2180,6.8
2181,6.8
2182,6.8
2183,6.8
2184,6.8
2185,6.8
2186,6.8
2187,6.8
2188,6.8
2189,6.8
2190,6.8
2191,6.8
2192,6.8
2193,6.8
2194,6.8
2195,6.8
2196,6.8
2197,6.8
2198,6.8
2199,6.8
2200,6.8
2201,6.8
2202,6.8
2203,6.8
2204,6.8
2205,6.8
2206,6.8
2207,6.8
2208,6.8
2209,6.8
2210,6.8
2211,6.8
2212,6.8
2213,6.8
2214,6.8
2215,6.8
2216,6.8
2217,6.8
2218,6.8
2219,6.8
2220,6.8
2221,6.8
2222,6.8
2223,6.8
2224,6.8
2225,6.8
2226,6.8
2227,6.8
2228,6.8
2229,6.8
2230,6.8
2231,6.8
2232,6.8
2233,6.8
2234,6.8
2235,6.8
2236,6.8
2237,6.8
2238,6.8
2239,6.8
2240,6.8
2241,6.8
2242,6.8
2243,6.8
2244,6.8
2245,6.8
2246,6.8
2247,6.8
2248,6.8
2249,6.8
2250,6.8
2251,6.8
2252,6.8
2253,6.8
2254,6.8
2255,6.8
2256,6.8
2257,6.8
2258,6.8
2259,6.8
2260,6.8
2261,6.8
2262,6.8
2263,6.86666666667
2264,6.86666666667
2265,6.86666666667
2266,6.86666666667
2267,6.86666666667
2268,6.86666666667
2269,6.86666666667
2270,6.86666666667
2271,6.86666666667
2272,6.86666666667
2273,6.86666666667
2274,6.86666666667
2275,6.86666666667
2276,6.86666666667
2277,6.86666666667
2278,6.86666666667
2279,6.86666666667
2280,6.86666666667
2281,6.86666666667
2282,6.86666666667
2283,6.86666666667
2284,6.86666666667
2285,6.86666666667
2286,6.86666666667
2287,6.86666666667
2288,6.86666666667
2289,6.86666666667
2290,6.86666666667
2291,6.86666666667
2292,6.86666666667
2293,6.86666666667
2294,6.86666666667
2295,6.86666666667
2296,6.86666666667
2297,6.86666666667
2298,6.86666666667
2299,6.86666666667
2300,6.86666666667
2301,6.86666666667
2302,6.86666666667
2303,6.86666666667
2304,6.86666666667
2305,6.86666666667
2306,6.86666666667
2307,6.86666666667
2308,6.86666666667
2309,6.86666666667
2310,6.86666666667
2311,6.86666666667
2312,6.86666666667
2313,6.86666666667
2314,6.86666666667
2315,6.86666666667
2316,6.86666666667
2317,6.86666666667
2318,6.86666666667
2319,6.86666666667
2320,6.86666666667
2321,6.86666666667
2322,6.86666666667
2323,6.86666666667
2324,6.86666666667
2325,6.86666666667
2326,6.86666666667
2327,6.86666666667
2328,6.86666666667
2329,6.86666666667
2330,6.86666666667
2331,6.86666666667
2332,6.86666666667
2333,6.86666666667
2334,6.86666666667
2335,6.86666666667
2336,6.86666666667
2337,6.86666666667
2338,6.86666666667
2339,6.86666666667
2340,6.86666666667
2341,6.86666666667
2342,6.86666666667
2343,6.86666666667
2344,6.86666666667
2345,6.86666666667
2346,6.86666666667
2347,6.93333333333
2348,7.0
2349,7.0
2350,7.0
2351,7.0
2352,7.0
2353,7.0
2354,7.0
2355,7.0
2356,7.0
2357,7.0
2358,7.0
2359,7.0
2360,7.0
2361,7.0
2362,7.0
2363,7.0
2364,7.0
2365,7.0
2366,7.0
2367,7.0
2368,7.0
2369,7.0
2370,7.0
2371,7.0
2372,7.0
2373,7.0
2374,7.0
2375,7.0
2376,7.0
2377,7.0
2378,7.0
2379,7.0
2380,7.0
2381,7.0
2382,7.0
2383,7.0
2384,7.0
2385,7.0
2386,7.0
2387,7.0
2388,7.0
2389,7.0
2390,7.0
2391,7.0
2392,7.0
2393,7.06666666667
2394,7.13333333333
2395,7.13333333333
2396,7.13333333333
2397,7.13333333333
2398,7.13333333333
2399,7.13333333333
2400,7.13333333333
2401,7.13333333333
2402,7.13333333333
2403,7.13333333333
2404,7.13333333333
2405,7.13333333333
2406,7.13333333333
2407,7.13333333333
2408,7.13333333333
2409,7.13333333333
2410,7.13333333333
2411,7.13333333333
2412,7.13333333333
2413,7.13333333333
2414,7.13333333333
2415,7.13333333333
2416,7.13333333333
2417,7.13333333333
2418,7.13333333333
2419,7.13333333333
2420,7.13333333333
2421,7.13333333333
2422,7.13333333333
2423,7.13333333333
2424,7.13333333333
2425,7.13333333333
2426,7.13333333333
2427,7.13333333333
2428,7.13333333333
2429,7.13333333333
2430,7.13333333333
2431,7.26666666667
2432,7.4
2433,7.4
2434,7.4
2435,7.4
2436,7.4
2437,7.4
2438,7.4
2439,7.4
2440,7.4
2441,7.4
2442,7.4
2443,7.4
2444,7.4
2445,7.4
2446,7.4
2447,7.4
2448,7.4
2449,7.4
2450,7.4
2451,7.4
2452,7.4
2453,7.4
2454,7.4
2455,7.4
2456,7.4
2457,7.4
2458,7.4
2459,7.4
2460,7.4
2461,7.4
2462,7.4
2463,7.4
2464,7.4
2465,7.53333333333
2466,7.53333333333
2467,7.53333333333
2468,7.53333333333
2469,7.53333333333
2470,7.53333333333
2471,7.53333333333
2472,7.53333333333
2473,7.53333333333
2474,7.53333333333
2475,7.53333333333
2476,7.53333333333
2477,7.53333333333
2478,7.53333333333
2479,7.53333333333
2480,7.53333333333
2481,7.53333333333
2482,7.53333333333
2483,7.53333333333
2484,7.53333333333
2485,7.53333333333
2486,7.53333333333
2487,7.53333333333
2488,7.53333333333
2489,7.53333333333
2490,7.53333333333
2491,7.53333333333
2492,7.53333333333
2493,7.53333333333
2494,7.53333333333
2495,7.53333333333
2496,7.53333333333
2497,7.53333333333
2498,7.53333333333
2499,7.5
2500,7.4
2501,7.4
2502,7.4
2503,7.4
2504,7.4
2505,7.4
2506,7.4
2507,7.4
2508,7.4
2509,7.4
2510,7.4
2511,7.4
2512,7.4
2513,7.4
2514,7.4
2515,7.4
2516,7.4
2517,7.4
2518,7.4
2519,7.4
2520,7.4
2521,7.4
2522,7.4
2523,7.4
2524,7.4
2525,7.4
2526,7.4
2527,7.4
2528,7.4
2529,7.4
2530,7.4
2531,7.4
2532,7.4
2533,7.4
2534,7.4
2535,7.4
2536,7.4
2537,7.4
2538,7.4
2539,7.4
2540,7.4
2541,7.4
2542,7.4
2543,7.4
2544,7.4
2545,7.4
2546,7.4
2547,7.4
2548,7.4
2549,7.4
2550,7.4
2551,7.4
2552,7.4
2553,7.4
2554,7.4
2555,7.4
2556,7.4
2557,7.4
2558,7.4
2559,7.4
2560,7.4
2561,7.4
2562,7.4
2563,7.4
2564,7.4
2565,7.4
2566,7.4
2567,7.4
2568,7.4
2569,7.4
2570,7.4
2571,7.4
2572,7.4
2573,7.4
2574,7.4
2575,7.4
2576,7.4
2577,7.4
2578,7.4
2579,7.4
2580,7.4
2581,7.4
2582,7.4
2583,7.4
2584,7.4
2585,7.4
2586,7.4
2587,7.4
2588,7.4
2589,7.4
2590,7.4
2591,7.4
2592,7.4
2593,7.4
2594,7.4
2595,7.4
2596,7.4
2597,7.4
2598,7.4
2599,7.4
2600,7.4
2601,7.4
2602,7.4
2603,7.4
2604,7.4
2605,7.4
2606,7.4
2607,7.4
2608,7.4
2609,7.4
2610,7.4
2611,7.4
2612,7.4
2613,7.4
2614,7.4
2615,7.4
2616,7.4
2617,7.4
2618,7.4
2619,7.4
2620,7.4
2621,7.4
2622,7.4
2623,7.4
2624,7.4
2625,7.4
2626,7.4
2627,7.4
2628,7.4
2629,7.4
2630,7.4
2631,7.4
2632,7.4
2633,7.4
2634,7.4
2635,7.4
2636,7.4
2637,7.4
2638,7.4
2639,7.4
2640,7.4
2641,7.4
2642,7.4
2643,7.4
2644,7.4
2645,7.4
2646,7.4
2647,7.4
2648,7.4
2649,7.4
2650,7.4
2651,7.4
2652,7.4
2653,7.4
2654,7.4
2655,7.4
2656,7.4
2657,7.4
2658,7.4
2659,7.4
2660,7.4
2661,7.4
2662,7.4
2663,7.4
2664,7.4
2665,7.4
2666,7.4
2667,7.4
2668,7.4
2669,7.4
2670,7.4
2671,7.4
2672,7.4
2673,7.4
2674,7.4
2675,7.4
2676,7.4
2677,7.4
2678,7.4
2679,7.4
2680,7.4
2681,7.4
2682,7.4
2683,7.4
2684,7.4
2685,7.4
2686,7.4
2687,7.4
2688,7.4
2689,7.4
2690,7.4
2691,7.4
2692,7.4
2693,7.4
2694,7.4
2695,7.4
2696,7.4
2697,7.4
2698,7.4
2699,7.4
2700,7.4
2701,7.4
2702,7.4
2703,7.4
2704,7.4
2705,7.4
2706,7.4
2707,7.4
2708,7.4
2709,7.4
2710,7.4
2711,7.4
2712,7.4
2713,7.4
2714,7.4
2715,7.4
2716,7.4
2717,7.4
2718,7.4
2719,7.4
2720,7.4
2721,7.4
2722,7.4
2723,7.4
2724,7.4
2725,7.4
2726,7.4
2727,7.4
2728,7.4
2729,7.4
2730,7.4
2731,7.4
2732,7.4
2733,7.4
2734,7.4
2735,7.4
2736,7.4
2737,7.4
2738,7.4
2739,7.4
2740,7.4
2741,7.4
2742,7.4
2743,7.4
2744,7.4
2745,7.4
2746,7.4
2747,7.4
2748,7.4
2749,7.4
2750,7.4
2751,7.4
2752,7.4
2753,7.4
2754,7.4
2755,7.4
2756,7.4
2757,7.4
2758,7.4
2759,7.4
2760,7.4
2761,7.4
2762,7.4
2763,7.4
2764,7.4
2765,7.4
2766,7.4
2767,7.4
2768,7.4
2769,7.4
2770,7.4
2771,7.4
2772,7.4
2773,7.4
2774,7.6
2775,7.6
2776,7.6
2777,7.6
2778,7.6
2779,7.6
2780,7.6
2781,7.6
2782,7.6
2783,7.6
2784,7.6
2785,7.6
2786,7.6
2787,7.6
2788,7.6
2789,7.6
2790,7.6
2791,7.6
2792,7.6
2793,7.6
2794,7.6
2795,7.6
2796,7.6
2797,7.6
2798,7.6
2799,7.6
2800,7.6
2801,7.6
2802,7.6
2803,7.6
2804,7.6
2805,7.6
2806,7.6
2807,7.6
2808,7.6
2809,7.6
2810,7.6
2811,7.6
2812,7.6
2813,7.6
2814,7.6
2815,7.6
2816,7.6
2817,7.6
2818,7.6
2819,7.6
2820,7.6
2821,7.6
2822,7.6
2823,7.6
2824,7.6
2825,7.6
2826,7.6
2827,7.6
2828,7.6
2829,7.6
2830,7.6
2831,7.6
2832,7.6
2833,7.6
2834,7.6
2835,7.6
2836,7.6
2837,7.6
2838,7.6
2839,7.6
2840,7.6
2841,7.6
2842,7.6
2843,7.6
2844,7.6
2845,7.6
2846,7.6
2847,7.6
2848,7.6
2849,7.6
2850,7.6
2851,7.6
2852,7.6
2853,7.6
2854,7.6
2855,7.6
2856,7.6
2857,7.6
2858,7.6
2859,7.6
2860,7.6
2861,7.6
2862,7.6
2863,7.6
2864,7.6
2865,7.6
2866,7.6
2867,7.6
2868,7.6
2869,7.6
2870,7.6
2871,7.6
2872,7.6
2873,7.6
2874,7.6
2875,7.6
2876,7.6
2877,7.6
2878,7.6
2879,7.6
2880,7.6
2881,7.6
2882,7.6
2883,7.6
2884,7.6
2885,7.6
2886,7.6
2887,7.6
2888,7.6
2889,7.6
2890,7.6
2891,7.6
2892,7.6
2893,7.6
2894,7.6
2895,7.6
2896,7.6
2897,7.6
2898,7.6
2899,7.6
2900,7.6
2901,7.6
2902,7.6
2903,7.6
2904,7.6
2905,7.6
2906,7.6
2907,7.6
2908,7.6
2909,7.6
2910,7.6
2911,7.6
2912,7.6
2913,7.6
2914,7.6
2915,7.6
2916,7.6
2917,7.6
2918,7.6
2919,7.6
2920,7.6
2921,7.6
2922,7.6
2923,7.6
2924,7.6
2925,7.6
2926,7.6
2927,7.6
2928,7.6
2929,7.6
2930,7.6
2931,7.6
2932,7.6
2933,7.6
2934,7.6
2935,7.6
2936,7.6
2937,7.6
2938,7.6
2939,7.6
2940,7.6
2941,7.6
2942,7.6
2943,7.6
2944,7.6
2945,7.6
2946,7.6
2947,7.6
2948,7.6
2949,7.6
2950,7.6
2951,7.6
2952,7.6
2953,7.6
2954,7.6
2955,7.6
2956,7.6
2957,7.6
2958,7.6
2959,7.6
2960,7.6
2961,7.6
2962,7.6
2963,7.6
2964,7.6
2965,7.6
2966,7.6
2967,7.6
2968,7.6
2969,7.6
2970,7.6
2971,7.6
2972,7.6
2973,7.6
2974,7.6
2975,7.6
2976,7.6
2977,7.6
2978,7.6
2979,7.6
2980,7.6
2981,7.6
2982,7.6
2983,7.6
2984,7.6
2985,7.6
2986,7.6
2987,7.6
2988,7.6
2989,7.6
2990,7.6
2991,7.6
2992,7.6
2993,7.6
2994,7.6
2995,7.6
2996,7.6
2997,7.6
2998,7.6
2999,7.6
3000,7.6
3001,7.6
3002,7.6
3003,7.6
3004,7.6
3005,7.6
3006,7.6
3007,7.6
3008,7.6
3009,7.6
3010,7.6
3011,7.6
3012,7.6
3013,7.6
3014,7.6
3015,7.6
3016,7.6
3017,7.6
3018,7.6
3019,7.6
3020,7.6
3021,7.6
3022,7.6
3023,7.6
3024,7.6
3025,7.6
3026,7.6
3027,7.6
3028,7.6
3029,7.8
3030,7.8
3031,7.8
3032,7.8
3033,7.8
3034,7.8
3035,7.8
3036,7.8
3037,7.8
3038,7.8
3039,7.8
3040,7.8
3041,7.8
3042,7.8
3043,7.8
3044,7.8
3045,7.8
3046,7.8
3047,7.8
3048,7.8
3049,7.8
3050,7.8
3051,7.8
3052,7.8
3053,7.8
3054,7.8
3055,7.8
3056,7.8
3057,7.8
3058,7.8
3059,7.8
3060,7.8
3061,7.8
3062,7.8
3063,7.8
3064,7.8
3065,7.8
3066,7.8
3067,7.8
3068,7.8
3069,7.8
3070,7.8
3071,7.8
3072,7.8
3073,7.8
3074,7.8
3075,7.8
3076,7.8
3077,7.8
3078,7.8
3079,7.8
3080,7.8
3081,7.8
3082,7.8
3083,7.8
3084,7.8
3085,7.8
3086,7.8
3087,7.8
3088,7.8
3089,7.8
3090,7.8
3091,7.8
3092,7.8
3093,7.8
3094,7.8
3095,7.8
3096,7.8
3097,7.8
3098,7.8
3099,7.8
3100,7.8
3101,7.8
3102,7.8
3103,7.8
3104,7.8
3105,7.8
3106,7.8
3107,7.8
3108,7.8
3109,7.8
3110,7.8
3111,7.8
3112,7.8
3113,7.8
3114,7.8
3115,7.8
3116,7.8
3117,7.8
3118,7.8
3119,7.8
3120,7.8
3121,7.8
3122,7.8
3123,7.8
3124,7.8
3125,7.8
3126,7.8
3127,7.8
3128,7.8
3129,7.8
3130,7.8
3131,7.8
3132,7.8
3133,7.8
3134,7.8
3135,7.8
3136,7.8
3137,7.8
3138,7.8
3139,7.8
3140,7.8
3141,7.8
3142,7.8
3143,7.8
3144,7.8
3145,7.8
3146,7.8
3147,7.8
3148,7.8
3149,7.8
3150,7.8
3151,7.8
3152,7.8
3153,7.8
3154,7.8
3155,7.8
3156,7.8
3157,7.8
3158,7.8
3159,7.8
3160,7.8
3161,7.8
3162,7.8
3163,7.8
3164,7.8
3165,7.8
3166,7.8
3167,7.8
3168,7.8
3169,7.8
3170,7.8
3171,7.8
3172,7.8
3173,7.8
3174,7.8
3175,7.8
3176,8.0
3177,8.0
3178,8.0
3179,8.0
3180,8.0
3181,8.0
3182,8.0
3183,8.0
3184,8.0
3185,8.0
3186,8.0
3187,8.0
3188,8.0
3189,8.0
3190,8.0
3191,8.0
3192,8.2
3193,8.2
3194,8.2
3195,8.2
3196,8.2
3197,8.2
3198,8.2
3199,8.2
3200,8.2
3201,8.2
3202,8.2
3203,8.2
3204,8.2
3205,8.2
3206,8.2
3207,8.2
3208,8.2
3209,8.2
3210,8.2
3211,8.2
3212,8.2
3213,8.2
3214,8.2
3215,8.2
3216,8.2
3217,8.2
3218,8.2
3219,8.2
3220,8.2
3221,8.2
3222,8.2
3223,8.2
3224,8.2
3225,8.2
3226,8.2
3227,8.2
3228,8.2
3229,8.2
3230,8.2
3231,8.2
3232,8.2
3233,8.2
3234,8.2
3235,8.2
3236,8.2
3237,8.2
3238,8.2
3239,8.2
3240,8.2
3241,8.2
3242,8.2
3243,8.2
3244,8.2
3245,8.2
3246,8.2
3247,8.2
3248,8.2
3249,8.2
3250,8.2
3251,8.2
3252,8.2
3253,8.2
3254,8.2
3255,8.2
3256,8.2
3257,8.2
3258,8.2
3259,8.2
3260,8.2
3261,8.2
3262,8.2
3263,8.2
3264,8.2
3265,8.2
3266,8.2
3267,8.2
3268,8.2
3269,8.2
3270,8.2
3271,8.2
3272,8.2
3273,8.2
3274,8.2
3275,8.2
3276,8.2
3277,8.2
3278,8.2
3279,8.2
3280,8.2
3281,8.2
3282,8.2
3283,8.2
3284,8.2
3285,8.2
3286,8.2
3287,8.2
3288,8.2
3289,8.2
3290,8.2
3291,8.2
3292,8.2
3293,8.2
3294,8.2
3295,8.2
3296,8.2
3297,8.2
3298,8.2
3299,8.2
3300,8.2
3301,8.2
3302,8.2
3303,8.2
3304,8.2
3305,8.2
3306,8.2
3307,8.2
3308,8.2
3309,8.2
3310,8.2
3311,8.2
3312,8.2
3313,8.2
3314,8.2
3315,8.2
3316,8.2
3317,8.2
3318,8.2
3319,8.2
3320,8.2
3321,8.2
3322,8.2
3323,8.2
3324,8.2
3325,8.2
3326,8.2
3327,8.2
3328,8.2
3329,8.2
3330,8.2
3331,8.2
3332,8.2
3333,8.2
3334,8.2
3335,8.2
3336,8.2
3337,8.2
3338,8.2
3339,8.2
3340,8.2
3341,8.2
3342,8.2
3343,8.2
3344,8.2
3345,8.2
3346,8.2
3347,8.2
3348,8.2
3349,8.2
3350,8.2
3351,8.2
3352,8.2
3353,8.2
3354,8.2
3355,8.2
3356,8.2
3357,8.2
3358,8.2
3359,8.2
3360,8.2
3361,8.2
3362,8.2
3363,8.2
3364,8.2
3365,8.2
3366,8.2
3367,8.2
3368,8.2
3369,8.2
3370,8.2
3371,8.2
3372,8.2
3373,8.2
3374,8.2
3375,8.2
3376,8.2
3377,8.2
3378,8.2
3379,8.2
3380,8.2
3381,8.2
3382,8.2
3383,8.2
3384,8.2
3385,8.2
3386,8.2
3387,8.2
3388,8.2
3389,8.2
3390,8.2
3391,8.2
3392,8.2
3393,8.2
3394,8.2
3395,8.2
3396,8.2
3397,8.2
3398,8.2
3399,8.2
3400,8.2
3401,8.2
3402,8.2
3403,8.2
3404,8.2
3405,8.2
3406,8.2
3407,8.2
3408,8.2
3409,8.2
3410,8.2
3411,8.2
3412,8.2
3413,8.2
3414,8.2
3415,8.2
3416,8.2
3417,8.2
3418,8.2
3419,8.2
3420,8.2
3421,8.2
3422,8.2
3423,8.2
3424,8.2
3425,8.2
3426,8.2
3427,8.2
3428,8.2
3429,8.2
3430,8.2
3431,8.2
3432,8.2
3433,8.2
3434,8.2
3435,8.2
3436,8.2
3437,8.2
3438,8.2
3439,8.2
3440,8.2
3441,8.2
3442,8.2
3443,8.2
3444,8.2
3445,8.2
3446,8.2
3447,8.2
3448,8.2
3449,8.2
3450,8.2
3451,8.2
3452,8.2
3453,8.2
3454,8.2
3455,8.2
3456,8.2
3457,8.2
3458,8.2
3459,8.2
3460,8.2
3461,8.2
3462,8.2
3463,8.2
3464,8.2
3465,8.2
3466,8.2
3467,8.2
3468,8.2
3469,8.2
3470,8.2
3471,8.2
3472,8.2
3473,8.2
3474,8.2
3475,8.2
3476,8.2
3477,8.2
3478,8.2
3479,8.2
3480,8.2
3481,8.2
3482,8.2
3483,8.2
3484,8.2
3485,8.2
3486,8.2
3487,8.2
3488,8.2
3489,8.2
3490,8.2
3491,8.2
3492,8.2
3493,8.2
3494,8.2
3495,8.2
3496,8.2
3497,8.2
3498,8.2
3499,8.2
3500,8.2
3501,8.2
3502,8.2
3503,8.2
3504,8.2
3505,8.2
3506,8.2
3507,8.2
3508,8.2
3509,8.2
3510,8.2
3511,8.2
3512,8.2
3513,8.2
3514,8.2
3515,8.2
3516,8.2
3517,8.2
3518,8.2
3519,8.2
3520,8.2
3521,8.2
3522,8.2
3523,8.2
3524,8.2
3525,8.2
3526,8.2
3527,8.2
3528,8.2
3529,8.2
3530,8.2
3531,8.4
3532,8.4
3533,8.4
3534,8.4
3535,8.4
3536,8.4
3537,8.4
3538,8.4
3539,8.4
3540,8.4
3541,8.4
3542,8.4
3543,8.4
3544,8.4
3545,8.4
3546,8.4
3547,8.4
3548,8.4
3549,8.4
3550,8.4
3551,8.4
3552,8.4
3553,8.4
3554,8.4
3555,8.4
3556,8.4
3557,8.4
3558,8.4
3559,8.4
3560,8.4
3561,8.4
3562,8.4
3563,8.4
3564,8.4
3565,8.4
3566,8.4
3567,8.4
3568,8.4
3569,8.4
3570,8.4
3571,8.4
3572,8.4
3573,8.4
3574,8.4
3575,8.4
3576,8.4
3577,8.4
3578,8.4
3579,8.4
3580,8.4
3581,8.4
3582,8.4
3583,8.4
3584,8.4
3585,8.4
3586,8.4
3587,8.4
3588,8.4
3589,8.4
3590,8.4
3591,8.4
3592,8.4
3593,8.4
3594,8.4
3595,8.4
3596,8.4
3597,8.4
3598,8.4
3599,8.4
3600,8.4
3601,8.4
3602,8.4
3603,8.4
3604,8.4
3605,8.4
3606,8.4
3607,8.4
3608,8.4
3609,8.4
3610,8.4
3611,8.4
3612,8.4
3613,8.4
3614,8.4
3615,8.4
3616,8.4
3617,8.4
3618,8.4
3619,8.4
3620,8.4
3621,8.4
3622,8.4
3623,8.4
3624,8.4
3625,8.4
3626,8.4
3627,8.4
3628,8.4
3629,8.4
3630,8.4
3631,8.4
3632,8.4
3633,8.4
3634,8.4
3635,8.4
3636,8.4
3637,8.4
3638,8.4
3639,8.4
3640,8.4
3641,8.4
3642,8.4
3643,8.4
3644,8.4
3645,8.4
3646,8.4
3647,8.4
3648,8.4
3649,8.4
3650,8.4
3651,8.4
3652,8.4
3653,8.4
3654,8.4
3655,8.4
3656,8.4
3657,8.4
3658,8.4
3659,8.4
3660,8.4
3661,8.4
3662,8.4
3663,8.4
3664,8.4
3665,8.4
3666,8.4
3667,8.4
3668,8.4
3669,8.4
3670,8.4
3671,8.4
3672,8.4
3673,8.4
3674,8.4
3675,8.4
3676,8.4
3677,8.4
3678,8.4
3679,8.4
3680,8.4
3681,8.4
3682,8.4
3683,8.4
3684,8.4
3685,8.4
3686,8.4
3687,8.4
3688,8.4
3689,8.4
3690,8.4
3691,8.4
3692,8.4
3693,8.4
3694,8.4
3695,8.4
3696,8.4
3697,8.4
3698,8.4
3699,8.6
3700,8.6
3701,8.6
3702,8.6
3703,8.6
3704,8.6
3705,8.6
3706,8.6
3707,8.6
3708,8.6
3709,8.6
3710,8.6
3711,8.6
3712,8.6
3713,8.6
3714,8.6
3715,8.6
3716,8.6
3717,8.6
3718,8.6
3719,8.6
3720,8.6
3721,8.6
3722,8.6
3723,8.6
3724,8.6
3725,8.6
3726,8.6
3727,8.6
3728,8.6
3729,8.8
3730,8.8
3731,8.8
3732,8.8
3733,8.8
3734,8.8
3735,8.8
3736,8.8
3737,8.8
3738,8.8
3739,8.8
3740,8.8
3741,8.8
3742,8.8
3743,8.8
3744,8.8
3745,8.8
3746,8.8
3747,8.8
3748,8.8
3749,8.8
3750,8.8
3751,8.8
3752,8.8
3753,8.8
3754,8.8
3755,8.8
3756,8.8
3757,8.8
3758,8.8
3759,8.8
3760,8.8
3761,8.8
3762,8.8
3763,8.8
3764,8.8
3765,8.8
3766,8.8
3767,8.8
3768,8.8
3769,8.8
3770,8.8
3771,8.8
3772,8.8
3773,8.8
3774,8.8
3775,8.8
3776,8.8
3777,8.8
3778,8.8
3779,8.8
3780,8.8
3781,8.8
3782,8.8
3783,8.8
3784,8.8
3785,8.8
3786,8.8
3787,8.8
3788,8.8
3789,8.8
3790,8.8
3791,8.8
3792,8.8
3793,8.8
3794,8.8
3795,8.8
3796,8.8
3797,8.8
3798,8.8
3799,8.8
3800,8.8
3801,8.8
3802,8.8
3803,8.8
3804,8.8
3805,8.8
3806,8.8
3807,8.8
3808,8.8
3809,8.8
3810,8.8
3811,8.8
3812,8.8
3813,8.8
3814,8.8
3815,8.8
3816,8.8
3817,8.8
3818,8.8
3819,8.8
3820,8.8
3821,8.8
3822,8.8
3823,8.8
3824,8.8
3825,8.8
3826,8.8
3827,8.8
3828,8.8
3829,8.8
3830,8.8
3831,8.8
3832,8.8
3833,8.8
3834,8.8
3835,8.8
3836,8.8
3837,8.8
3838,8.8
3839,8.8
3840,8.8
3841,8.8
3842,8.8
3843,8.8
3844,8.8
3845,8.8
3846,8.8
3847,8.8
3848,8.8
3849,8.8
3850,8.8
3851,8.8
3852,8.8
3853,8.8
3854,8.8
3855,8.8
3856,8.8
3857,8.8
3858,8.8
3859,8.8
3860,8.8
3861,8.8
3862,8.8
3863,8.8
3864,8.8
3865,8.8
3866,8.8
3867,8.8
3868,8.8
3869,8.8
3870,8.8
3871,8.8
3872,8.8
3873,8.8
3874,8.8
3875,8.8
3876,8.8
3877,8.8
3878,8.8
3879,8.8
3880,8.8
3881,8.8
3882,8.8
3883,8.8
3884,8.8
3885,8.8
3886,8.8
3887,8.8
3888,8.8
3889,8.8
3890,8.8
3891,8.8
3892,8.8
3893,8.8
3894,8.8
3895,8.8
3896,8.8
3897,8.8
3898,8.8
3899,8.8
3900,8.8
3901,8.8
3902,8.8
3903,8.8
3904,8.8
3905,8.8
3906,8.8
3907,8.8
3908,8.8
3909,8.8
3910,8.8
3911,8.8
3912,8.8
3913,8.8
3914,8.8
3915,8.8
3916,8.8
3917,8.8
3918,8.8
3919,8.8
3920,8.8
3921,8.8
3922,8.8
3923,8.8
3924,8.8
3925,8.8
3926,8.8
3927,8.8
3928,8.8
3929,8.8
3930,8.8
3931,8.8
3932,8.8
3933,8.8
3934,8.8
3935,8.8
3936,8.8
3937,8.8
3938,8.8
3939,8.8
3940,8.8
3941,8.8
3942,8.8
3943,8.8
3944,8.8
3945,8.8
3946,8.8
3947,8.8
3948,8.8
3949,8.8
3950,8.8
3951,8.8
3952,8.8
3953,8.8
3954,8.8
3955,8.8
3956,8.8
3957,8.8
3958,8.8
3959,8.8
3960,8.8
3961,8.8
3962,8.8
3963,8.8
3964,8.8
3965,8.8
3966,8.8
3967,8.8
3968,8.8
3969,8.8
3970,8.8
3971,8.8
3972,8.8
3973,8.8
3974,8.8
3975,8.8
3976,8.8
3977,8.8
3978,8.8
3979,8.8
3980,8.8
3981,8.8
3982,8.8
3983,8.8
3984,8.8
3985,8.8
3986,8.8
3987,8.8
3988,8.8
3989,8.8
3990,8.8
3991,8.8
3992,8.8
3993,8.8
3994,8.8
3995,8.8
3996,8.8
3997,8.8
3998,8.8
3999,8.8
4000,8.8
4001,8.8
4002,8.8
4003,8.8
4004,8.8
4005,8.8
4006,8.8
4007,8.8
4008,8.8
4009,8.8
4010,8.8
4011,8.8
4012,8.8
4013,8.8
4014,8.8
4015,8.8
4016,8.8
4017,8.8
4018,8.8
4019,8.8
4020,8.8
4021,8.8
4022,8.8
4023,8.8
4024,8.8
4025,8.8
4026,8.8
4027,8.8
4028,8.8
4029,8.8
4030,8.8
4031,8.8
4032,8.8
4033,8.8
4034,8.8
4035,8.8
4036,8.8
4037,8.8
4038,8.8
4039,8.8
4040,8.8
4041,8.8
4042,8.8
4043,8.8
4044,8.8
4045,8.8
4046,8.8
4047,8.8
4048,8.8
4049,8.8
4050,8.8
4051,8.8
4052,8.8
4053,8.8
4054,8.8
4055,8.8
4056,8.8
4057,8.8
4058,8.8
4059,8.8
4060,8.8
4061,8.8
4062,8.8
4063,8.8
4064,8.8
4065,8.8
4066,8.8
4067,8.8
4068,8.8
4069,8.8
4070,8.8
4071,8.8
4072,8.8
4073,8.8
4074,8.8
4075,8.8
4076,8.8
4077,8.8
4078,8.8
4079,8.8
4080,8.8
4081,8.8
4082,8.8
4083,8.8
4084,8.8
4085,8.8
4086,8.8
4087,8.8
4088,8.8
4089,8.8
4090,8.8
4091,8.8
4092,8.8
4093,8.8
4094,8.8
4095,8.8
4096,8.8
4097,8.8
4098,8.8
4099,8.8
4100,8.8
4101,8.8
4102,8.8
4103,8.8
4104,8.8
4105,8.8
4106,8.8
4107,8.8
4108,8.8
4109,8.8
4110,8.8
4111,8.8
4112,8.8
4113,8.8
4114,8.8
4115,8.8
4116,8.8
4117,8.8
4118,8.8
4119,8.8
4120,8.8
4121,8.8
4122,8.8
4123,8.8
4124,8.8
4125,8.8
4126,8.8
4127,8.8
4128,8.8
4129,8.8
4130,8.8
4131,8.8
4132,8.8
4133,8.8
4134,8.8
4135,8.8
4136,8.8
4137,8.8
4138,8.8
4139,8.8
4140,8.8
4141,8.8
4142,8.8
4143,8.8
4144,8.8
4145,8.8
4146,8.8
4147,8.8
4148,8.8
4149,8.8
4150,8.8
4151,8.8
4152,8.8
4153,8.8
4154,8.8
4155,8.8
4156,8.8
4157,8.8
4158,8.8
4159,8.8
4160,8.8
4161,8.8
4162,8.8
4163,8.8
4164,8.8
4165,8.8
4166,8.8
4167,8.8
4168,8.8
4169,8.8
4170,8.8
4171,8.8
4172,8.8
4173,8.8
4174,8.8
4175,8.8
4176,8.8
4177,8.8
4178,8.8
4179,8.8
4180,8.8
4181,8.8
4182,8.8
4183,8.8
4184,8.8
4185,8.8
4186,8.8
4187,8.8
4188,8.8
4189,8.8
4190,8.8
4191,8.8
4192,8.8
4193,8.8
4194,8.8
4195,8.8
4196,8.8
4197,8.8
4198,8.8
4199,8.8
4200,8.8
4201,8.8
4202,8.8
4203,8.8
4204,8.8
4205,8.8
4206,8.8
4207,8.8
4208,8.8
4209,8.8
4210,8.8
4211,8.8
4212,8.8
4213,8.8
4214,8.8
4215,8.8
4216,8.8
4217,8.8
4218,8.8
4219,8.8
4220,8.8
4221,8.8
4222,8.8
4223,8.8
4224,8.8
4225,8.8
4226,8.8
4227,8.8
4228,8.8
4229,8.8
4230,8.8
4231,8.8
4232,8.8
4233,8.8
4234,8.8
4235,8.8
4236,8.8
4237,8.8
4238,8.8
4239,8.8
4240,8.8
4241,8.8
4242,8.8
4243,8.8
4244,8.8
4245,8.8
4246,8.8
4247,8.8
4248,8.8
4249,8.8
4250,8.8
4251,8.8
4252,8.8
4253,8.8
4254,8.8
4255,8.8
4256,8.8
4257,8.8
4258,8.8
4259,8.8
4260,8.8
4261,8.8
4262,8.8
4263,8.8
4264,8.8
4265,8.8
4266,8.8
4267,8.8
4268,8.8
4269,8.8
4270,8.8
4271,8.8
4272,8.8
4273,8.8
4274,8.8
4275,8.8
4276,8.8
4277,8.8
4278,8.8
4279,8.8
4280,8.8
4281,8.8
4282,8.8
4283,8.8
4284,8.8
4285,8.8
4286,8.8
4287,8.8
4288,8.8
4289,8.8
4290,8.8
4291,8.8
4292,8.8
4293,8.8
4294,8.8
4295,8.8
4296,8.8
4297,8.8
4298,8.8
4299,8.8
4300,8.8
4301,8.8
4302,8.8
4303,8.8
4304,8.8
4305,8.8
4306,8.8
4307,8.8
4308,9.0
4309,9.0
4310,9.0
4311,9.0
4312,9.0
4313,9.0
4314,9.0
4315,9.0
4316,9.0
4317,9.0
4318,9.0
4319,9.0
4320,9.0
4321,9.0
4322,9.0
4323,9.0
4324,9.0
4325,9.0
4326,9.0
4327,9.0
4328,9.0
4329,9.0
4330,9.0
4331,9.0
4332,9.0
4333,9.0
4334,9.0
4335,9.0
4336,9.0
4337,9.0
4338,9.0
4339,9.0
4340,9.0
4341,9.0
4342,9.0
4343,9.0
4344,9.0
4345,9.0
4346,9.0
4347,9.0
4348,9.0
4349,9.0
4350,9.0
4351,9.0
4352,9.0
4353,9.0
4354,9.0
4355,9.0
4356,9.0
4357,9.0
4358,9.0
4359,9.0
4360,9.0
4361,9.0
4362,9.0
4363,9.0
4364,9.0
4365,9.0
4366,9.0
4367,9.0
4368,9.0
4369,9.0
4370,9.0
4371,9.0
4372,9.0
4373,9.0
4374,9.0
4375,9.0
4376,9.0
4377,9.0
4378,9.0
4379,9.0
4380,9.0
4381,9.0
4382,9.0
4383,9.0
4384,9.0
4385,9.0
4386,9.0
4387,9.0
4388,9.0
4389,9.0
4390,9.0
4391,9.0
4392,9.0
4393,9.0
4394,9.0
4395,9.0
4396,9.0
4397,9.0
4398,9.0
4399,9.0
4400,9.0
4401,9.0
4402,9.0
4403,9.0
4404,9.0
4405,9.0
4406,9.0
4407,9.0
4408,9.0
4409,9.0
4410,9.0
4411,9.0
4412,9.0
4413,9.0
4414,9.0
4415,9.0
4416,9.0
4417,9.0
4418,9.0
4419,9.0
4420,9.0
4421,9.0
4422,9.0
4423,9.0
4424,9.0
4425,9.0
4426,9.0
4427,9.0
4428,9.0
4429,9.0
4430,9.0
4431,9.0
4432,9.0
4433,9.0
4434,9.0
4435,9.0
4436,9.0
4437,9.0
4438,9.0
4439,9.0
4440,9.0
4441,9.0
4442,9.0
4443,9.0
4444,9.0
4445,9.0
4446,9.0
4447,9.0
4448,9.0
4449,9.0
4450,9.0
4451,9.0
4452,9.0
4453,9.0
4454,9.0
4455,9.0
4456,9.0
4457,9.0
4458,9.0
4459,9.0
4460,9.0
4461,9.0
4462,9.0
4463,9.0
4464,9.0
4465,9.0
4466,9.0
4467,9.0
4468,9.0
4469,9.0
4470,9.0
4471,9.0
4472,9.0
4473,9.0
4474,9.0
4475,9.0
4476,9.0
4477,9.0
4478,9.0
4479,9.0
4480,9.0
4481,9.0
4482,9.0
4483,9.0
4484,9.0
4485,9.0
4486,9.0
4487,9.0
4488,9.0
4489,9.0
4490,9.0
4491,9.0
4492,9.0
4493,9.0
4494,9.0
4495,9.0
4496,9.0
4497,9.0
4498,9.0
4499,9.0
4500,9.0
4501,9.0
4502,9.0
4503,9.0
4504,9.0
4505,9.0
4506,9.0
4507,9.0
4508,9.0
4509,9.0
4510,9.0
4511,9.0
4512,9.0
4513,9.0
4514,9.0
4515,9.0
4516,9.0
4517,9.0
4518,9.2
4519,9.2
4520,9.2
4521,9.2
4522,9.2
4523,9.2
4524,9.2
4525,9.2
4526,9.2
4527,9.2
4528,9.2
4529,9.2
4530,9.2
4531,9.2
4532,9.2
4533,9.2
4534,9.2
4535,9.2
4536,9.2
4537,9.2
4538,9.2
4539,9.2
4540,9.2
4541,9.2
4542,9.2
4543,9.2
4544,9.2
4545,9.2
4546,9.2
4547,9.2
4548,9.2
4549,9.2
4550,9.2
4551,9.2
4552,9.2
4553,9.2
4554,9.2
4555,9.2
4556,9.2
4557,9.2
4558,9.2
4559,9.2
4560,9.2
4561,9.2
4562,9.2
4563,9.2
4564,9.2
4565,9.2
4566,9.2
4567,9.2
4568,9.2
4569,9.2
4570,9.2
4571,9.2
4572,9.2
4573,9.2
4574,9.2
4575,9.2
4576,9.2
4577,9.2
4578,9.2
4579,9.2
4580,9.2
4581,9.2
4582,9.2
4583,9.2
4584,9.2
4585,9.2
4586,9.2
4587,9.2
4588,9.2
4589,9.2
4590,9.2
4591,9.2
4592,9.2
4593,9.2
4594,9.2
4595,9.2
4596,9.2
4597,9.2
4598,9.2
4599,9.2
4600,9.2
4601,9.2
4602,9.2
4603,9.2
4604,9.2
4605,9.2
4606,9.2
4607,9.2
4608,9.2
4609,9.2
4610,9.2
4611,9.2
4612,9.2
4613,9.2
4614,9.2
4615,9.2
4616,9.2
4617,9.2
4618,9.2
4619,9.2
4620,9.2
4621,9.2
4622,9.2
4623,9.2
4624,9.2
4625,9.2
4626,9.2
4627,9.2
4628,9.2
4629,9.2
4630,9.2
4631,9.2
4632,9.2
4633,9.2
4634,9.2
4635,9.2
4636,9.2
4637,9.2
4638,9.2
4639,9.2
4640,9.2
4641,9.2
4642,9.2
4643,9.2
4644,9.2
4645,9.2
4646,9.2
4647,9.2
4648,9.2
4649,9.2
4650,9.2
4651,9.2
4652,9.2
4653,9.2
4654,9.2
4655,9.2
4656,9.2
4657,9.2
4658,9.2
4659,9.2
4660,9.2
4661,9.2
4662,9.2
4663,9.2
4664,9.2
4665,9.2
4666,9.2
4667,9.2
4668,9.2
4669,9.2
4670,9.2
4671,9.2
4672,9.2
4673,9.2
4674,9.2
4675,9.2
4676,9.2
4677,9.2
4678,9.2
4679,9.2
4680,9.2
4681,9.2
4682,9.2
4683,9.2
4684,9.2
4685,9.2
4686,9.2
4687,9.2
4688,9.2
4689,9.2
4690,9.2
4691,9.2
4692,9.2
4693,9.2
4694,9.2
4695,9.2
4696,9.2
4697,9.2
4698,9.2
4699,9.2
4700,9.2
4701,9.2
4702,9.2
4703,9.2
4704,9.2
4705,9.2
4706,9.2
4707,9.2
4708,9.2
4709,9.2
4710,9.2
4711,9.2
4712,9.2
4713,9.2
4714,9.2
4715,9.2
4716,9.2
4717,9.2
4718,9.2
4719,9.2
4720,9.2
4721,9.2
4722,9.2
4723,9.2
4724,9.2
4725,9.2
4726,9.2
4727,9.2
4728,9.2
4729,9.2
4730,9.2
4731,9.2
4732,9.2
4733,9.2
4734,9.2
4735,9.2
4736,9.2
4737,9.2
4738,9.2
4739,9.2
4740,9.2
4741,9.2
4742,9.2
4743,9.2
4744,9.2
4745,9.2
4746,9.2
4747,9.2
4748,9.2
4749,9.2
4750,9.2
4751,9.2
4752,9.2
4753,9.2
4754,9.2
4755,9.2
4756,9.2
4757,9.2
4758,9.2
4759,9.2
4760,9.2
4761,9.2
4762,9.2
4763,9.2
4764,9.2
4765,9.2
4766,9.2
4767,9.2
4768,9.2
4769,9.2
4770,9.2
4771,9.2
4772,9.2
4773,9.2
4774,9.2
4775,9.2
4776,9.2
4777,9.2
4778,9.2
4779,9.2
4780,9.2
4781,9.2
4782,9.2
4783,9.2
4784,9.2
4785,9.2
4786,9.2
4787,9.2
4788,9.2
4789,9.2
4790,9.2
4791,9.2
4792,9.2
4793,9.2
4794,9.2
4795,9.2
4796,9.2
4797,9.2
4798,9.2
4799,9.2
4800,9.2
4801,9.2
4802,9.2
4803,9.2
4804,9.2
4805,9.2
4806,9.2
4807,9.2
4808,9.2
4809,9.2
4810,9.2
4811,9.4
4812,9.4
4813,9.4
4814,9.4
4815,9.4
4816,9.4
4817,9.4
4818,9.4
4819,9.4
4820,9.4
4821,9.4
4822,9.4
4823,9.4
4824,9.4
4825,9.4
4826,9.4
4827,9.4
4828,9.4
4829,9.4
4830,9.4
4831,9.4
4832,9.4
4833,9.4
4834,9.4
4835,9.4
4836,9.4
4837,9.4
4838,9.4
4839,9.4
4840,9.4
4841,9.4
4842,9.4
4843,9.4
4844,9.4
4845,9.4
4846,9.4
4847,9.4
4848,9.4
4849,9.4
4850,9.4
4851,9.4
4852,9.4
4853,9.4
4854,9.4
4855,9.4
4856,9.4
4857,9.4
4858,9.4
4859,9.4
4860,9.4
4861,9.4
4862,9.4
4863,9.4
4864,9.4
4865,9.4
4866,9.4
4867,9.4
4868,9.4
4869,9.4
4870,9.4
4871,9.4
4872,9.4
4873,9.4
4874,9.4
4875,9.4
4876,9.4
4877,9.4
4878,9.4
4879,9.4
4880,9.4
4881,9.4
4882,9.4
4883,9.4
4884,9.4
4885,9.4
4886,9.4
4887,9.4
4888,9.4
4889,9.4
4890,9.4
4891,9.4
4892,9.4
4893,9.4
4894,9.4
4895,9.4
4896,9.4
4897,9.4
4898,9.4
4899,9.4
4900,9.4
4901,9.4
4902,9.4
4903,9.4
4904,9.4
4905,9.4
4906,9.4
4907,9.4
4908,9.4
4909,9.4
4910,9.4
4911,9.4
4912,9.4
4913,9.4
4914,9.4
4915,9.4
4916,9.4
4917,9.4
4918,9.4
4919,9.4
4920,9.4
4921,9.4
4922,9.4
4923,9.4
4924,9.4
4925,9.4
4926,9.4
4927,9.4
4928,9.4
4929,9.4
4930,9.4
4931,9.4
4932,9.4
4933,9.4
4934,9.4
4935,9.4
4936,9.4
4937,9.4
4938,9.4
4939,9.4
4940,9.4
4941,9.4
4942,9.4
4943,9.4
4944,9.4
4945,9.4
4946,9.4
4947,9.4
4948,9.4
4949,9.4
4950,9.4
4951,9.4
4952,9.4
4953,9.4
4954,9.4
4955,9.4
4956,9.4
4957,9.4
4958,9.4
4959,9.4
4960,9.4
4961,9.4
4962,9.4
4963,9.4
4964,9.4
4965,9.4
4966,9.4
4967,9.4
4968,9.4
4969,9.4
4970,9.4
4971,9.4
4972,9.4
4973,9.4
4974,9.4
4975,9.4
4976,9.4
4977,9.4
4978,9.4
4979,9.4
4980,9.4
4981,9.4
4982,9.4
4983,9.4
4984,9.4
4985,9.4
4986,9.4
4987,9.4
4988,9.4
4989,9.4
4990,9.4
4991,9.4
4992,9.4
4993,9.4
4994,9.4
4995,9.4
4996,9.4
4997,9.4
4998,9.4
