0.0 0.0 1.0 2996.9 0.0 2996.7
0.0 0.1 0.885197694301 2651.8 346.2 2996.9
0.0 0.2 0.736252613049 2237.2 761.0 2996.7
0.0 0.3 0.616940201792 1829.6 1169.0 2996.6
0.0 0.4 0.436071492432 1411.3 1586.3 2997.0
0.0 0.5 0.25633290254 1010.8 1987.0 2996.9
0.0 0.6 0.123853525991 715.0 2282.4 2997.0
0.0 0.7 -0.00909910563321 451.1 2547.1 2996.6
0.0 0.8 -0.148174009575 267.3 2730.1 2996.9
0.0 0.9 -0.243959142761 117.3 2880.9 2996.7
0.0 1.0 -0.333629893238 0.0 2996.6 2996.6
0.1 0.0 0.880816440498 2996.5 342.1 2656.3
0.1 0.1 0.797529204214 2687.1 614.5 2694.4
0.1 0.2 0.672459787997 2304.1 952.7 2739.2
0.1 0.3 0.521684715338 1881.9 1345.8 2768.3
0.1 0.4 0.437714904938 1492.2 1709.8 2794.0
0.1 0.5 0.203274703665 1033.8 2123.5 2838.7
0.1 0.6 0.0803680981595 729.9 2428.0 2838.1
0.1 0.7 -0.0434213198829 479.3 2658.2 2858.5
0.1 0.8 -0.166461225728 280.2 2851.9 2863.9
0.1 0.9 -0.271736714588 124.2 2997.2 2874.6
0.1 1.0 -0.350479413424 0.0 3111.5 2881.9
0.2 0.0 0.74966761906 2996.9 731.1 2267.1
0.2 0.1 0.682375644892 2722.3 948.0 2325.7
0.2 0.2 0.602958275908 2391.2 1204.5 2400.3
0.2 0.3 0.481383684328 2008.3 1525.2 2462.5
0.2 0.4 0.354197779332 1560.2 1912.4 2523.4
0.2 0.5 0.196976510662 1199.4 2228.1 2568.5
0.2 0.6 0.057800476173 811.1 2546.5 2638.4
0.2 0.7 -0.0648668386143 501.1 2808.3 2686.6
0.2 0.8 -0.184632418333 301.0 2990.7 2704.3
0.2 0.9 -0.283788160846 134.9 3141.2 2719.9
0.2 1.0 -0.373182182526 0.0 3253.3 2741.3
0.3 0.0 0.596291123795 2996.9 1168.0 1829.6
0.3 0.1 0.538062488388 2751.7 1306.8 1937.5
0.3 0.2 0.478416110832 2444.4 1533.8 2017.8
0.3 0.3 0.397725551093 2093.8 1833.7 2068.5
0.3 0.4 0.292928786478 1721.8 2108.3 2165.9
0.3 0.5 0.157641429595 1250.1 2447.5 2298.4
0.3 0.6 0.0459619510347 878.3 2752.2 2365.5
0.3 0.7 -0.081383157284 553.1 2994.2 2448.7
0.3 0.8 -0.23238913464 319.7 3185.6 2490.7
0.3 0.9 -0.321651679239 139.0 3345.5 2511.5
0.3 1.0 -0.409000117495 0.0 3437.9 2556.6
0.4 0.0 0.447544481865 2996.8 1610.4 1387.8
0.4 0.1 0.38117259735 2803.5 1759.0 1433.5
0.4 0.2 0.347734775077 2541.5 1908.5 1546.0
0.4 0.3 0.298295149796 2208.1 2121.0 1666.9
0.4 0.4 0.184406500492 1815.6 2414.0 1766.4
0.4 0.5 0.10265593966 1369.7 2703.1 1923.2
0.4 0.6 -0.0363092793472 975.7 3000.7 2019.6
0.4 0.7 -0.167143898982 599.2 3249.3 2147.5
0.4 0.8 -0.289150142275 342.2 3434.3 2219.5
0.4 0.9 -0.356465700406 159.9 3588.0 2248.1
0.4 1.0 -0.458171206226 0.0 3698.7 2296.3
0.5 0.0 0.257240174389 2996.8 1972.6 1025.4
0.5 0.1 0.213925785033 2825.4 2103.6 1067.0
0.5 0.2 0.214811289914 2582.1 2246.5 1167.4
0.5 0.3 0.143595338764 2303.9 2474.8 1217.3
0.5 0.4 0.0870737364577 1895.0 2715.3 1385.7
0.5 0.5 -0.00847939380521 1468.3 2995.3 1532.4
0.5 0.6 -0.13294469604 1093.9 3306.3 1595.8
0.5 0.7 -0.223748856057 691.8 3558.0 1746.2
0.5 0.8 -0.315127023855 420.5 3742.1 1833.4
0.5 0.9 -0.409093583762 178.0 3881.3 1936.7
0.5 1.0 -0.502507522568 0.0 4003.3 1991.0
0.6 0.0 0.112301847106 2996.9 2298.5 698.3
0.6 0.1 0.0858310289165 2844.1 2400.3 751.6
0.6 0.2 0.0297643141779 2642.9 2558.7 794.4
0.6 0.3 -0.0150386993823 2361.9 2762.4 871.7
0.6 0.4 -0.0525755987198 2074.9 2998.6 922.5
0.6 0.5 -0.0966663474073 1657.8 3273.1 1065.1
0.6 0.6 -0.211808714572 1209.7 3603.1 1183.2
0.6 0.7 -0.317527279848 800.8 3881.8 1313.4
0.6 0.8 -0.391426951885 465.1 4101.0 1429.9
0.6 0.9 -0.487441341244 191.2 4252.7 1552.1
0.6 1.0 -0.571166448231 0.0 4392.4 1601.1
0.7 0.0 -0.0437379265625 2997.0 2557.9 439.5
0.7 0.1 -0.0439876018229 2851.2 2651.2 493.6
0.7 0.2 -0.0854447680538 2686.1 2794.8 515.1
0.7 0.3 -0.114679242236 2457.8 2988.0 550.2
0.7 0.4 -0.149579665161 2140.4 3235.7 619.9
0.7 0.5 -0.223803647732 1762.1 3520.5 713.4
0.7 0.6 -0.31847119109 1320.1 3883.1 792.8
0.7 0.7 -0.405323692784 899.7 4185.2 911.1
0.7 0.8 -0.502694094994 515.4 4477.2 1003.4
0.7 0.9 -0.591957132333 245.9 4696.8 1053.3
0.7 1.0 -0.692589978829 0.0 4830.9 1164.1
0.8 0.0 -0.127841482492 2996.8 2731.3 266.3
0.8 0.1 -0.195247315058 2861.7 2844.5 289.8
0.8 0.2 -0.191582205789 2698.4 3005.6 292.0
0.8 0.3 -0.205105549247 2479.2 3184.4 332.4
0.8 0.4 -0.250760664494 2206.1 3429.5 360.4
0.8 0.5 -0.296480918383 1855.9 3737.7 402.4
0.8 0.6 -0.401515397096 1439.1 4077.9 479.0
0.8 0.7 -0.507735492904 1018.7 4454.1 523.2
0.8 0.8 -0.592071337976 610.6 4776.0 609.4
0.8 0.9 -0.697452067477 265.4 5074.6 656.0
0.8 1.0 -0.777843689752 0.0 5261.0 734.6
0.9 0.0 -0.256960912641 2996.8 2887.0 110.2
0.9 0.1 -0.271411445403 2877.0 2993.3 125.7
0.9 0.2 -0.280429672481 2715.9 3154.4 125.7
0.9 0.3 -0.319320256776 2516.8 3339.5 139.7
0.9 0.4 -0.356574454344 2258.8 3591.4 145.8
0.9 0.5 -0.427011682571 1920.1 3895.9 180.0
0.9 0.6 -0.481712646876 1526.2 4264.4 205.4
0.9 0.7 -0.577922830237 1096.5 4671.1 228.4
0.9 0.8 -0.69239548035 661.1 5063.0 271.9
0.9 0.9 -0.8032221973 312.7 5386.0 297.3
0.9 1.0 -0.89262592768 0.0 5663.4 331.8
1.0 0.0 -0.33340747331 2996.8 2996.5 0.0
1.0 0.1 -0.34832471329 2881.5 3114.2 0.0
1.0 0.2 -0.375014339796 2741.3 3253.5 0.0
1.0 0.3 -0.403886677593 2550.7 3443.4 0.0
1.0 0.4 -0.446038827927 2282.8 3712.8 0.0
1.0 0.5 -0.492284718766 2005.8 3987.8 0.0
1.0 0.6 -0.58592406403 1584.5 4411.2 0.0
1.0 0.7 -0.673691556176 1157.6 4838.0 0.0
1.0 0.8 -0.790117928049 734.3 5261.3 0.0
1.0 0.9 -0.899271460247 340.8 5653.9 0.0
1.0 1.0 -1.0 0.0 5992.7 0.0
