0.0 0.0 1.0 4796.5 0.0 1197.0
0.0 0.1 0.92562890225 4655.5 141.1 1197.0
0.0 0.2 0.855033720677 4472.8 323.8 1197.0
0.0 0.3 0.72365982517 4208.2 588.4 1196.9
0.0 0.4 0.593712794294 3836.1 960.3 1197.0
0.0 0.5 0.40852505519 3234.7 1562.1 1197.0
0.0 0.6 0.209914707885 2495.2 2301.4 1197.0
0.0 0.7 -0.0667614029418 1694.4 3102.6 1196.9
0.0 0.8 -0.266094954098 1003.5 3792.7 1197.0
0.0 0.9 -0.484933414129 406.6 4390.6 1196.9
0.0 1.0 -0.666387959866 0.0 4791.0 1196.9
0.1 0.0 0.753274319667 4796.6 436.2 762.2
0.1 0.1 0.687011092907 4683.8 524.0 788.2
0.1 0.2 0.63427377344 4535.6 669.4 791.0
0.1 0.3 0.575599558995 4278.4 868.0 849.6
0.1 0.4 0.484875150397 3961.3 1162.2 872.5
0.1 0.5 0.282977635588 3387.6 1665.4 943.0
0.1 0.6 0.11112495987 2622.0 2386.4 987.6
0.1 0.7 -0.0118491076332 1834.4 3139.4 1022.2
0.1 0.8 -0.312793247329 989.6 3933.7 1072.7
0.1 0.9 -0.525944161448 418.3 4479.2 1098.5
0.1 1.0 -0.688212927757 0.0 4874.6 1108.6
0.2 0.0 0.531188238924 4796.4 736.2 462.8
0.2 0.1 0.486510947143 4703.7 814.6 477.7
0.2 0.2 0.462520135117 4569.7 902.9 523.4
0.2 0.3 0.405724992986 4411.9 1036.6 547.5
0.2 0.4 0.358357769834 4006.0 1350.7 639.3
0.2 0.5 0.254692915611 3653.1 1673.2 669.7
0.2 0.6 0.0956569999433 2791.7 2427.7 776.6
0.2 0.7 -0.0891014964509 1967.3 3176.4 852.3
0.2 0.8 -0.352907353475 1038.7 4017.1 940.2
0.2 0.9 -0.530712745181 451.7 4569.7 974.6
0.2 1.0 -0.709958565509 0.0 4979.2 1004.6
0.3 0.0 0.307272144398 4796.2 914.4 285.2
0.3 0.1 0.327249832661 4710.1 966.3 319.6
0.3 0.2 0.308840789098 4596.0 1066.0 334.0
0.3 0.3 0.267331181696 4427.1 1200.2 368.7
0.3 0.4 0.203625141607 4146.3 1434.8 414.9
0.3 0.5 0.165700636865 3690.0 1799.4 506.6
0.3 0.6 -0.00133198159735 2979.9 2432.6 583.5
0.3 0.7 -0.12546957193 1983.2 3306.1 706.7
0.3 0.8 -0.379987299842 1112.7 4100.4 782.9
0.3 0.9 -0.565711952936 448.7 4687.2 860.1
0.3 1.0 -0.73526850508 0.0 5082.9 903.5
0.4 0.0 0.195104399236 4796.5 999.0 199.6
0.4 0.1 0.195654245688 4722.2 1053.7 220.1
0.4 0.2 0.169857482478 4616.2 1154.8 225.0
0.4 0.3 0.146721911896 4469.5 1277.3 249.2
0.4 0.4 0.118372497712 4227.7 1487.7 280.6
0.4 0.5 0.079270629459 3791.4 1856.4 348.2
0.4 0.6 -0.014305448618 3032.6 2523.5 439.9
0.4 0.7 -0.22171024934 2108.3 3332.2 555.5
0.4 0.8 -0.398004291151 1204.3 4151.7 640.0
0.4 0.9 -0.586015840891 482.3 4798.2 715.5
0.4 1.0 -0.771437019515 0.0 5206.2 783.3
0.5 0.0 0.116524437657 4796.1 1061.5 138.3
0.5 0.1 0.0672274833804 4732.5 1134.6 128.9
0.5 0.2 0.0683539855441 4616.3 1225.3 154.4
0.5 0.3 0.0503148018832 4497.5 1334.3 164.2
0.5 0.4 0.0384589898191 4233.9 1566.1 196.0
0.5 0.5 -0.0193366989326 3817.3 1935.8 242.9
0.5 0.6 -0.100978834579 3165.9 2516.9 313.2
0.5 0.7 -0.251930249065 2154.8 3422.9 418.3
0.5 0.8 -0.448646144065 1259.5 4236.8 499.7
0.5 0.9 -0.627360114074 516.8 4885.5 593.7
0.5 1.0 -0.794910179641 0.0 5337.2 652.2
0.6 0.0 0.0281582396912 4796.3 1111.5 87.5
0.6 0.1 0.0194506024391 4728.0 1170.0 98.0
0.6 0.2 0.0378070019493 4627.5 1265.5 103.0
0.6 0.3 0.0202745606313 4470.3 1411.6 114.1
0.6 0.4 0.000736521969724 4280.7 1583.9 131.4
0.6 0.5 -0.0580543424928 3913.9 1923.0 159.1
0.6 0.6 -0.13168510377 3227.9 2555.7 212.4
0.6 0.7 -0.273724591464 2281.8 3432.7 281.5
0.6 0.8 -0.500165967223 1275.3 4343.8 376.9
0.6 0.9 -0.677773123461 521.5 5021.1 453.4
0.6 1.0 -0.836728442334 0.0 5469.9 522.3
0.7 0.0 -0.0302995589667 4796.1 1139.2 60.6
0.7 0.1 -0.0189598408291 4733.7 1199.8 62.5
0.7 0.2 -0.0180437990659 4640.3 1291.0 64.7
0.7 0.3 -0.0372997386485 4498.1 1425.3 72.6
0.7 0.4 -0.0714387697459 4290.7 1621.2 84.1
0.7 0.5 -0.0933785813753 3958.3 1934.1 103.6
0.7 0.6 -0.204300034118 3322.1 2537.2 136.7
0.7 0.7 -0.341502465575 2278.5 3519.4 198.1
0.7 0.8 -0.530209003046 1290.3 4434.4 271.3
0.7 0.9 -0.706089661329 541.1 5121.8 333.1
0.7 1.0 -0.88729281768 0.0 5604.0 386.8
0.8 0.0 -0.0302995589667 4796.2 1162.4 37.2
0.8 0.1 -0.0408061857774 4731.7 1229.5 34.8
0.8 0.2 -0.0685762525145 4649.0 1306.0 41.0
0.8 0.3 -0.0565100944445 4519.7 1432.6 43.7
0.8 0.4 -0.10403824954 4313.1 1637.1 45.8
0.8 0.5 -0.134422437858 3933.3 1998.9 63.8
0.8 0.6 -0.204869976359 3332.8 2579.5 83.7
0.8 0.7 -0.325666809749 2407.7 3479.2 109.1
0.8 0.8 -0.520206779589 1428.2 4410.3 157.5
0.8 0.9 -0.759824236751 545.4 5236.8 213.8
0.8 1.0 -0.919846104521 0.0 5735.1 253.2
0.9 0.0 -0.0938402081216 4796.4 1182.9 16.3
0.9 0.1 -0.0869966206702 4737.1 1241.7 17.2
0.9 0.2 -0.0994287221336 4639.8 1339.2 17.0
0.9 0.3 -0.11287090912 4526.3 1452.4 17.3
0.9 0.4 -0.136190646969 4314.4 1659.3 22.3
0.9 0.5 -0.176323694779 3962.8 2006.1 27.1
0.9 0.6 -0.225204336947 3367.4 2589.2 39.4
0.9 0.7 -0.407206220306 2438.5 3502.0 55.5
0.9 0.8 -0.583842302268 1417.4 4504.6 74.0
0.9 0.9 -0.784246611471 585.4 5304.9 105.7
0.9 1.0 -0.960386315273 0.0 5859.4 126.8
1.0 0.0 -0.111008154188 4796.4 1199.1 0.0
1.0 0.1 -0.118448050737 4738.8 1257.2 0.0
1.0 0.2 -0.126009389671 4650.1 1345.8 0.0
1.0 0.3 -0.137437162098 4520.0 1476.0 0.0
1.0 0.4 -0.159992261559 4318.2 1677.3 0.0
1.0 0.5 -0.201121794872 3991.5 2004.2 0.0
1.0 0.6 -0.268726195514 3394.0 2602.0 0.0
1.0 0.7 -0.375702649994 2560.8 3435.1 0.0
1.0 0.8 -0.624932249322 1453.0 4543.0 0.0
1.0 0.9 -0.818622990598 618.3 5377.7 0.0
1.0 1.0 -1.0 0.0 5986.0 0.0
