0.0 0.0 1.0 5396.0 0.0 597.0
0.0 0.1 0.950842298128 5329.9 66.7 597.0
0.0 0.2 0.874303058157 5231.9 164.5 597.0
0.0 0.3 0.744616477273 5081.7 315.1 597.0
0.0 0.4 0.561488929501 4833.3 562.9 597.0
0.0 0.5 0.503809387443 4459.1 937.3 597.0
0.0 0.6 0.226775162554 3868.4 1528.4 597.0
0.0 0.7 -0.00511278508567 2726.0 2670.6 597.0
0.0 0.8 -0.316524544568 1631.8 3764.8 597.0
0.0 0.9 -0.562438164812 686.6 4709.6 597.0
0.0 1.0 -0.818761384335 0.0 5373.7 597.0
0.1 0.0 0.537357891381 5396.0 360.6 239.4
0.1 0.1 0.536021093893 5343.3 405.1 247.6
0.1 0.2 0.46402248345 5285.9 461.2 248.9
0.1 0.3 0.455272897818 5153.0 555.8 287.2
0.1 0.4 0.435892808983 4936.2 735.6 324.2
0.1 0.5 0.341639912015 4683.7 967.5 344.8
0.1 0.6 0.207753763125 3983.9 1614.7 397.4
0.1 0.7 0.078502199199 2973.7 2576.8 445.5
0.1 0.8 -0.361173634111 1605.3 3886.4 504.3
0.1 0.9 -0.595768853493 660.2 4808.6 527.2
0.1 1.0 -0.833154752794 0.0 5431.2 542.9
0.2 0.0 0.317925871353 5396.1 479.8 120.0
0.2 0.1 0.253975295898 5355.4 516.3 124.3
0.2 0.2 0.277425884521 5299.8 557.2 139.0
0.2 0.3 0.242257264506 5203.6 640.4 152.0
0.2 0.4 0.263392339175 5025.5 780.9 189.6
0.2 0.5 0.199144528753 4788.5 1015.5 192.0
0.2 0.6 0.09687240662 4165.6 1576.9 253.5
0.2 0.7 -0.11320473421 3063.6 2600.1 332.3
0.2 0.8 -0.327052870912 1672.9 3911.6 411.5
0.2 0.9 -0.597411097147 699.4 4841.7 454.9
0.2 1.0 -0.851782945736 0.0 5476.7 487.5
0.3 0.0 0.18395096685 5396.1 523.4 76.4
0.3 0.1 0.148083576333 5358.4 558.0 79.6
0.3 0.2 0.149317208885 5290.1 617.8 88.1
0.3 0.3 0.168597866388 5227.5 682.0 86.5
0.3 0.4 0.157618409628 5079.9 815.1 101.0
0.3 0.5 0.117848633585 4792.3 1065.6 138.1
0.3 0.6 0.0553740937249 4215.8 1601.9 178.3
0.3 0.7 -0.138613804454 2998.7 2729.6 267.7
0.3 0.8 -0.400349020389 1581.9 4058.0 356.1
0.3 0.9 -0.66813460263 681.5 4923.3 391.2
0.3 1.0 -0.862915760025 0.0 5537.1 433.0
0.4 0.0 0.102425326427 5396.0 549.9 50.1
0.4 0.1 0.0807723534629 5360.8 586.1 49.1
0.4 0.2 0.0849025179029 5305.3 633.9 56.8
0.4 0.3 0.0670422505113 5245.5 695.0 55.5
0.4 0.4 0.0974254115108 5083.2 842.5 70.3
0.4 0.5 0.0418693272784 4851.3 1058.2 86.5
0.4 0.6 0.0206955190423 4305.8 1567.0 123.2
0.4 0.7 -0.215851390216 3018.5 2773.9 203.6
0.4 0.8 -0.288474443831 1782.1 3942.0 271.9
0.4 0.9 -0.674978376915 703.1 4966.2 326.7
0.4 1.0 -0.886410378105 0.0 5609.1 368.3
0.5 0.0 0.0388375852227 5396.3 566.7 32.7
0.5 0.1 0.0544946192067 5360.2 601.8 34.0
0.5 0.2 0.0450948648109 5310.3 648.9 36.8
0.5 0.3 0.0306101920136 5223.3 730.9 41.8
0.5 0.4 0.019116680063 5089.8 855.3 50.9
0.5 0.5 -0.00704525904426 4887.3 1052.4 56.3
0.5 0.6 -0.0603742023641 4238.3 1669.3 88.4
0.5 0.7 -0.244859557649 3245.0 2617.7 133.3
0.5 0.8 -0.403252575053 1733.9 4056.6 205.5
0.5 0.9 -0.711355063435 703.4 5031.7 260.9
0.5 1.0 -0.898573692552 0.0 5664.1 310.3
0.6 0.0 -0.0157463748911 5396.1 578.6 21.2
0.6 0.1 0.0094556191727 5360.6 613.9 21.5
0.6 0.2 -0.0111981615066 5312.9 660.6 22.5
0.6 0.3 -0.0169192094105 5220.0 751.0 25.0
0.6 0.4 -0.0183883998688 5108.1 856.7 31.2
0.6 0.5 -0.0136273561426 4912.5 1044.2 39.3
0.6 0.6 -0.0965216460028 4303.8 1632.2 60.0
0.6 0.7 -0.15318479923 3214.3 2677.0 104.7
0.6 0.8 -0.471606267531 1821.9 4019.1 155.0
0.6 0.9 -0.710171009032 757.3 5034.8 203.9
0.6 1.0 -0.926821405545 0.0 5716.1 251.1
0.7 0.0 -0.00590029447079 5396.2 586.9 12.7
0.7 0.1 -0.0122058299162 5365.1 617.2 13.7
0.7 0.2 -0.00192111415338 5312.1 668.5 15.4
0.7 0.3 -0.00147993711275 5230.7 745.2 20.1
0.7 0.4 -0.0305373509655 5131.3 844.3 20.4
0.7 0.5 -0.0418157378054 4854.7 1112.8 28.5
0.7 0.6 -0.0967977479656 4372.5 1586.4 37.1
0.7 0.7 -0.274361134677 3328.5 2608.1 59.4
0.7 0.8 -0.531559016546 1878.3 4012.0 105.7
0.7 0.9 -0.716262809084 778.9 5071.0 146.1
0.7 1.0 -0.939522028938 0.0 5793.7 183.5
0.8 0.0 -0.0190493474021 5396.0 589.7 10.3
0.8 0.1 -0.012521087431 5365.4 623.1 7.5
0.8 0.2 -0.0272850426329 5307.5 677.4 11.1
0.8 0.3 -0.0380076742058 5247.9 738.9 9.2
0.8 0.4 -0.0425385525138 5113.0 870.3 12.7
0.8 0.5 -0.0686513352865 4857.3 1121.3 17.4
0.8 0.6 -0.144055916776 4472.0 1507.1 16.9
0.8 0.7 -0.26998317646 3316.1 2640.6 39.3
0.8 0.8 -0.419880928817 1959.0 3976.3 60.7
0.8 0.9 -0.747079612356 768.4 5131.8 95.8
0.8 1.0 -0.960655737705 0.0 5838.1 129.6
0.9 0.0 -0.0458576766354 5396.1 596.9 2.7
0.9 0.1 -0.0460433184685 5363.5 628.5 4.0
0.9 0.2 -0.0550023684238 5314.6 678.4 3.0
0.9 0.3 -0.0437110130751 5243.5 747.4 5.1
0.9 0.4 -0.0726632823101 5133.1 858.4 4.5
0.9 0.5 -0.0742577348286 4881.6 1108.6 5.8
0.9 0.6 -0.14813178617 4412.3 1573.7 10.0
0.9 0.7 -0.281673311113 3442.3 2538.4 15.3
0.9 0.8 -0.559941720227 1960.4 4005.8 29.8
0.9 0.9 -0.77353977454 771.5 5180.0 44.5
0.9 1.0 -0.978547854785 0.0 5916.9 61.4
1.0 0.0 -0.0526685393258 5396.3 599.2 0.0
1.0 0.1 -0.0559126529893 5362.9 633.1 0.0
1.0 0.2 -0.0591768238827 5316.9 679.1 0.0
1.0 0.3 -0.0718627100465 5240.7 755.3 0.0
1.0 0.4 -0.0753228120516 5130.7 865.3 0.0
1.0 0.5 -0.0877097505669 4903.0 1093.0 0.0
1.0 0.6 -0.148989173134 4466.8 1529.2 0.0
1.0 0.7 -0.263379688158 3420.4 2575.6 0.0
1.0 0.8 -0.527448732646 1982.2 4013.8 0.0
1.0 0.9 -0.753729160573 784.0 5212.0 0.0
1.0 1.0 -1.0 0.0 5956.9 0.0
