0.0 0.0 1.0 4196.5 0.0 1796.9
0.0 0.1 0.927751203498 4003.0 193.4 1797.0
0.0 0.2 0.805807418693 3711.3 485.7 1796.9
0.0 0.3 0.702627657178 3371.6 825.0 1797.0
0.0 0.4 0.536183688604 2831.4 1366.0 1796.7
0.0 0.5 0.304529013592 2300.6 1896.0 1797.0
0.0 0.6 0.181061499888 1678.9 2519.1 1796.7
0.0 0.7 -0.0833664982582 1094.5 3102.3 1797.0
0.0 0.8 -0.25452249526 628.0 3569.2 1797.0
0.0 0.9 -0.389586606547 274.7 3922.5 1796.9
0.0 1.0 -0.537927487786 0.0 4193.2 1796.9
0.1 0.0 0.810472448081 4196.6 433.5 1365.1
0.1 0.1 0.746473681949 4028.7 568.7 1398.6
0.1 0.2 0.687335624076 3790.7 787.5 1417.8
0.1 0.3 0.567056833332 3439.3 1098.3 1458.4
0.1 0.4 0.468272643353 2977.9 1495.2 1522.9
0.1 0.5 0.363073534457 2436.1 1997.4 1562.5
0.1 0.6 0.107201875002 1751.2 2648.4 1596.4
0.1 0.7 -0.0597947465575 1140.1 3219.5 1636.4
0.1 0.8 -0.280658006021 673.3 3664.4 1658.3
0.1 0.9 -0.433735313236 291.8 4026.8 1677.4
0.1 1.0 -0.555872809864 0.0 4299.4 1692.2
0.2 0.0 0.58577503595 4196.6 829.9 968.9
0.2 0.1 0.602046594223 4047.8 931.0 1017.2
0.2 0.2 0.524829317936 3843.0 1094.9 1058.1
0.2 0.3 0.488573149913 3604.8 1295.7 1095.5
0.2 0.4 0.367405368824 3111.3 1666.4 1218.3
0.2 0.5 0.274082178935 2597.0 2130.7 1268.3
0.2 0.6 0.0840497924335 1837.8 2765.8 1392.4
0.2 0.7 -0.134060355738 1230.9 3324.5 1440.6
0.2 0.8 -0.309099238772 711.9 3784.7 1499.4
0.2 0.9 -0.45452273782 301.4 4175.3 1519.3
0.2 1.0 -0.586398518126 0.0 4428.5 1564.2
0.3 0.0 0.424429269515 4196.4 1127.5 671.5
0.3 0.1 0.434030418304 4067.4 1207.2 721.4
0.3 0.2 0.378267966084 3893.5 1350.3 752.2
0.3 0.3 0.332206136261 3631.4 1547.1 817.5
0.3 0.4 0.281164165296 3273.8 1843.6 878.6
0.3 0.5 0.184067603336 2732.6 2266.3 997.1
0.3 0.6 0.0624269653369 2042.3 2824.3 1129.4
0.3 0.7 -0.109565788582 1369.9 3399.8 1226.3
0.3 0.8 -0.319040309522 747.6 3929.2 1319.2
0.3 0.9 -0.490219365855 306.6 4317.7 1371.7
0.3 1.0 -0.616608250202 0.0 4578.0 1412.1
0.4 0.0 0.294474010903 4196.6 1338.3 460.1
0.4 0.1 0.261972330461 4078.4 1418.6 499.0
0.4 0.2 0.234605138436 3927.3 1523.7 545.0
0.4 0.3 0.230987324782 3711.6 1704.5 579.9
0.4 0.4 0.165255906785 3378.3 1981.1 636.6
0.4 0.5 0.0959042850828 2845.2 2406.2 744.6
0.4 0.6 -0.053255768145 2128.0 2991.3 876.7
0.4 0.7 -0.192926459698 1409.1 3571.3 1015.6
0.4 0.8 -0.362567793024 864.6 4048.5 1082.9
0.4 0.9 -0.520279337695 341.3 4479.4 1175.3
0.4 1.0 -0.656613171002 0.0 4747.6 1244.2
0.5 0.0 0.170936813595 4196.6 1472.8 325.6
0.5 0.1 0.154382382945 4091.9 1565.9 338.2
0.5 0.2 0.130043716525 3946.7 1689.6 359.7
0.5 0.3 0.10764942561 3735.7 1853.8 406.5
0.5 0.4 0.050348958218 3397.1 2137.7 461.2
0.5 0.5 0.00794738160237 2942.1 2524.0 529.9
0.5 0.6 -0.10782531521 2282.5 3073.8 639.7
0.5 0.7 -0.235918707887 1533.0 3699.9 763.1
0.5 0.8 -0.402459323858 925.1 4204.1 866.8
0.5 0.9 -0.582327787108 365.7 4648.5 981.8
0.5 1.0 -0.703566860878 0.0 4943.0 1047.2
0.6 0.0 0.0621145246553 4196.5 1592.9 205.7
0.6 0.1 0.0433694637387 4092.8 1671.7 231.5
0.6 0.2 0.0533498077979 3953.9 1780.4 261.7
0.6 0.3 -0.00358443838442 3790.5 1931.1 274.4
0.6 0.4 -0.0413343131714 3459.3 2233.0 303.7
0.6 0.5 -0.0875220347604 2995.4 2621.3 379.3
0.6 0.6 -0.1671363999 2417.5 3127.7 450.8
0.6 0.7 -0.280957958414 1622.6 3805.2 568.2
0.6 0.8 -0.461283261543 932.0 4396.6 667.4
0.6 0.9 -0.626025619575 396.9 4859.5 739.6
0.6 1.0 -0.76054061995 0.0 5155.6 835.5
0.7 0.0 -0.0128815624467 4196.6 1652.4 146.0
0.7 0.1 -0.0454969154583 4104.0 1748.8 143.2
0.7 0.2 -0.0377643785405 3968.5 1865.6 161.9
0.7 0.3 -0.0623465817941 3796.8 2028.7 170.5
0.7 0.4 -0.091996988601 3497.9 2291.8 206.3
0.7 0.5 -0.155651338238 3058.3 2691.6 246.1
0.7 0.6 -0.229064897325 2453.3 3248.5 294.2
0.7 0.7 -0.385483325819 1707.7 3903.1 385.2
0.7 0.8 -0.529668536645 947.1 4577.3 471.6
0.7 0.9 -0.671708627278 412.4 5027.6 556.0
0.7 1.0 -0.805752145761 0.0 5382.6 609.8
0.8 0.0 -0.0882952598132 4196.8 1720.3 77.9
0.8 0.1 -0.102829469339 4110.7 1801.5 83.8
0.8 0.2 -0.115195550148 3983.8 1918.2 94.0
0.8 0.3 -0.113286880798 3794.6 2097.8 103.6
0.8 0.4 -0.167933583026 3565.6 2315.3 115.1
0.8 0.5 -0.19939471655 3149.4 2715.3 131.3
0.8 0.6 -0.306494189004 2544.0 3273.9 178.1
0.8 0.7 -0.411056363265 1756.1 4002.2 237.7
0.8 0.8 -0.554367423182 1035.7 4659.1 301.2
0.8 0.9 -0.728788038529 451.1 5202.6 342.3
0.8 1.0 -0.874550289379 0.0 5595.2 397.5
0.9 0.0 -0.140001901588 4196.6 1762.9 35.9
0.9 0.1 -0.147765258612 4110.4 1848.5 37.1
0.9 0.2 -0.152700548645 3986.2 1972.8 37.0
0.9 0.3 -0.176859570925 3813.9 2134.3 47.8
0.9 0.4 -0.214630605253 3574.3 2370.9 50.8
0.9 0.5 -0.258771354344 3213.0 2718.5 64.5
0.9 0.6 -0.349551710491 2599.4 3316.5 80.1
0.9 0.7 -0.442829605466 1864.5 4024.8 106.7
0.9 0.8 -0.654949511736 1084.7 4775.6 135.7
0.9 0.9 -0.785845495507 467.2 5366.8 162.0
0.9 1.0 -0.938097553071 0.0 5801.0 188.3
1.0 0.0 -0.176609105181 4196.4 1798.8 0.0
1.0 0.1 -0.186262866192 4105.5 1889.7 0.0
1.0 0.2 -0.203291190046 3995.6 2000.0 0.0
1.0 0.3 -0.222924739955 3827.0 2169.0 0.0
1.0 0.4 -0.253213501933 3582.5 2413.2 0.0
1.0 0.5 -0.295019984876 3191.6 2803.4 0.0
1.0 0.6 -0.391183294664 2677.6 3318.3 0.0
1.0 0.7 -0.520994545224 1895.7 4100.1 0.0
1.0 0.8 -0.679081489779 1139.4 4856.6 0.0
1.0 0.9 -0.849714550224 495.3 5500.2 0.0
1.0 1.0 -1.0 0.0 5991.3 0.0
