0.0 0.0 1.0 3596.8 0.0 2396.9
0.0 0.1 0.905991548238 3315.4 282.2 2396.8
0.0 0.2 0.798131246606 2986.7 610.7 2396.9
0.0 0.3 0.654164794184 2529.8 1069.0 2396.6
0.0 0.4 0.517472434418 2059.3 1537.7 2397.0
0.0 0.5 0.309411026461 1588.5 2010.3 2396.5
0.0 0.6 0.136499950007 1104.5 2493.7 2396.6
0.0 0.7 -0.053848483902 704.9 2893.7 2396.5
0.0 0.8 -0.214064041853 410.3 3187.3 2396.9
0.0 0.9 -0.309476333144 182.9 3414.5 2397.0
0.0 1.0 -0.428979980934 0.0 3596.5 2396.9
0.1 0.0 0.855658286987 3596.5 391.7 2007.3
0.1 0.1 0.784698985703 3356.0 601.4 2038.6
0.1 0.2 0.694539913635 3048.0 865.2 2082.8
0.1 0.3 0.571012253453 2656.2 1234.0 2105.8
0.1 0.4 0.490217582066 2222.4 1639.6 2134.0
0.1 0.5 0.255398481598 1645.7 2165.3 2185.0
0.1 0.6 0.142751893019 1186.7 2587.3 2222.0
0.1 0.7 -0.0840406500971 740.2 3015.2 2240.6
0.1 0.8 -0.228038984022 429.9 3306.3 2259.8
0.1 0.9 -0.327475963386 189.4 3538.3 2268.3
0.1 1.0 -0.445797660678 0.0 3715.3 2276.9
0.2 0.0 0.719566610543 3596.3 798.5 1600.5
0.2 0.1 0.653976013453 3397.5 976.6 1621.9
0.2 0.2 0.594832600936 3128.2 1176.5 1691.3
0.2 0.3 0.48498962173 2755.3 1474.7 1766.0
0.2 0.4 0.401767256722 2312.6 1829.5 1853.9
0.2 0.5 0.183159537468 1745.0 2325.2 1925.8
0.2 0.6 0.0477327072569 1237.7 2756.0 2002.3
0.2 0.7 -0.0806211841359 792.6 3149.0 2054.4
0.2 0.8 -0.258924419956 472.0 3440.6 2083.4
0.2 0.9 -0.372587080933 203.9 3669.7 2122.4
0.2 1.0 -0.475486573048 0.0 3854.5 2138.0
0.3 0.0 0.516221250559 3596.4 1215.7 1183.5
0.3 0.1 0.527602001861 3408.8 1307.7 1279.5
0.3 0.2 0.455630159099 3169.1 1491.6 1335.3
0.3 0.3 0.366026228512 2834.6 1754.3 1407.1
0.3 0.4 0.280941933755 2425.0 2072.9 1498.1
0.3 0.5 0.151264440228 1936.2 2467.1 1592.7
0.3 0.6 0.0323264347067 1389.8 2877.7 1728.5
0.3 0.7 -0.133790310193 884.7 3293.2 1818.1
0.3 0.8 -0.269743161607 512.6 3614.4 1869.0
0.3 0.9 -0.421570712116 211.0 3854.2 1930.8
0.3 1.0 -0.508431915429 0.0 4027.7 1965.8
0.4 0.0 0.344674349533 3596.7 1535.8 862.0
0.4 0.1 0.317594274 3437.9 1648.3 909.8
0.4 0.2 0.263458210709 3206.9 1803.6 985.5
0.4 0.3 0.243493874344 2959.9 2003.0 1033.1
0.4 0.4 0.169929338296 2485.3 2324.6 1186.1
0.4 0.5 0.0785584288677 2021.0 2690.0 1285.0
0.4 0.6 -0.0407661677559 1461.4 3113.0 1421.6
0.4 0.7 -0.183574525903 958.5 3491.2 1546.3
0.4 0.8 -0.334818219112 521.3 3832.7 1642.0
0.4 0.9 -0.447287165176 235.4 4064.5 1696.1
0.4 1.0 -0.548895491539 0.0 4243.7 1750.3
0.5 0.0 0.178312738688 3596.8 1810.6 587.8
0.5 0.1 0.187349539419 3456.5 1885.5 654.0
0.5 0.2 0.146189829851 3261.0 2040.7 694.3
0.5 0.3 0.139968611711 3008.2 2234.9 752.9
0.5 0.4 0.0850212892633 2662.8 2507.5 825.7
0.5 0.5 -0.00101466340349 2183.2 2877.5 935.3
0.5 0.6 -0.0998943858664 1593.6 3287.1 1115.3
0.5 0.7 -0.218260013254 1064.0 3711.3 1220.7
0.5 0.8 -0.371060670219 603.8 4058.7 1333.5
0.5 0.9 -0.497326235305 253.7 4312.9 1429.4
0.5 1.0 -0.608106294457 0.0 4508.4 1485.3
0.6 0.0 0.0872436018134 3596.7 1986.4 411.6
0.6 0.1 0.0432770499311 3476.9 2080.1 439.0
0.6 0.2 0.0722717546293 3291.3 2239.4 465.3
0.6 0.3 0.00949013184123 3058.5 2422.2 515.3
0.6 0.4 -0.0100624559156 2699.5 2700.3 596.2
0.6 0.5 -0.11157048623 2288.3 3028.9 678.8
0.6 0.6 -0.205270178901 1731.3 3491.5 773.2
0.6 0.7 -0.304234532925 1156.7 3924.5 914.8
0.6 0.8 -0.415561325701 663.6 4319.4 1013.0
0.6 0.9 -0.571615308482 289.7 4579.3 1127.0
0.6 1.0 -0.664861863113 0.0 4797.4 1197.6
0.7 0.0 -0.0236109374097 3596.9 2124.5 273.1
0.7 0.1 -0.0215088985543 3477.3 2237.0 281.7
0.7 0.2 -0.0487214326289 3319.7 2373.8 302.5
0.7 0.3 -0.0678157214936 3088.6 2571.9 335.5
0.7 0.4 -0.122573705323 2782.0 2836.1 377.9
0.7 0.5 -0.180669180236 2356.6 3199.6 439.8
0.7 0.6 -0.282007443191 1825.7 3647.0 523.3
0.7 0.7 -0.371721641702 1264.6 4106.8 624.6
0.7 0.8 -0.487450037193 730.3 4544.8 720.9
0.7 0.9 -0.634878769569 322.2 4882.6 791.2
0.7 1.0 -0.741429401511 0.0 5127.2 866.9
0.8 0.0 -0.108666852323 3596.6 2246.2 152.2
0.8 0.1 -0.136525923536 3480.5 2348.5 167.0
0.8 0.2 -0.130815926179 3335.7 2488.6 171.7
0.8 0.3 -0.165868211793 3135.0 2669.0 192.0
0.8 0.4 -0.216391159074 2862.5 2915.8 217.7
0.8 0.5 -0.266423834547 2464.8 3275.8 255.4
0.8 0.6 -0.360989569401 1918.9 3779.6 297.5
0.8 0.7 -0.448532015496 1359.8 4266.3 369.9
0.8 0.8 -0.590474227892 790.8 4765.3 439.9
0.8 0.9 -0.721930396467 346.9 5158.1 491.0
0.8 1.0 -0.825266362253 0.0 5436.0 557.3
0.9 0.0 -0.192971964797 3596.7 2331.4 66.8
0.9 0.1 -0.207539876643 3490.2 2436.9 68.9
0.9 0.2 -0.220136356954 3346.6 2569.0 80.4
0.9 0.3 -0.254057650765 3167.3 2743.8 84.9
0.9 0.4 -0.281108141779 2881.7 3012.0 102.3
0.9 0.5 -0.336413765171 2529.3 3362.9 103.8
0.9 0.6 -0.412593602898 1982.6 3875.4 138.0
0.9 0.7 -0.532195757346 1416.1 4409.3 170.6
0.9 0.8 -0.664020409198 868.9 4927.4 199.7
0.9 0.9 -0.795480763461 383.0 5385.3 227.7
0.9 1.0 -0.919884633873 0.0 5727.8 264.7
1.0 0.0 -0.25 3596.8 2396.6 0.0
1.0 0.1 -0.265112353624 3494.9 2501.1 0.0
1.0 0.2 -0.281059715842 3359.1 2636.8 0.0
1.0 0.3 -0.306175797843 3186.1 2809.8 0.0
1.0 0.4 -0.348173130972 2909.4 3086.1 0.0
1.0 0.5 -0.401753360608 2558.0 3437.8 0.0
1.0 0.6 -0.499 2068.6 3927.2 0.0
1.0 0.7 -0.616826210058 1487.1 4508.8 0.0
1.0 0.8 -0.735455861071 919.7 5076.0 0.0
1.0 0.9 -0.862690276483 411.7 5583.3 0.0
1.0 1.0 -1.0 0.0 5992.0 0.0
